Corr-Diag Corr-Full Corr-Swap Data Epoch Loss MMD-Full MMD-Swap Mean
0.23929384350776672 1.935167908668518 0.5707473754882812 train 0.0 0.27104516834020614 0.14036587435752154 0.11341517921537161 1.0701575774874073e-05
    0.0    
0.2993755042552948 1.5016870498657227 0.51790452003479 train 1.0 0.14949445284903048 0.07368357378989458 0.06865356598049402 8.886173418432008e-06
    1.0    
0.3342667520046234 1.228492259979248 0.4832276701927185 train 2.0 0.1359409575909376 0.06629082188010216 0.06396141538396477 7.317644758586539e-06
    2.0    
0.36537933349609375 1.0567132234573364 0.4504244029521942 train 3.0 0.13079915899783373 0.06365947101265192 0.06234037877991796 4.307619747123681e-06
    3.0    
0.39079931378364563 0.9474058151245117 0.42714908719062805 train 4.0 0.12726346347481013 0.06201364388689399 0.06111655430868268 4.5238166421768256e-06
    4.0    
0.4124270975589752 0.8860408663749695 0.40773916244506836 train 5.0 0.12509275875985623 0.061084868758916853 0.060378276333212855 4.472812634048751e-06
    5.0    
0.4305175542831421 0.8506457805633545 0.3995687663555145 train 6.0 0.12384634908288718 0.06060680001974106 0.06001115972176194 2.6896793769992655e-06
    6.0    
0.44371312856674194 0.8343040347099304 0.39407068490982056 train 7.0 0.12255785118788481 0.06007938884198666 0.05958418808877468 3.865139206027379e-06
    7.0    
0.4563227891921997 0.8354669809341431 0.3915378749370575 train 8.0 0.1218744994699955 0.059855006877332924 0.059401768296957015 1.8170711655329796e-06
    8.0    
0.46439507603645325 0.8305007815361023 0.3877035081386566 train 9.0 0.12109530784189701 0.05954512853175402 0.059169193040579555 1.9891153897333425e-06
    9.0    
0.47093644738197327 0.8358185887336731 0.3897521495819092 train 10.0 0.12044559556990862 0.05929312199354172 0.05896732674911618 2.2481840460386593e-06
    10.0    
0.4778706133365631 0.8408414721488953 0.3897493779659271 train 11.0 0.11998871166259051 0.059140430949628356 0.05883283304050565 3.2586024190095486e-06
    11.0    
0.4817768931388855 0.8497597575187683 0.3906789720058441 train 12.0 0.11943362414836883 0.05892153387889266 0.05863996639847755 3.3602889288886217e-06
    12.0    
0.48851802945137024 0.8576314449310303 0.39111247658729553 train 13.0 0.11899569410830736 0.058752008397132155 0.058497191984206436 2.2332285425363807e-06
    13.0    
0.49546825885772705 0.8631682395935059 0.3912024199962616 train 14.0 0.11862617220729589 0.05862437708303332 0.05836277928203344 1.343821054433647e-06
    14.0    
0.49768349528312683 0.865246593952179 0.3933062255382538 train 15.0 0.11848539650440217 0.05861279798671603 0.05832926595583558 2.3982861421245616e-06
    15.0    
0.5013852119445801 0.8636710047721863 0.3927977979183197 train 16.0 0.11843088611960412 0.05859568500891328 0.05837430741637945 2.1210960312600946e-06
    16.0    
0.5078206658363342 0.8693109154701233 0.3930791914463043 train 17.0 0.11812215849757195 0.05849019618704915 0.05824424684047699 3.1129184208111838e-06
    17.0    
0.5093434453010559 0.8742867112159729 0.3948168456554413 train 18.0 0.11814035758376122 0.058545027077198025 0.05827305005863309 1.8865808897317038e-06
    18.0    
0.5119264125823975 0.8758360147476196 0.3947557508945465 train 19.0 0.11787334710359573 0.05842518214136362 0.058183415457606316 2.277012981721782e-06
    19.0    
0.5151501893997192 0.8739041686058044 0.3941475450992584 train 20.0 0.11789858896285295 0.05842807475477457 0.05825672375038266 1.9125525341223693e-06
    20.0    
0.5188423991203308 0.8738894462585449 0.39290910959243774 train 21.0 0.11747080128639936 0.05825480354949832 0.05804779211059213 2.9109551178407855e-06
    21.0    
0.5218765139579773 0.8760384321212769 0.39290934801101685 train 22.0 0.11742817293852567 0.05824871346354485 0.058049468714743854 1.9889732811861904e-06
    22.0    
0.5221771597862244 0.8747206926345825 0.39269253611564636 train 23.0 0.11747624214738607 0.05829805171117187 0.05808528173714876 2.0763479824381648e-06
    23.0    
0.5250941514968872 0.874387264251709 0.39122840762138367 train 24.0 0.1174018805846572 0.05825514938682318 0.058084401432424784 2.4622584078315413e-06
    24.0    
0.5251244306564331 0.8754081130027771 0.3911595642566681 train 25.0 0.11715737495571375 0.058138184640556576 0.05798826470971107 2.635295459185727e-06
    25.0    
0.5265972018241882 0.874708354473114 0.39017045497894287 train 26.0 0.11718745544552803 0.058172354474663734 0.0580075553432107 2.2403128241421655e-06
    26.0    
0.5251855850219727 0.8748324513435364 0.3902897834777832 train 27.0 0.11692150812596083 0.05804344557225704 0.057894407510757445 3.3717494716256624e-06
    27.0    
0.5260492563247681 0.875838041305542 0.3895672559738159 train 28.0 0.11709150936454535 0.058151733595877886 0.05797634737566113 2.6675170374801382e-06
    28.0    
0.52642422914505 0.8754205107688904 0.3890889585018158 train 29.0 0.11725142560899257 0.058231743685901165 0.0580780060403049 2.728512981775566e-06
    29.0    
0.5270417928695679 0.8747720122337341 0.3885224163532257 train 30.0 0.11681376006454229 0.05800433583557606 0.057885119840502736 2.340299033676274e-06
    30.0    
0.5272131562232971 0.8778181672096252 0.3895617425441742 train 31.0 0.11705703981220722 0.05812800301238894 0.05801871785894036 2.544212065913598e-06
    31.0    
0.5274125933647156 0.8818731904029846 0.38960546255111694 train 32.0 0.11652283109724522 0.05787311986088753 0.05775740336626768 2.120566250596312e-06
    32.0    
0.5251116752624512 0.8803950548171997 0.38896334171295166 train 33.0 0.11687464144080878 0.05806316098198295 0.057929405104368926 2.5614560854592128e-06
    33.0    
0.5253089070320129 0.8754907250404358 0.38851508498191833 train 34.0 0.11666804440319538 0.05796776499599218 0.05783279486000538 2.5028555228345795e-06
    34.0    
0.5267844200134277 0.8775496482849121 0.3880347013473511 train 35.0 0.11656406883150339 0.057893732637166975 0.05781517054885626 2.0060886072315043e-06
    35.0    
0.5267269015312195 0.8750222325325012 0.38707152009010315 train 36.0 0.11632290344685316 0.05778546873480082 0.057696036268025636 2.9877382985432632e-06
    36.0    
0.5259742140769958 0.8819938898086548 0.3877620995044708 train 37.0 0.1165132799744606 0.057866428177803755 0.057815769035369155 2.3754507765261224e-06
    37.0    
0.5242130160331726 0.8802186250686646 0.38773036003112793 train 38.0 0.11647837623953819 0.05785472394898534 0.057798766661435366 2.495123908374808e-06
    38.0    
0.5244660973548889 0.8823464512825012 0.3882094621658325 train 39.0 0.11635787941515446 0.057796966545283796 0.05774451922625303 2.9033105874987086e-06
    39.0    
0.5231536626815796 0.8810014724731445 0.387705534696579 train 40.0 0.1167123505845666 0.05796959491446614 0.057933641448616985 1.8792967466652044e-06
    40.0    
0.5238532423973083 0.8823062181472778 0.38735175132751465 train 41.0 0.11649283222854137 0.05786251325160265 0.05782993126660586 1.03382649285777e-06
    41.0    
0.5221139192581177 0.8771526217460632 0.3861074447631836 train 42.0 0.11639812238514423 0.057788472920656205 0.05781770996749401 3.2065677260106895e-06
    42.0    
0.519868016242981 0.8780781626701355 0.38631609082221985 train 43.0 0.11651227686554194 0.05787240734323859 0.05785237429663539 1.801803250600642e-06
    43.0    
0.5224781036376953 0.8725021481513977 0.38484668731689453 train 44.0 0.11631374757736922 0.05777285723015666 0.05775883108377457 1.3073920399619965e-06
    44.0    
0.5211389064788818 0.8711570501327515 0.38400864601135254 train 45.0 0.1163250208646059 0.05779621969908476 0.05775272881612182 1.9532039914338384e-06
    45.0    
0.5186334848403931 0.8641707897186279 0.3835185766220093 train 46.0 0.11637586575001478 0.05781597999855876 0.05778960488736629 2.0099557787034428e-06
    46.0    
0.521172821521759 0.8651968836784363 0.38242989778518677 train 47.0 0.11589851051568985 0.057560530733317135 0.05757471121847629 2.1693251710530603e-06
    47.0    
0.5198553204536438 0.8649985194206238 0.3828451633453369 train 48.0 0.11611873988062144 0.05767958279699087 0.057680946066975596 2.0435427359188907e-06
    48.0    
0.5186656713485718 0.8599937558174133 0.3821978271007538 train 49.0 0.11598173521459103 0.05761071544140577 0.0576133980974555 2.832428435795009e-06
    49.0    
0.5178068280220032 0.8585713505744934 0.3808945119380951 train 50.0 0.11582157220691443 0.057523063216358424 0.05754909398034215 1.7496040527475998e-06
    50.0    
0.517615795135498 0.8580901026725769 0.3817610740661621 train 51.0 0.1162232294306159 0.05770025806501508 0.05777619132772088 2.2913682187208906e-06
    51.0    
0.5164352059364319 0.8522542119026184 0.37952861189842224 train 52.0 0.11642282351851463 0.057807909324765205 0.057867389731109144 1.6991489246720448e-06
    52.0    
0.5186131000518799 0.8502837419509888 0.37824296951293945 train 53.0 0.11621190588921308 0.05773016907274723 0.05773840762674808 2.7506691822054563e-06
    53.0    
0.5174172520637512 0.8487210273742676 0.378356009721756 train 54.0 0.11563600603491068 0.05742261774837971 0.05747906679287553 3.2669272513885517e-06
    54.0    
0.5157011151313782 0.8445841073989868 0.37729668617248535 train 55.0 0.11571929831057787 0.05742619063705206 0.05756150221452117 2.2534597974299686e-06
    55.0    
0.5161362886428833 0.8458646535873413 0.3775140941143036 train 56.0 0.11614826999604702 0.057679606713354585 0.05773725671693683 2.1894518340559443e-06
    56.0    
0.5162181854248047 0.8436862826347351 0.3770129680633545 train 57.0 0.11578808534890413 0.057503029964864255 0.05755679212510586 2.6390625862404704e-06
    57.0    
0.5174985527992249 0.8434427976608276 0.3766235113143921 train 58.0 0.11575150441378355 0.057465704157948494 0.05756144214421511 1.8302758917343454e-06
    58.0    
0.5152797102928162 0.8399428725242615 0.3763974606990814 train 59.0 0.11579094357788562 0.05748858895152807 0.05758369628340006 1.9532162696123123e-06
    59.0    
0.515562117099762 0.8359684348106384 0.3752947449684143 train 60.0 0.11568149361759424 0.05743221569806337 0.057529961466789244 2.517985876693274e-06
    60.0    
0.5165971517562866 0.8350211381912231 0.37495872378349304 train 61.0 0.11565162021666765 0.05744434392079711 0.05749167487025261 2.9160808026063023e-06
    61.0    
0.5143234729766846 0.8314034342765808 0.37475186586380005 train 62.0 0.11577461171895266 0.057486633285880086 0.05757838496938348 1.8035660787063534e-06
    62.0    
0.5160947442054749 0.8271085619926453 0.37299075722694397 train 63.0 0.11552157793194055 0.05737087713554501 0.057442074753344056 2.21352433982247e-06
    63.0    
0.5125419497489929 0.8278834819793701 0.37263911962509155 train 64.0 0.11577418621629476 0.05743747634813189 0.05762790640816093 1.8658491853784653e-06
    64.0    
0.5157296061515808 0.8268865942955017 0.3728196620941162 train 65.0 0.11573716022074222 0.05744721306487918 0.057581750843673944 1.7471738829044625e-06
    65.0    
0.5156645774841309 0.819757342338562 0.37167996168136597 train 66.0 0.11554981984198093 0.05737962761893869 0.0574677649885416 2.244710913146264e-06
    66.0    
0.5150715708732605 0.8158321976661682 0.3702249526977539 train 67.0 0.11586791768670082 0.05753335002809763 0.05763169731944799 2.480313469277462e-06
    67.0    
0.5153520703315735 0.814210057258606 0.36955726146698 train 68.0 0.11546105675399304 0.057307026740163566 0.05745820388197899 3.0929384138289606e-06
    68.0    
0.5153026580810547 0.8104075789451599 0.3689493238925934 train 69.0 0.11562684379518032 0.05739885829389095 0.05753143670037389 1.5612137076459476e-06
    69.0    
0.5150972604751587 0.8047746419906616 0.3676137328147888 train 70.0 0.11554424937814474 0.05736326724290848 0.057486634086817506 1.7482645944255637e-06
    70.0    
0.5157614946365356 0.8013606071472168 0.3668578863143921 train 71.0 0.11562841322273015 0.05741015955805778 0.05752560518682003 2.0959507764928276e-06
    71.0    
0.5155867338180542 0.8013665676116943 0.366064190864563 train 72.0 0.11556301325559616 0.05737925998866558 0.057493888400495054 1.9218664419895504e-06
    72.0    
0.5167094469070435 0.7953743934631348 0.3646884262561798 train 73.0 0.1153676513209939 0.0573061852529645 0.05737506899982691 2.010163143495447e-06
    73.0    
0.5174424648284912 0.789466381072998 0.36321884393692017 train 74.0 0.1154541228339076 0.0573323430120945 0.057433877009898424 2.198475158365909e-06
    74.0    
0.5156881809234619 0.7912218570709229 0.36374762654304504 train 75.0 0.11559475719928741 0.05736837750300765 0.05754293708130717 2.5794161047087982e-06
    75.0    
0.5157332420349121 0.7836127877235413 0.362026184797287 train 76.0 0.11534362126141787 0.05727150402963162 0.05738859187811613 1.5862869986449368e-06
    76.0    
0.5163812637329102 0.7829990983009338 0.3619786202907562 train 77.0 0.11565080236643553 0.05740734990686178 0.05756018202751875 1.6734055634515244e-06
    77.0    
0.5165830254554749 0.7806378602981567 0.36154183745384216 train 78.0 0.11525724459439517 0.05722499579191208 0.057357524242252114 2.3858328859205358e-06
    78.0    
0.5155786871910095 0.7767773270606995 0.3607168197631836 train 79.0 0.11560889847576618 0.05738277975469828 0.05755016164854169 1.731584120534535e-06
    79.0    
0.5168444514274597 0.7761542797088623 0.36002370715141296 train 80.0 0.11530168540775776 0.05721234807744622 0.057416598759591576 2.3903701276140055e-06
    80.0    
0.5150245428085327 0.7713413238525391 0.358438640832901 train 81.0 0.11548709120601415 0.05734664548188448 0.05746772302314639 3.048654207304935e-06
    81.0    
0.5163958668708801 0.7693405747413635 0.3588167130947113 train 82.0 0.11567379761487245 0.05740016832947731 0.05760254979133606 2.847017185558798e-06
    82.0    
0.5155457854270935 0.7687423825263977 0.35866397619247437 train 83.0 0.11553624227643013 0.05736910173669457 0.05749474612995982 1.4576755802409025e-06
    83.0    
0.5166745185852051 0.7617202401161194 0.35676753520965576 train 84.0 0.11574826288968325 0.05745018048211932 0.05762567864730954 2.112173888235702e-06
    84.0    
0.5161271691322327 0.7609076499938965 0.35636499524116516 train 85.0 0.11531430639326573 0.05723784303292632 0.057411014847457406 2.5361239295307314e-06
    85.0    
0.516264021396637 0.7593381404876709 0.35567185282707214 train 86.0 0.11547585662454367 0.05731369143351912 0.057496303711086515 2.942101446024026e-06
    86.0    
0.5151393413543701 0.7541260123252869 0.35437968373298645 train 87.0 0.1157495330274105 0.05744950246065855 0.0576342955045402 3.2861105410120217e-06
    87.0    
0.5166748762130737 0.75032639503479 0.3533807396888733 train 88.0 0.1152561891824007 0.057219609562307594 0.05737529091536999 3.5271229990030406e-06
    88.0    
0.5162944197654724 0.7469757795333862 0.35255399346351624 train 89.0 0.11548435799777508 0.0573000030964613 0.0575268098525703 2.11090559787408e-06
    89.0    
0.5172019600868225 0.7460995316505432 0.35238707065582275 train 90.0 0.1155394185334444 0.05735661186277866 0.057523856982588766 2.1261703295749612e-06
    90.0    
0.5175743699073792 0.7433030605316162 0.3517155051231384 train 91.0 0.11521687008440494 0.05719070734456182 0.05736944613978267 1.864780983851233e-06
    91.0    
0.5185233354568481 0.7424651384353638 0.35115715861320496 train 92.0 0.11488441571593284 0.05703907318413257 0.057194847837090494 1.7546416302138823e-06
    92.0    
0.5178005695343018 0.7376928925514221 0.34981536865234375 train 93.0 0.11559744637459517 0.05735937992110848 0.05758374756202102 2.02840669771831e-06
    93.0    
0.5182913541793823 0.7360915541648865 0.349598228931427 train 94.0 0.11536322019994259 0.0572387227229774 0.05747732751071453 1.7118163668783382e-06
    94.0    
0.518863320350647 0.7346155643463135 0.349114328622818 train 95.0 0.11520953495055437 0.05716465944424272 0.05739483313634992 2.9753703074675286e-06
    95.0    
0.5175046920776367 0.7313256859779358 0.34824177622795105 train 96.0 0.11564675137400628 0.05740444242954254 0.0575932814925909 1.0274576425217674e-06
    96.0    
0.5183319449424744 0.7290650606155396 0.3475736081600189 train 97.0 0.11515078216791153 0.05714426534250379 0.057360835187137124 2.4765872694842983e-06
    97.0    
0.5183597803115845 0.7258843779563904 0.3464401960372925 train 98.0 0.1153987242653966 0.05725549645721913 0.05749682812020183 3.056078639929183e-06
    98.0    
0.5179592370986938 0.7237343788146973 0.3458375334739685 train 99.0 0.1153268688172102 0.057242029178887606 0.05744262233376503 2.2208264454093296e-06
    99.0    
