Corr-Diag Corr-Full Corr-Swap Data Epoch Loss MMD-Full MMD-Swap Mean
0.20823286473751068 1.0354838371276855 0.6315816044807434 train 0.0 0.42001520171761514 0.20580099985003472 0.1973733826726675 2.3349837647401728e-05
    0.0    
0.3407743573188782 1.4587184190750122 0.5829941630363464 train 1.0 0.406605756431818 0.19998964004218578 0.1945352253317833 1.9572678866097704e-05
    1.0    
0.3905770182609558 1.2255253791809082 0.517652690410614 train 2.0 0.3950358346104622 0.19448333650827407 0.19179390244185923 1.7808808479458094e-05
    2.0    
0.40895509719848633 1.0901215076446533 0.47137612104415894 train 3.0 0.3909502401947975 0.19250936068594457 0.19125051856040953 1.1483450180094223e-05
    3.0    
0.41161292791366577 0.9853500723838806 0.44585394859313965 train 4.0 0.3885395288467407 0.19139881268143655 0.1907135723531246 1.1478660780994687e-05
    4.0    
0.4143567979335785 0.9035672545433044 0.4254699945449829 train 5.0 0.3875982935726643 0.1909291860461235 0.19070425309240818 8.113823241728824e-06
    5.0    
0.4123309254646301 0.859977662563324 0.4143587350845337 train 6.0 0.3865008200705051 0.1904193138331175 0.1904957699775696 6.435000614146702e-06
    6.0    
0.4146336317062378 0.8230932354927063 0.4064047634601593 train 7.0 0.3858081257343292 0.19006770566105843 0.19034277126193047 6.119067620602436e-06
    7.0    
0.4090443551540375 0.7923316955566406 0.4026614725589752 train 8.0 0.38536448642611504 0.18987339802086353 0.19026208184659482 4.929226179228863e-06
    8.0    
0.40186476707458496 0.7566023468971252 0.3863963186740875 train 9.0 0.3854878443479538 0.1899292427301407 0.19044398956000805 5.772908025392098e-06
    9.0    
0.3964183032512665 0.7322949171066284 0.3815508186817169 train 10.0 0.3853471577167511 0.18978855140507223 0.19057126984000206 4.502261617744807e-06
    10.0    
0.3893861174583435 0.7144643068313599 0.3846655488014221 train 11.0 0.3851203818619251 0.18966267086565494 0.1904832200706005 3.581100600058562e-06
    11.0    
0.3867488503456116 0.6975265741348267 0.38049694895744324 train 12.0 0.38439548581838606 0.18930318251252173 0.19023988999426364 3.988360276707681e-06
    12.0    
0.38227561116218567 0.6800222396850586 0.3792630732059479 train 13.0 0.38347004890441894 0.1888358623534441 0.18985833808779717 2.9893701594119193e-06
    13.0    
0.3799908459186554 0.6546444892883301 0.3773050010204315 train 14.0 0.3840015310049057 0.18908143557608129 0.19017159506678583 3.669328179967124e-06
    14.0    
0.37591513991355896 0.6453271508216858 0.37356922030448914 train 15.0 0.384170871078968 0.18909304231405258 0.19035548485815526 2.711720298975706e-06
    15.0    
0.36880773305892944 0.6347224712371826 0.37663406133651733 train 16.0 0.38378152310848235 0.18888847298920156 0.19021267741918563 2.5621936856623506e-06
    16.0    
0.37203875184059143 0.6329914927482605 0.3728821873664856 train 17.0 0.38374550759792325 0.1888260393589735 0.1902217999845743 2.1519385882129427e-06
    17.0    
0.36424127221107483 0.6195465922355652 0.3696054220199585 train 18.0 0.38358005091547964 0.18877862498164177 0.19015567533671857 2.0237700937286718e-06
    18.0    
0.3606874942779541 0.6109185218811035 0.3731563687324524 train 19.0 0.3835514099895954 0.1887266268581152 0.190212587043643 2.159795258194208e-06
    19.0    
0.3598102331161499 0.5965288877487183 0.37075749039649963 train 20.0 0.383857182264328 0.18885138630867004 0.1903841583430767 2.141023287549615e-06
    20.0    
0.35473132133483887 0.5927822589874268 0.374045729637146 train 21.0 0.3832369692623615 0.18854531355202198 0.19004134565591813 2.4095093067444395e-06
    21.0    
0.3531574010848999 0.5863829851150513 0.37153318524360657 train 22.0 0.38275854140520094 0.18828830622136594 0.1898767390847206 2.5760054995771497e-06
    22.0    
0.344076931476593 0.5756601095199585 0.36706680059432983 train 23.0 0.38311039909720424 0.18849553026258944 0.19004658229649066 1.6068572676886106e-06
    23.0    
0.3499373495578766 0.5753230452537537 0.3630419075489044 train 24.0 0.38318375036120417 0.1884876520931721 0.19013602465391158 1.9065207652602112e-06
    24.0    
0.33814552426338196 0.5587791800498962 0.36299577355384827 train 25.0 0.38319840654730797 0.1884782862663269 0.190138476267457 1.7882781548905768e-06
    25.0    
0.3422106206417084 0.5577396750450134 0.3655410706996918 train 26.0 0.3828968942165375 0.18832114793360233 0.19002571433782578 1.6349266616089153e-06
    26.0    
0.3344707787036896 0.5571097731590271 0.3630724549293518 train 27.0 0.38256109699606894 0.18811004154384137 0.18990070499479772 1.7572801880305633e-06
    27.0    
0.335684597492218 0.5524761080741882 0.36317113041877747 train 28.0 0.3829502913355827 0.18834249600768088 0.19008672229945658 1.6179239992197836e-06
    28.0    
0.33725982904434204 0.5423936247825623 0.3618012070655823 train 29.0 0.382663067728281 0.18817035622894765 0.18992996133863926 1.308202058680763e-06
    29.0    
0.3320760130882263 0.5418568849563599 0.3639523684978485 train 30.0 0.3825561173260212 0.18810675896704196 0.18991079479455947 1.4264948049458326e-06
    30.0    
0.3306976854801178 0.5395792126655579 0.3649284243583679 train 31.0 0.3829229998588562 0.18827346459031105 0.19011965416371823 1.3690511195818544e-06
    31.0    
0.3239051401615143 0.5392888188362122 0.36438170075416565 train 32.0 0.3828269937634468 0.18822751343250274 0.19005766518414022 1.9157732822350226e-06
    32.0    
0.3203703761100769 0.5253587961196899 0.36340439319610596 train 33.0 0.3835489010810852 0.18857121147215367 0.19042814292013646 1.5568948583677411e-06
    33.0    
0.3181094527244568 0.5251030921936035 0.3662482798099518 train 34.0 0.38238146021962166 0.18793920814990997 0.18991913817822934 1.7749033531799796e-06
    34.0    
0.3209112882614136 0.525016725063324 0.3678491711616516 train 35.0 0.3824324531853199 0.18798547193408013 0.18993796959519385 1.8081639154843288e-06
    35.0    
0.31610679626464844 0.5211261510848999 0.36440348625183105 train 36.0 0.3826605726778507 0.1881135880202055 0.1899696622043848 1.4434533568419283e-06
    36.0    
0.31375569105148315 0.5170798301696777 0.365644246339798 train 37.0 0.3825912663340569 0.188116422444582 0.18991682693362236 1.681383878349152e-06
    37.0    
0.31153404712677 0.51556396484375 0.36754053831100464 train 38.0 0.38220882311463356 0.1878947714716196 0.18977638691663742 1.1092425893366453e-06
    38.0    
0.3071404993534088 0.504783034324646 0.3678920269012451 train 39.0 0.3826225103437901 0.18807203724980354 0.18997738629579544 1.8185257886216277e-06
    39.0    
0.31473588943481445 0.506096601486206 0.3665640354156494 train 40.0 0.38193311527371404 0.187709159553051 0.18967730969190597 1.260391172763775e-06
    40.0    
0.3070884048938751 0.5039026737213135 0.3686530292034149 train 41.0 0.3820187759399414 0.18776363566517829 0.18974399082362653 1.2563771178975003e-06
    41.0    
0.30909714102745056 0.4986562430858612 0.3649958074092865 train 42.0 0.3822225885093212 0.18786533527076243 0.18984659716486932 1.2411392162903212e-06
    42.0    
0.30935293436050415 0.5059798359870911 0.36759766936302185 train 43.0 0.38209751933813096 0.1878100501000881 0.18977460488677025 1.0437553328301874e-06
    43.0    
0.30489814281463623 0.4833430051803589 0.3651312589645386 train 44.0 0.38283450454473494 0.18816999360918998 0.19014359652996063 1.3472891851051827e-06
    44.0    
0.30038487911224365 0.4886581003665924 0.3664097189903259 train 45.0 0.38254541769623757 0.18800695031881332 0.19000965878367423 1.4164048707243637e-06
    45.0    
0.30183160305023193 0.4829534590244293 0.36413145065307617 train 46.0 0.38303562715649603 0.1882225579023361 0.19031298391520976 1.0420351372886216e-06
    46.0    
0.30298835039138794 0.4817270338535309 0.36735889315605164 train 47.0 0.3820048555731773 0.1877721843868494 0.1897048758715391 1.1314531320749666e-06
    47.0    
0.2980170249938965 0.47257909178733826 0.36119428277015686 train 48.0 0.38218674778938294 0.1878289820253849 0.18983374416828155 1.0120053275386454e-06
    48.0    
0.29669445753097534 0.478365421295166 0.35951361060142517 train 49.0 0.3815638248622417 0.1875181908905506 0.18955515921115876 1.170872337752371e-06
    49.0    
0.2973049581050873 0.48302727937698364 0.36599862575531006 train 50.0 0.3819085790216923 0.18768296025693418 0.1897017702460289 1.0135322554560844e-06
    50.0    
0.29526615142822266 0.4783862233161926 0.3637416958808899 train 51.0 0.3819576133787632 0.1876952586323023 0.18975172743201255 1.0542571544647217e-06
    51.0    
0.2954721748828888 0.48346856236457825 0.3652362525463104 train 52.0 0.3819255393743515 0.18764968656003475 0.18974401138722896 1.4199557654137607e-06
    52.0    
0.290101557970047 0.4709094166755676 0.3667784631252289 train 53.0 0.38229021459817886 0.18783588387072087 0.18996845424175263 1.1733178553186008e-06
    53.0    
0.29330068826675415 0.4731760621070862 0.36256682872772217 train 54.0 0.381349785476923 0.18734589964151382 0.18950735203921795 1.1378183444321621e-06
    54.0    
0.29240018129348755 0.4683324694633484 0.3645678162574768 train 55.0 0.3822562818229198 0.18782522223889828 0.18991541557013988 1.3402450349531136e-06
    55.0    
0.2878930866718292 0.47349730134010315 0.3643603026866913 train 56.0 0.3817593491077423 0.187525090649724 0.18974293418228627 1.110233483814227e-06
    56.0    
0.2979584336280823 0.4658397436141968 0.3568990230560303 train 57.0 0.381545380204916 0.1874594458192587 0.1895872316509485 1.2862731182394782e-06
    57.0    
0.285214364528656 0.4745146334171295 0.36183327436447144 train 58.0 0.3823073832690716 0.18785698004066945 0.18992272183299064 9.08456684101111e-07
    58.0    
0.284533828496933 0.46465256810188293 0.3633781969547272 train 59.0 0.38174418345093725 0.187573359310627 0.18965595476329328 1.1246353324168012e-06
    59.0    
0.2802866995334625 0.45313623547554016 0.3578234910964966 train 60.0 0.3819426187872887 0.18767659679055215 0.18970364555716515 1.0079818366648396e-06
    60.0    
0.27984556555747986 0.4610444903373718 0.3573218882083893 train 61.0 0.3819839918613434 0.18767293855547906 0.18977052792906762 1.009257857731427e-06
    61.0    
0.2764780819416046 0.46231696009635925 0.3622908592224121 train 62.0 0.3820223613083363 0.18761358805000783 0.18987389266490937 8.513629836670589e-07
    62.0    
0.2811143398284912 0.4592163860797882 0.3577877879142761 train 63.0 0.38169184520840643 0.18750602811574935 0.18963466987013816 1.1442432423791615e-06
    63.0    
0.2746270000934601 0.45049411058425903 0.35950541496276855 train 64.0 0.38148717775940894 0.18738602973520757 0.18955033391714096 1.2683335626206826e-06
    64.0    
0.2803538739681244 0.4584386348724365 0.3601885735988617 train 65.0 0.3814819160103798 0.18738246761262417 0.18957041941583155 1.0789802900035284e-06
    65.0    
0.2754983603954315 0.4509041905403137 0.3604857921600342 train 66.0 0.3827936652302742 0.18800969757139682 0.1902147176116705 1.116789576371957e-06
    66.0    
0.2711489498615265 0.44564348459243774 0.3602414131164551 train 67.0 0.38183891266584397 0.18757801696658136 0.18970732465386392 8.980861139207263e-07
    67.0    
0.27261513471603394 0.45158788561820984 0.3619103729724884 train 68.0 0.3819376274943352 0.1876035675406456 0.18983240075409413 8.801545163805713e-07
    68.0    
0.2766719162464142 0.45281267166137695 0.35789868235588074 train 69.0 0.38130745381116865 0.18728579215705396 0.18946927338838576 1.0531023235671455e-06
    69.0    
0.2785590589046478 0.4519833028316498 0.35622555017471313 train 70.0 0.3812565779685974 0.1872694669663906 0.18946356788277627 9.172291584036429e-07
    70.0    
0.268474280834198 0.4465550184249878 0.3584407567977905 train 71.0 0.38155978232622145 0.18746604464948177 0.18953562937676907 1.0170166433454142e-06
    71.0    
0.26938387751579285 0.4351927936077118 0.3591606020927429 train 72.0 0.3817979909479618 0.18754696689546108 0.18965478047728537 9.434449452783156e-07
    72.0    
0.26932039856910706 0.4385415315628052 0.35167431831359863 train 73.0 0.3816662122309208 0.1874805548787117 0.1896287488937378 1.1032890370188397e-06
    73.0    
0.2667829096317291 0.4361807107925415 0.35907629132270813 train 74.0 0.38179915487766264 0.18754041157662868 0.1896680387854576 1.0347444003855344e-06
    74.0    
0.2604299485683441 0.43537476658821106 0.355159193277359 train 75.0 0.38218136683106424 0.18768066123127938 0.1898868077993393 1.028740143738105e-06
    75.0    
0.26546168327331543 0.4410440921783447 0.3518219590187073 train 76.0 0.3818447718024254 0.1875578324496746 0.1897246987372637 1.1915177537957788e-06
    76.0    
0.25881800055503845 0.43101227283477783 0.35210534930229187 train 77.0 0.38146264135837554 0.18737883172929287 0.18951513297855854 1.4151555660646409e-06
    77.0    
0.2613002359867096 0.4326499402523041 0.35352015495300293 train 78.0 0.38184021666646006 0.18752931237220763 0.18974725946784018 1.0276173725287663e-06
    78.0    
0.25990086793899536 0.43909499049186707 0.3582089841365814 train 79.0 0.38194325417280195 0.18759929828345775 0.18976904816925524 1.1948800420213956e-06
    79.0    
0.26210498809814453 0.4305395483970642 0.35629281401634216 train 80.0 0.3819807568192482 0.1876034854352474 0.18981121100485324 9.509147957942332e-07
    80.0    
0.26166972517967224 0.43571826815605164 0.35212504863739014 train 81.0 0.3819687330722809 0.18759148068726061 0.18974223665893078 1.1568903346415027e-06
    81.0    
0.2555628716945648 0.427876740694046 0.355711430311203 train 82.0 0.3810617409646511 0.1871379814296961 0.18935424499213696 1.3164220717953867e-06
    82.0    
0.26477503776550293 0.4474372863769531 0.3558579981327057 train 83.0 0.38129042103886607 0.18725840635597707 0.18951156310737133 1.195924937746895e-06
    83.0    
0.25580012798309326 0.4207683801651001 0.3515380024909973 train 84.0 0.3814679257571697 0.18734338447451593 0.1895530191808939 1.0449338105900097e-06
    84.0    
0.24811924993991852 0.42106831073760986 0.3553313612937927 train 85.0 0.3816917659342289 0.1874146794527769 0.1896448654681444 1.3857796830052393e-06
    85.0    
0.2590855360031128 0.4351143538951874 0.35368213057518005 train 86.0 0.3821490323543549 0.18765774346888064 0.18987308226525784 1.224927814291732e-06
    86.0    
0.25148653984069824 0.42522725462913513 0.3484020233154297 train 87.0 0.3812904593348503 0.1872143440693617 0.18951241597533225 1.291696094085637e-06
    87.0    
0.254801481962204 0.4336594045162201 0.34940987825393677 train 88.0 0.3819338874518871 0.18755470238626004 0.1897644644230604 1.3241136684882804e-06
    88.0    
0.2498418688774109 0.41799113154411316 0.34855636954307556 train 89.0 0.3817466475069523 0.18745991744101048 0.18967679016292094 1.1665449619613355e-06
    89.0    
0.25378352403640747 0.4258863627910614 0.3499774634838104 train 90.0 0.3810249142348766 0.18710284918546677 0.18934265710413456 1.2657726529141655e-06
    90.0    
0.2528679370880127 0.41520264744758606 0.35038837790489197 train 91.0 0.38176357090473173 0.1875516401231289 0.18960788436233997 1.1855461252707755e-06
    91.0    
0.2493436336517334 0.42076271772384644 0.3533923327922821 train 92.0 0.38085577860474584 0.1870150350034237 0.1892866302281618 1.0138227253264631e-06
    92.0    
0.24908487498760223 0.4179235100746155 0.34805771708488464 train 93.0 0.38146413847804067 0.18733702950179576 0.1895761252194643 1.3243719649835839e-06
    93.0    
0.2512534260749817 0.41526705026626587 0.3487352132797241 train 94.0 0.3807612207531929 0.18700160399079324 0.18921116910874844 1.4467563005382544e-06
    94.0    
0.2477780282497406 0.4214250445365906 0.349357545375824 train 95.0 0.3813746759295464 0.18728876076638698 0.18956520445644856 1.0144278803636553e-06
    95.0    
0.2549976408481598 0.4167366325855255 0.3463887572288513 train 96.0 0.38116520568728446 0.18719848968088626 0.1894040521234274 1.0234987257717876e-06
    96.0    
0.25010043382644653 0.42136815190315247 0.3502994179725647 train 97.0 0.38102726340293885 0.18710751637816428 0.18933054856956005 9.826326277107e-07
    97.0    
0.2564360201358795 0.4138493537902832 0.34547343850135803 train 98.0 0.3811624543368816 0.18718685932457446 0.18942685604095458 1.3374834679780179e-06
    98.0    
0.24486036598682404 0.4155937731266022 0.3488820195198059 train 99.0 0.3811598099768162 0.1871514330804348 0.18949623830616474 1.1775451866924413e-06
    99.0    
