Corr-Diag Corr-Full Corr-Swap Data Epoch Loss MMD-Full MMD-Swap Mean
0.22642725706100464 1.7111073732376099 0.5774783492088318 train 0.0 0.2661460231244564 0.1371962745115161 0.11143953442573547 5.4079890105640516e-05
    0.0    
0.29865455627441406 1.3264120817184448 0.5201172232627869 train 1.0 0.1483439003676176 0.07280527472496033 0.06825475513935089 2.8609714718186297e-05
    1.0    
0.3370477259159088 1.1309690475463867 0.4818400740623474 train 2.0 0.13485111720860005 0.06559433102607727 0.06360246118158103 2.5863981136353686e-05
    2.0    
0.3687269389629364 0.9978849291801453 0.45221084356307983 train 3.0 0.1300431104749441 0.06329393941909074 0.061926993783563374 2.2752607037546113e-05
    3.0    
0.3932066261768341 0.9067005515098572 0.42542678117752075 train 4.0 0.12714007765054702 0.06200691279023886 0.06092936776578426 1.9671526388265193e-05
    4.0    
0.41572073101997375 0.8392577171325684 0.40345022082328796 train 5.0 0.12545543406158685 0.06131300831213594 0.060443959571421145 1.6291332940454595e-05
    5.0    
0.43522295355796814 0.7930161356925964 0.38904011249542236 train 6.0 0.12393826082348823 0.06072131488472223 0.05993840230628848 1.5133331544348039e-05
    6.0    
0.4485449194908142 0.7702937126159668 0.37753957509994507 train 7.0 0.12294382899999619 0.060359184592962266 0.05966096939519048 1.581249489390757e-05
    7.0    
0.46079638600349426 0.7631118297576904 0.3698921799659729 train 8.0 0.12202467828989029 0.06000876890495419 0.05937994334846735 1.3252344615466427e-05
    8.0    
0.4681529998779297 0.7676939368247986 0.371198832988739 train 9.0 0.12119213052093983 0.0596913119032979 0.05910041593015194 1.2487859748944174e-05
    9.0    
0.4751068353652954 0.7746599316596985 0.3691137433052063 train 10.0 0.1204983176663518 0.05945102659985423 0.05883833767846227 1.092081129172584e-05
    10.0    
0.4831172823905945 0.7990123629570007 0.3745397925376892 train 11.0 0.11997152354568243 0.05928026350215077 0.058637795969843864 9.0726925918716e-06
    11.0    
0.48920905590057373 0.8309502005577087 0.38292375206947327 train 12.0 0.11976722851395608 0.05921607853844762 0.05863079834729433 9.62905050982954e-06
    12.0    
0.49431994557380676 0.8497762084007263 0.3865026831626892 train 13.0 0.1194446850195527 0.05912435995414853 0.058512553069740535 9.0579696916393e-06
    13.0    
0.49768173694610596 0.8754872679710388 0.39452987909317017 train 14.0 0.1193290252611041 0.059110003262758254 0.058502309061586856 7.519215614593122e-06
    14.0    
0.5034535527229309 0.893536388874054 0.39890313148498535 train 15.0 0.11909931126981974 0.05902148241177201 0.05844136355444789 8.973988769866992e-06
    15.0    
0.5062116384506226 0.9104498028755188 0.4027795195579529 train 16.0 0.11871482491493225 0.05884288553148508 0.058310866635292766 6.8322101469675545e-06
    16.0    
0.5107164978981018 0.9227319955825806 0.40663060545921326 train 17.0 0.11855037551373243 0.05878932664170861 0.05825759807601571 8.176511073543224e-06
    17.0    
0.5126943588256836 0.9352284073829651 0.40966564416885376 train 18.0 0.11868847794830799 0.05890027305111289 0.05833687288686633 7.107762939995155e-06
    18.0    
0.5139023065567017 0.9474407434463501 0.41375887393951416 train 19.0 0.1186870338395238 0.05889793615788221 0.058387534767389296 7.807392648828682e-06
    19.0    
0.5164284706115723 0.9550501108169556 0.41557958722114563 train 20.0 0.11851455874741078 0.05884558409452438 0.05831207606941462 7.2801567512215115e-06
    20.0    
0.5176841020584106 0.966346263885498 0.41923439502716064 train 21.0 0.1181442715972662 0.05867723347619176 0.05815007608383894 6.9444308792299125e-06
    21.0    
0.5194200873374939 0.9700454473495483 0.4196556806564331 train 22.0 0.11836720190942288 0.0588088951818645 0.05827478284016251 6.848215889476705e-06
    22.0    
0.5193027257919312 0.9784961938858032 0.4219597578048706 train 23.0 0.1181184995174408 0.058664962574839594 0.05820648331195116 6.155104983918136e-06
    23.0    
0.5216711759567261 0.9791783690452576 0.42275068163871765 train 24.0 0.1178389047831297 0.05855778811499476 0.058064344823360446 5.1554197852965444e-06
    24.0    
0.5201541185379028 0.9855706691741943 0.42452272772789 train 25.0 0.11786656759679318 0.0585928170196712 0.058083663247525695 6.725915682181949e-06
    25.0    
0.5222339630126953 0.9939389228820801 0.42604392766952515 train 26.0 0.11758237112313509 0.05842291293665767 0.057995003685355186 5.468712970468914e-06
    26.0    
0.5215590596199036 0.9978389739990234 0.4273863434791565 train 27.0 0.11781888004392385 0.058581024948507546 0.05809539901092649 5.891904038435314e-06
    27.0    
0.521565854549408 0.9968347549438477 0.42749544978141785 train 28.0 0.11779015935957432 0.05856887392699719 0.05810268890112638 5.635958586935885e-06
    28.0    
0.5224229097366333 1.0036712884902954 0.4286130964756012 train 29.0 0.11751020897179842 0.058422087673097846 0.05798738431185484 4.935321157972794e-06
    29.0    
0.5213109850883484 1.0110746622085571 0.42990708351135254 train 30.0 0.11760638043284416 0.058455839734524485 0.05806938758119941 6.071957159292651e-06
    30.0    
0.5222434401512146 1.0113459825515747 0.42975524067878723 train 31.0 0.11759393163025379 0.058467808850109576 0.05806125190109015 5.41599092684919e-06
    31.0    
0.521793782711029 1.0105667114257812 0.43058398365974426 train 32.0 0.11725125294178725 0.05830593712627888 0.05789678798988462 5.275483545119641e-06
    32.0    
0.5218493938446045 1.0221099853515625 0.4327666759490967 train 33.0 0.11712869703769684 0.05823312034830451 0.05786474836990237 5.492463515111012e-06
    33.0    
0.5225459337234497 1.0222582817077637 0.4328100383281708 train 34.0 0.11732840456068516 0.05835317235440016 0.05795411497354507 6.474871952377725e-06
    34.0    
0.5208699703216553 1.0214184522628784 0.4322526752948761 train 35.0 0.11691727999597788 0.05813561331480741 0.057775476407259704 4.439402346179122e-06
    35.0    
0.5211095213890076 1.0188627243041992 0.4317438006401062 train 36.0 0.11717449206858874 0.05826894903555512 0.05791208207607269 4.793284006154863e-06
    36.0    
0.519925594329834 1.0201425552368164 0.43185046315193176 train 37.0 0.11700653236359358 0.05817994678393006 0.05784506419673562 7.044392532407073e-06
    37.0    
0.5191795825958252 1.0255810022354126 0.4331410825252533 train 38.0 0.11702927000820637 0.05820310877636075 0.05785288387909532 3.815094260062324e-06
    38.0    
0.5178034901618958 1.025294303894043 0.43268126249313354 train 39.0 0.11698295596987009 0.05817232022061944 0.057845386918634174 3.967900738643948e-06
    39.0    
0.517754852771759 1.023522973060608 0.4327934980392456 train 40.0 0.11693906113505363 0.05814767207950353 0.057837036065757276 4.475355581234908e-06
    40.0    
0.5188758373260498 1.025475263595581 0.43327856063842773 train 41.0 0.11653544954955578 0.05795133225619793 0.05763756832107902 4.66905157736619e-06
    41.0    
0.516007125377655 1.0235434770584106 0.43237268924713135 train 42.0 0.1167060162499547 0.05804340343922377 0.05772612920030951 3.228379910069634e-06
    42.0    
0.516207754611969 1.023324728012085 0.4319228529930115 train 43.0 0.11671933770179749 0.05803863449022174 0.05775056529790163 4.036675818497315e-06
    43.0    
0.5155349969863892 1.0199142694473267 0.4310172200202942 train 44.0 0.11662825126200914 0.05799806643277407 0.05770914113149047 4.209864982840372e-06
    44.0    
0.5150479674339294 1.0178643465042114 0.43039825558662415 train 45.0 0.11675610095262527 0.05805935233831406 0.05778158461675048 3.7748475278931437e-06
    45.0    
0.5152841806411743 1.019031286239624 0.4304731488227844 train 46.0 0.11634350631386042 0.05784030372276902 0.05759758146479726 4.091816208529053e-06
    46.0    
0.5151908993721008 1.0145224332809448 0.4294622242450714 train 47.0 0.11624182596802711 0.05783302525058389 0.05750931361690163 3.104319375779596e-06
    47.0    
0.5144702792167664 1.0115844011306763 0.428851455450058 train 48.0 0.11677363280206919 0.058067030496895315 0.05781122241169214 3.175577830916154e-06
    48.0    
0.5149381756782532 1.011965036392212 0.42861542105674744 train 49.0 0.11634818855673075 0.057847950737923384 0.05761694110929966 3.40134511134238e-06
    49.0    
0.5137149691581726 1.007496953010559 0.42725861072540283 train 50.0 0.11655314669013023 0.057958212401717904 0.05771339805796742 3.183476792401052e-06
    50.0    
0.5150772333145142 1.0052812099456787 0.4266987442970276 train 51.0 0.11633431356400252 0.05786805246025324 0.05759000021964312 2.801867594826035e-06
    51.0    
0.5149068832397461 1.0025033950805664 0.42606082558631897 train 52.0 0.1161508109793067 0.05776553846895695 0.05751844119280577 3.350556653458625e-06
    52.0    
0.5113038420677185 0.9968230128288269 0.42352309823036194 train 53.0 0.11654551174491644 0.05793911162763834 0.05774195389822125 3.8107573345769197e-06
    53.0    
0.5119401812553406 0.9949545860290527 0.42287760972976685 train 54.0 0.1164439981803298 0.05788282809779048 0.05769965166226029 3.464586143309134e-06
    54.0    
0.5142079591751099 0.9934077262878418 0.42266443371772766 train 55.0 0.11616742037236691 0.057755336053669455 0.05755865503102541 4.372796865936834e-06
    55.0    
0.5128266215324402 0.988355278968811 0.4206567108631134 train 56.0 0.115940869897604 0.05765568312257528 0.057439382504671815 3.0898233944753883e-06
    56.0    
0.5116216540336609 0.9788964986801147 0.41875189542770386 train 57.0 0.11626815494149924 0.05782451834529638 0.057600457910448315 2.615565335872816e-06
    57.0    
0.512424647808075 0.9754719734191895 0.41738900542259216 train 58.0 0.11596787560731173 0.057671817652881145 0.05745839450508356 3.1707518246548716e-06
    58.0    
0.5112005472183228 0.9738292694091797 0.4169241189956665 train 59.0 0.11626166779547929 0.05780131477862596 0.057625286653637885 3.2969544463412603e-06
    59.0    
0.5127012133598328 0.9677684903144836 0.4149600565433502 train 60.0 0.11628506805747747 0.05781723851338029 0.05763404665514827 3.4730953757389216e-06
    60.0    
0.5129876136779785 0.9623066186904907 0.4133335053920746 train 61.0 0.11615123476833106 0.05775845032185316 0.057567257061600687 3.3290841656707926e-06
    61.0    
0.5104620456695557 0.9615114331245422 0.4128499925136566 train 62.0 0.11608012072741986 0.05769838185980916 0.05756206495687365 3.1416154797625495e-06
    62.0    
0.511572003364563 0.9511970281600952 0.4096837043762207 train 63.0 0.11619785442948341 0.057784866243600845 0.05759398961439729 3.904662207787624e-06
    63.0    
0.5123239755630493 0.9465072751045227 0.40867161750793457 train 64.0 0.11606408134102822 0.05770713038742542 0.05754527462646365 1.7233207927347394e-06
    64.0    
0.5134924650192261 0.9429649114608765 0.40787366032600403 train 65.0 0.11589053694158792 0.05760625969618559 0.057479173839092255 5.0379553613311145e-06
    65.0    
0.5130460262298584 0.9384013414382935 0.4067785143852234 train 66.0 0.11608711354434491 0.05770170155912638 0.05758290812373161 3.3490393889223924e-06
    66.0    
0.5144415497779846 0.9344719648361206 0.40523219108581543 train 67.0 0.1158384558185935 0.05755142994225025 0.05749204346910119 3.198618742317194e-06
    67.0    
0.5157691240310669 0.9306221008300781 0.4040740728378296 train 68.0 0.11563172698020935 0.05750021394342184 0.057339274529367684 4.2953174670401495e-06
    68.0    
0.5148336887359619 0.9240749478340149 0.4019102454185486 train 69.0 0.11599705658853054 0.057657984476536514 0.05754912905395031 3.0979606435721507e-06
    69.0    
0.5148171186447144 0.9203085899353027 0.400616854429245 train 70.0 0.11575784482061863 0.057545832451432945 0.057429348900914196 2.71440012511448e-06
    70.0    
0.5159441828727722 0.9145976305007935 0.3993227779865265 train 71.0 0.11586539324373007 0.05759115561842918 0.05749352710321545 2.81779830402229e-06
    71.0    
0.5154253840446472 0.9062287211418152 0.3970910906791687 train 72.0 0.11587269011884928 0.05762062205001712 0.057474997844547036 2.679679482753272e-06
    72.0    
0.5156112909317017 0.9008914828300476 0.3953090012073517 train 73.0 0.11608618263155222 0.05771585004404187 0.05759581724181771 3.1889665024209535e-06
    73.0    
0.5147513747215271 0.8955157995223999 0.39378270506858826 train 74.0 0.11585573565214873 0.05757529409602284 0.05750696191564202 3.728144974957104e-06
    74.0    
0.5169531106948853 0.8934757709503174 0.3932982385158539 train 75.0 0.11549471158534289 0.05739752240478992 0.05733252625912428 3.258940068917582e-06
    75.0    
0.5156338214874268 0.88400799036026 0.39053452014923096 train 76.0 0.1158172358572483 0.05758502211421728 0.057467864844948056 2.9886900847486686e-06
    76.0    
0.5173825025558472 0.879713237285614 0.3888794183731079 train 77.0 0.11583782587200403 0.05756928112357855 0.057506655510514974 2.128035930581973e-06
    77.0    
0.5170194506645203 0.8731126189231873 0.3872774839401245 train 78.0 0.11570211935788394 0.057533116992563006 0.05741276597604156 2.839382887032116e-06
    78.0    
0.5188873410224915 0.8687007427215576 0.38545501232147217 train 79.0 0.11576613541692496 0.05756639314815402 0.057447610329836606 3.1225245038513094e-06
    79.0    
0.5162481665611267 0.8636683821678162 0.38401320576667786 train 80.0 0.11570801090449095 0.057504901364445686 0.05745524486526847 2.7982785013591638e-06
    80.0    
0.5184317827224731 0.8557459712028503 0.3815889060497284 train 81.0 0.11563699137419463 0.057469243090599774 0.05742486011236906 3.4929489629575983e-06
    81.0    
0.518563985824585 0.8497703075408936 0.3803509771823883 train 82.0 0.11564289204776287 0.057478749956935644 0.057424601428210736 2.4296841729665175e-06
    82.0    
0.5206332802772522 0.845027506351471 0.37913236021995544 train 83.0 0.11541056536138057 0.057375856824219224 0.057296720799058676 3.0154292289807927e-06
    83.0    
0.5210170149803162 0.8392561674118042 0.3773225247859955 train 84.0 0.11543973717838525 0.057362980879843234 0.05734720584005117 2.998462832692894e-06
    84.0    
0.520340085029602 0.8360220789909363 0.37595126032829285 train 85.0 0.11559614241123199 0.057467359211295845 0.057401110976934434 3.531996526362491e-06
    85.0    
0.5210745334625244 0.8252117037773132 0.3734481930732727 train 86.0 0.11560324110090732 0.057474335078150036 0.05740266045555473 3.2792588626762154e-06
    86.0    
0.5215157270431519 0.8216252326965332 0.37199297547340393 train 87.0 0.11559706028550863 0.05746056918054819 0.057411742229014635 3.103583139818511e-06
    87.0    
0.5219876170158386 0.8158476948738098 0.3698275685310364 train 88.0 0.11540485076606273 0.057368687260895966 0.0573180347494781 4.078669462614926e-06
    88.0    
0.5225523114204407 0.8100931644439697 0.3680158853530884 train 89.0 0.11549340814352035 0.057412581834942106 0.057368293255567554 2.7340872748027323e-06
    89.0    
0.5231707692146301 0.8036279082298279 0.36650350689888 train 90.0 0.11536054749041796 0.057314599510282276 0.05733728643506766 2.367753722865018e-06
    90.0    
0.5237667560577393 0.7990183234214783 0.36494383215904236 train 91.0 0.11557123359292745 0.05745989186689258 0.057403456773608925 2.628352604006068e-06
    91.0    
0.5256804823875427 0.7893714308738708 0.3620525300502777 train 92.0 0.11546841867268086 0.05738783311098814 0.057371929362416266 2.867295279429527e-06
    92.0    
0.5264219641685486 0.7854959964752197 0.3606990873813629 train 93.0 0.11577639516443014 0.057535206824541094 0.05754069838672876 2.85946612166299e-06
    93.0    
0.5244389176368713 0.7828028202056885 0.35964760184288025 train 94.0 0.11579386677592993 0.05754132941365242 0.057552152276039124 3.385519903531531e-06
    94.0    
0.526075541973114 0.7777559757232666 0.3578219413757324 train 95.0 0.11533068899065256 0.057326716277748345 0.05730523630976677 2.924843101936858e-06
    95.0    
0.5267963409423828 0.769366979598999 0.35556694865226746 train 96.0 0.11536079317331314 0.05731898533180356 0.05734860185533762 2.453640036037541e-06
    96.0    
0.5282936096191406 0.7646327614784241 0.35389527678489685 train 97.0 0.11530579708516597 0.05730526376515627 0.057312412410974505 2.8395133995218202e-06
    97.0    
0.5279690623283386 0.760372519493103 0.35229387879371643 train 98.0 0.11538761712610722 0.057333754133433106 0.057365923915058376 3.6700203054351732e-06
    98.0    
0.5296929478645325 0.7540528178215027 0.3503061830997467 train 99.0 0.11510397963225842 0.05719749240204692 0.0572267803363502 2.29843431043264e-06
    99.0    
