Corr-Diag Corr-Full Corr-Swap Data Epoch Loss MMD-Full MMD-Swap Mean
0.6371695399284363 0.4703032374382019 0.2532961070537567 train 0.0 0.39771170817315576 0.07014280330389738 0.06582353046163916 2.3352949938271195e-06
    0.0    
0.6495373845100403 0.3293682336807251 0.1732112318277359 train 1.0 0.16204373888671397 0.05882028434425592 0.05831936785951257 1.0955011020996608e-05
    1.0    
0.6569095253944397 0.2277306318283081 0.12200314551591873 train 2.0 0.1463295242935419 0.058022904638201 0.05784310838207603 1.528472603240516e-05
    2.0    
0.6608846783638 0.17720875144004822 0.09716526418924332 train 3.0 0.1416800181567669 0.057822253685444594 0.05775450872257352 1.5146698387979995e-05
    3.0    
0.6628703474998474 0.1517564356327057 0.08537431806325912 train 4.0 0.1390804822742939 0.05761051090434194 0.05761280305683613 9.723315997689497e-06
    4.0    
0.6635609865188599 0.13523615896701813 0.07661068439483643 train 5.0 0.13728943079710007 0.05738662384450435 0.05750826977193355 7.546095730504021e-06
    5.0    
0.6633807420730591 0.12184666097164154 0.07004983723163605 train 6.0 0.13626450300216675 0.05748271806165576 0.057644245475530625 6.725681487296242e-06
    6.0    
0.663407027721405 0.1143152266740799 0.06606649607419968 train 7.0 0.1355235083401203 0.05730758460238576 0.05748443039134145 6.293291789916111e-06
    7.0    
0.6657871007919312 0.10992583632469177 0.06374749541282654 train 8.0 0.13439613319933413 0.05716957898810506 0.057353484742343426 4.6148779802024364e-06
    8.0    
0.6633027791976929 0.10458198934793472 0.06143933907151222 train 9.0 0.13414142847061158 0.0572607921436429 0.05747040756046772 2.346582505197148e-06
    9.0    
0.6648003458976746 0.09993899613618851 0.059765901416540146 train 10.0 0.13373756930232047 0.05722563173621893 0.05745441613718867 3.2329487567039905e-06
    10.0    
0.6646976470947266 0.09742237627506256 0.05877060815691948 train 11.0 0.13299064464867116 0.05704932264983654 0.05728300636634231 4.396044005261501e-06
    11.0    
0.6648528575897217 0.09446772933006287 0.05659124255180359 train 12.0 0.13275417633354664 0.057108237966895105 0.0573784352466464 3.973376351495972e-06
    12.0    
0.6654990315437317 0.09121981263160706 0.05536923184990883 train 13.0 0.13246215552091598 0.05703360667452216 0.05730875484645367 2.841853074642131e-06
    13.0    
0.665026068687439 0.08929433673620224 0.05431916564702988 train 14.0 0.13253903038799764 0.05707813523709774 0.057345706429332496 3.6237815947970375e-06
    14.0    
0.6654104590415955 0.08700186014175415 0.053651973605155945 train 15.0 0.13223232984542846 0.05705299949273467 0.057351935748010875 2.2158274077810347e-06
    15.0    
0.6653659343719482 0.08516549319028854 0.05263520032167435 train 16.0 0.13176330827176572 0.056959789115935563 0.05724156247451902 2.9314853691175813e-06
    16.0    
0.6658989191055298 0.08285066485404968 0.0516432523727417 train 17.0 0.13177487961947917 0.057050865944474935 0.057344395965337754 1.9588705981732346e-06
    17.0    
0.6653111577033997 0.08326508104801178 0.051946867257356644 train 18.0 0.1318466504663229 0.05703843127936125 0.05734340758994222 2.4314667825819924e-06
    18.0    
0.6658077239990234 0.08292072266340256 0.05212724953889847 train 19.0 0.13195701546967029 0.057058023028075694 0.057362758368253705 2.0538261651381617e-06
    19.0    
0.6672599911689758 0.08277331292629242 0.05151482671499252 train 20.0 0.1312651315331459 0.056898163836449384 0.05721284668892622 1.9569520190998446e-06
    20.0    
0.6652443408966064 0.07902111858129501 0.050404082983732224 train 21.0 0.1315590738505125 0.05694720653817058 0.05726109990850091 2.7833473268401576e-06
    21.0    
0.6654149889945984 0.07924631983041763 0.04979409649968147 train 22.0 0.13168916016817092 0.05710907049477101 0.05742716528475285 1.5573156133541488e-06
    22.0    
0.6660521626472473 0.07844486087560654 0.049965329468250275 train 23.0 0.1310954724252224 0.056936352383345365 0.05726813640445471 8.846267860462831e-07
    23.0    
0.6661279797554016 0.07699260115623474 0.04935089498758316 train 24.0 0.13101925939321518 0.056973644960671664 0.05728320024907589 1.2650310736717074e-06
    24.0    
0.6665157079696655 0.07517918199300766 0.04806901142001152 train 25.0 0.13109660465270281 0.05701014600694179 0.05734658466652036 1.9514880023052683e-06
    25.0    
0.6662241220474243 0.07652458548545837 0.04806918278336525 train 26.0 0.13097935367375613 0.05701174782589078 0.05734758712351322 1.996869059439632e-06
    26.0    
0.6658506989479065 0.07455389946699142 0.04781787842512131 train 27.0 0.13089240938425065 0.05697533752769232 0.057344261277467015 1.0289865031154477e-06
    27.0    
0.6651351451873779 0.07390696555376053 0.04782577604055405 train 28.0 0.13041173439472914 0.05679891705513 0.05713174281641841 1.1395252386137145e-06
    28.0    
0.6657031774520874 0.07492007315158844 0.04805909842252731 train 29.0 0.13094668418169023 0.057050073258578776 0.05739356657490134 8.178949428838678e-07
    29.0    
0.6659640669822693 0.07276728004217148 0.04771202430129051 train 30.0 0.13053967885673046 0.056900258641690016 0.057237164452672004 9.376793173032638e-07
    30.0    
0.666584849357605 0.07326510548591614 0.04789668321609497 train 31.0 0.13040297400206327 0.056955044623464346 0.05733582763001323 9.319844025412749e-07
    31.0    
0.6668254733085632 0.07258319854736328 0.047262854874134064 train 32.0 0.13081187717616558 0.05701122540980577 0.05736039489507675 4.142232228332432e-07
    32.0    
0.6664690375328064 0.07216448336839676 0.04852848872542381 train 33.0 0.13038026861846447 0.05691435143351555 0.05725829133763909 6.831521091044124e-07
    33.0    
0.6664301156997681 0.07063371688127518 0.0460517443716526 train 34.0 0.13024632260203362 0.056937484424561265 0.05728588115423918 6.916931738487619e-07
    34.0    
0.6669274568557739 0.07116924971342087 0.046775877475738525 train 35.0 0.13012295443564653 0.05690160596743226 0.05727717468515039 8.373546620532579e-07
    35.0    
0.6654494404792786 0.0698562040925026 0.04613836854696274 train 36.0 0.13067232750356197 0.0570521267876029 0.05741378732025623 5.859982934453001e-07
    36.0    
0.6658042073249817 0.06898438185453415 0.045831821858882904 train 37.0 0.13039945125579833 0.0569849911890924 0.05730813346803188 7.189643724814232e-07
    37.0    
0.6667004227638245 0.06936861574649811 0.045679811388254166 train 38.0 0.13030899606645108 0.0569525483623147 0.05736474577337503 5.774670057689946e-07
    38.0    
0.6662774682044983 0.06788640469312668 0.045130375772714615 train 39.0 0.13024599712342025 0.05693625463172793 0.057305493708699945 3.7665444097001455e-07
    39.0    
0.665445864200592 0.06874308735132217 0.04553272947669029 train 40.0 0.13019008599221707 0.056920848600566384 0.057275669742375614 5.096204631627188e-07
    40.0    
0.6660876274108887 0.07053089886903763 0.0460912249982357 train 41.0 0.12991938278079032 0.056880834568291905 0.05723777154460549 8.502503305862774e-07
    41.0    
0.6662198305130005 0.06694583594799042 0.04408470168709755 train 42.0 0.13015703607350587 0.05689227357506752 0.05720257284119725 1.1293672059764504e-06
    42.0    
0.6660860180854797 0.06662590801715851 0.044236429035663605 train 43.0 0.12962770365178586 0.056790411658585074 0.057143891174346206 6.843417850177502e-07
    43.0    
0.6666216850280762 0.06493006646633148 0.043550021946430206 train 44.0 0.1295776056498289 0.05681267695501447 0.05717700308188796 6.916354777786182e-07
    44.0    
0.6662010550498962 0.06745027005672455 0.04507823660969734 train 45.0 0.1297300658375025 0.05692199708893895 0.05728788496926427 4.336988865816238e-07
    45.0    
0.6666116118431091 0.06772463023662567 0.044687043875455856 train 46.0 0.12984694484621287 0.05687308508902788 0.057242623288184406 3.744639514025039e-07
    46.0    
0.6666133999824524 0.06589888781309128 0.044327523559331894 train 47.0 0.12998052459210158 0.056915688570588825 0.057275019492954014 5.264097922008659e-07
    47.0    
0.6657412052154541 0.06565368920564651 0.04502074420452118 train 48.0 0.12991185147315265 0.05697756135836243 0.05732354834675789 3.046364440706384e-07
    48.0    
0.6670576333999634 0.0642009750008583 0.04448197782039642 train 49.0 0.1298424419760704 0.05691460633650422 0.05726847844198346 6.814896096329903e-07
    49.0    
