Corr-Diag Corr-Full Corr-Swap Data Epoch Loss MMD-Full MMD-Swap Mean
0.17597649991512299 1.9167348146438599 0.6120649576187134 train 0.0 0.2617229905724525 0.1444315369427204 0.11584874354302883 4.681972131947987e-05
    0.0    
0.2370162010192871 1.5131821632385254 0.5652685165405273 train 1.0 0.14991040259599686 0.07750945419073105 0.07195298090577125 3.4538115869509056e-05
    1.0    
0.2644428610801697 1.3700019121170044 0.5443699359893799 train 2.0 0.1314829958975315 0.06653124287724495 0.0646798512339592 2.8116972316638567e-05
    2.0    
0.27385953068733215 1.3168450593948364 0.5281475186347961 train 3.0 0.12690853249281644 0.06398497017100453 0.0626926619373262 2.3583945221616887e-05
    3.0    
0.27712568640708923 1.2632372379302979 0.5212453603744507 train 4.0 0.12431540451943875 0.06260458197444678 0.06150178287178278 2.111736648657825e-05
    4.0    
0.27687951922416687 1.238084077835083 0.5154042840003967 train 5.0 0.12284385241568088 0.06176741987466812 0.060882282927632335 2.0575365851982497e-05
    5.0    
0.27437347173690796 1.212609052658081 0.511502742767334 train 6.0 0.12171519860625267 0.061136273965239525 0.060396765749901535 1.8375469153397717e-05
    6.0    
0.27442827820777893 1.1757166385650635 0.5071616172790527 train 7.0 0.12068824358284473 0.06061348082497716 0.05990271080285311 1.723447348922491e-05
    7.0    
0.2711060345172882 1.1470147371292114 0.5026808381080627 train 8.0 0.12007777795195579 0.060274353716522455 0.059639637656509877 1.659968802414369e-05
    8.0    
0.2691112160682678 1.124302864074707 0.49984779953956604 train 9.0 0.11936157330870628 0.059916056990623474 0.059288553204387424 1.676661122473888e-05
    9.0    
0.26536568999290466 1.1060410737991333 0.49230051040649414 train 10.0 0.1190953253209591 0.059748393688350915 0.0591965595073998 1.4862687748973258e-05
    10.0    
0.2639424800872803 1.0827343463897705 0.4918668270111084 train 11.0 0.11836304612457753 0.05937643012031913 0.05884229695424437 1.573108966113068e-05
    11.0    
0.2567805349826813 1.0648047924041748 0.4871896803379059 train 12.0 0.11859585061669349 0.05950331656262278 0.05895307548344135 1.4539661606249865e-05
    12.0    
0.2563916742801666 1.0577224493026733 0.4861069917678833 train 13.0 0.1180690086632967 0.059241890870034696 0.058691662847995756 1.3878083336749114e-05
    13.0    
0.25228819251060486 1.0399214029312134 0.48420900106430054 train 14.0 0.11780828084796667 0.05907448625192046 0.0586023629643023 1.3764419236395042e-05
    14.0    
0.2518390119075775 1.0334134101867676 0.4797113239765167 train 15.0 0.11783780742436648 0.05908717645332217 0.058622097559273244 1.1595734576985706e-05
    15.0    
0.25142237544059753 1.0240429639816284 0.480757474899292 train 16.0 0.11781198777258396 0.059094405230134726 0.058591353986412284 1.230358611792326e-05
    16.0    
0.2520241439342499 1.0215222835540771 0.4801298975944519 train 17.0 0.11780671801418066 0.05907960196956992 0.05860326403751969 1.0824611308635212e-05
    17.0    
0.24984733760356903 1.0172572135925293 0.47697940468788147 train 18.0 0.11774665873497725 0.059037859216332436 0.05858737509697676 1.2229496860527433e-05
    18.0    
0.2493312507867813 1.020146131515503 0.47593215107917786 train 19.0 0.11775504849851132 0.05905996005982161 0.058575556203722956 1.0171190297114663e-05
    19.0    
0.25022006034851074 1.0167860984802246 0.47284409403800964 train 20.0 0.11757408313453198 0.058970346227288244 0.05848637217655778 1.0011499398387969e-05
    20.0    
0.24836468696594238 1.0222162008285522 0.47408822178840637 train 21.0 0.1175675955042243 0.05893383851274848 0.0585184158757329 7.94030256656697e-06
    21.0    
0.24736300110816956 1.0161885023117065 0.4729628562927246 train 22.0 0.1179209254682064 0.05912878517061472 0.05867825897410512 7.483021818188718e-06
    22.0    
0.24655504524707794 1.017303705215454 0.47098419070243835 train 23.0 0.11770244348794222 0.0589861287176609 0.05860436458140612 9.239286555384751e-06
    23.0    
0.2451728880405426 1.0308163166046143 0.4726400673389435 train 24.0 0.11755798909813166 0.05890939695760608 0.0585383665189147 8.250355676864274e-06
    24.0    
0.24521934986114502 1.0419394969940186 0.46765196323394775 train 25.0 0.11737159784883261 0.05883068021386862 0.05843230064958334 8.175845323421527e-06
    25.0    
0.24810585379600525 1.0654901266098022 0.47031792998313904 train 26.0 0.11732384383678436 0.05878630062565207 0.058430589511990545 8.076053745753597e-06
    26.0    
0.24525602161884308 1.081660509109497 0.4659968316555023 train 27.0 0.11723915737122298 0.058766434453427795 0.05836758254095912 6.6146894823759794e-06
    27.0    
0.244401752948761 1.1063443422317505 0.4638814330101013 train 28.0 0.11704891458153725 0.058640740364789966 0.05830479213967919 6.226283858268289e-06
    28.0    
0.2480875551700592 1.1383179426193237 0.466674268245697 train 29.0 0.1172039606422186 0.05875021643936634 0.05835179714486003 5.470031283039134e-06
    29.0    
0.24662774801254272 1.1677124500274658 0.46471548080444336 train 30.0 0.11706290271133185 0.05864596970379352 0.058316630963236096 5.337355560186552e-06
    30.0    
0.24881510436534882 1.2115757465362549 0.46429160237312317 train 31.0 0.11706122413277625 0.058655700199306014 0.058306373450905086 4.882228040514747e-06
    31.0    
0.24589678645133972 1.2445008754730225 0.4652945101261139 train 32.0 0.11714308444410562 0.0587120689637959 0.058333195392042396 6.497057711385423e-06
    32.0    
0.24890513718128204 1.287829875946045 0.4673544764518738 train 33.0 0.11684511780738831 0.05856568111106753 0.05818319791927934 4.7737444219819736e-06
    33.0    
0.24524429440498352 1.3293076753616333 0.46671825647354126 train 34.0 0.11696160145103932 0.0585998467169702 0.05826701194047928 5.281031917547807e-06
    34.0    
0.24727797508239746 1.3794093132019043 0.4700000584125519 train 35.0 0.11668447893112897 0.05846527444198728 0.05812575705349445 4.435310984263197e-06
    35.0    
0.24589218199253082 1.42649245262146 0.4701479375362396 train 36.0 0.11694375213235617 0.058577487878501415 0.05827384624630213 3.1048734854266513e-06
    36.0    
0.24624894559383392 1.4695028066635132 0.471345990896225 train 37.0 0.11707710068672895 0.058640559632331134 0.05834514668211341 2.925458147728932e-06
    37.0    
0.24379830062389374 1.5248267650604248 0.47410133481025696 train 38.0 0.11675959672778845 0.058481235783547164 0.05818823538720608 3.613168473748374e-06
    38.0    
0.24492838978767395 1.5748398303985596 0.477704256772995 train 39.0 0.11677647538483144 0.0584939699806273 0.05819343501701951 3.996563009422971e-06
    39.0    
0.24258992075920105 1.6170823574066162 0.4747588038444519 train 40.0 0.11683161862194538 0.058524119891226294 0.05821928983554244 3.995167844550451e-06
    40.0    
0.24360062181949615 1.6525884866714478 0.4784795939922333 train 41.0 0.11669667579233646 0.058437740337103604 0.05817177433520555 5.331588909029961e-06
    41.0    
0.24100686609745026 1.6888564825057983 0.4786068797111511 train 42.0 0.11677069816738367 0.05849215481430292 0.05819174079224467 2.6129314392164815e-06
    42.0    
0.24142667651176453 1.7410441637039185 0.48201361298561096 train 43.0 0.11660290434956551 0.05838923797011376 0.058128156159073116 2.644292862896691e-06
    43.0    
0.23941759765148163 1.7931233644485474 0.48456841707229614 train 44.0 0.11666950095444918 0.05842536749318242 0.058159452825784684 2.9872248887841124e-06
    44.0    
0.2388755828142166 1.8170419931411743 0.48426756262779236 train 45.0 0.11656721264123916 0.058368722088634965 0.05811418533325195 4.579863798426231e-06
    45.0    
0.23771905899047852 1.8665844202041626 0.48466727137565613 train 46.0 0.11672421507537364 0.058436522409319874 0.05820400338619947 3.7843935842829524e-06
    46.0    
0.23432128131389618 1.8916014432907104 0.4834277629852295 train 47.0 0.11662126127630472 0.05840402230620384 0.058134392872452735 3.44528530149546e-06
    47.0    
0.23281143605709076 1.9255433082580566 0.48332563042640686 train 48.0 0.11658889263868331 0.0583719334565103 0.058134431187063455 3.479198539935169e-06
    48.0    
0.2323833554983139 1.975234866142273 0.4901829659938812 train 49.0 0.11660458464175463 0.058348035234957935 0.05817461669445038 2.7327787393005565e-06
    49.0    
0.23229026794433594 1.9995803833007812 0.488724946975708 train 50.0 0.11653616715222598 0.0583433136343956 0.0581112259067595 2.7131209208164364e-06
    50.0    
0.23074546456336975 2.040196657180786 0.48938506841659546 train 51.0 0.11643316145986318 0.05828860217705369 0.058063547480851414 3.944188392779324e-06
    51.0    
0.22907418012619019 2.056584119796753 0.48807793855667114 train 52.0 0.11645120568573475 0.05829452637583017 0.05807616122066975 5.094308562547667e-06
    52.0    
0.22750914096832275 2.0862231254577637 0.4909075200557709 train 53.0 0.11643718402832746 0.058267684336751696 0.05808961620554328 2.3532224986411165e-06
    53.0    
0.22574040293693542 2.1103179454803467 0.48837730288505554 train 54.0 0.11629474490880966 0.05819665219634771 0.05801842434331775 3.5565456073527457e-06
    54.0    
0.22339552640914917 2.141418933868408 0.4882192313671112 train 55.0 0.11631381448358297 0.05821928396821022 0.0580153215304017 2.845527660610969e-06
    55.0    
0.22228671610355377 2.15842342376709 0.48950374126434326 train 56.0 0.11635225657373667 0.05820652589201927 0.05806649653241038 3.562188112482545e-06
    56.0    
0.2211134135723114 2.1732072830200195 0.48717400431632996 train 57.0 0.11646606538444758 0.05829111369326711 0.058095827139914034 3.5905002278013853e-06
    57.0    
0.2217153012752533 2.1835925579071045 0.4878835380077362 train 58.0 0.1160456320643425 0.058069804590195416 0.05789755489677191 3.8196176319615915e-06
    58.0    
0.22094710171222687 2.2090537548065186 0.4877954125404358 train 59.0 0.11621185623109341 0.05814164130017161 0.05799185181036592 3.910391569661442e-06
    59.0    
0.2205553501844406 2.213456392288208 0.48850372433662415 train 60.0 0.11612629141658544 0.05811737805604935 0.05793080296367407 3.221038923584274e-06
    60.0    
0.21883083879947662 2.223086357116699 0.4870321750640869 train 61.0 0.1159748824313283 0.05804303212091327 0.05785446802154184 2.9002519568166463e-06
    61.0    
0.21660906076431274 2.2367162704467773 0.48357003927230835 train 62.0 0.11611015070229769 0.05809257341548801 0.05793991087004542 2.8921826924488414e-06
    62.0    
0.21371936798095703 2.246312141418457 0.4867405593395233 train 63.0 0.11603760786354542 0.058066373132169245 0.057893807087093595 3.81629251933191e-06
    63.0    
0.21424546837806702 2.2620949745178223 0.4850660562515259 train 64.0 0.11600822348147631 0.058044530246406795 0.05788632513955236 3.1400134048453765e-06
    64.0    
0.2123706191778183 2.2675528526306152 0.48117542266845703 train 65.0 0.1163782237097621 0.05821048963814974 0.05809049999341369 2.770092351056519e-06
    65.0    
0.21122580766677856 2.2824673652648926 0.48367998003959656 train 66.0 0.11610972832888365 0.058086909614503385 0.0579457444883883 4.522114977589808e-06
    66.0    
0.21007229387760162 2.28079891204834 0.4843897819519043 train 67.0 0.11617858048528433 0.05811494048684836 0.057986742816865444 3.7919392070762115e-06
    67.0    
0.20886355638504028 2.2714407444000244 0.48136502504348755 train 68.0 0.11582800082862377 0.05795396754518151 0.057797346413135525 3.2141554129339056e-06
    68.0    
0.20783023536205292 2.2741708755493164 0.47717535495758057 train 69.0 0.11597288183867932 0.05800481103360653 0.05789172267541289 2.137252295142389e-06
    69.0    
0.2076820433139801 2.2753000259399414 0.47879093885421753 train 70.0 0.11582033608108759 0.0579058438912034 0.057838379293680194 2.8661870601354167e-06
    70.0    
0.20756520330905914 2.2775092124938965 0.4841288924217224 train 71.0 0.11598917249590159 0.0580140995234251 0.05789910115301609 2.859694404833135e-06
    71.0    
0.20429304242134094 2.2717320919036865 0.47807633876800537 train 72.0 0.11603058572858573 0.058033197913318874 0.05792119545862079 4.303708919906057e-06
    72.0    
0.20688022673130035 2.273113250732422 0.48108166456222534 train 73.0 0.11589503679424525 0.057953592538833615 0.057865445874631403 4.013004399894271e-06
    73.0    
0.20476339757442474 2.2624242305755615 0.48057830333709717 train 74.0 0.1160597126185894 0.05802406148985028 0.057959875576198104 4.582691417454043e-06
    74.0    
0.2045559585094452 2.2546615600585938 0.4770497977733612 train 75.0 0.11576926529407501 0.0578741536475718 0.05781945399940014 2.6559446268947795e-06
    75.0    
0.20421843230724335 2.251023054122925 0.47567760944366455 train 76.0 0.11585246246308088 0.05792909257113934 0.05784801714122295 2.5263664156227605e-06
    76.0    
0.205224871635437 2.2369484901428223 0.4766692817211151 train 77.0 0.11568630922585726 0.05782938385382295 0.05778205322101712 3.0837193207844393e-06
    77.0    
0.20330476760864258 2.2187607288360596 0.47604605555534363 train 78.0 0.11583016611635685 0.05791059911251068 0.05784437656402588 4.3584132072282955e-06
    78.0    
0.202666237950325 2.2094264030456543 0.4743193984031677 train 79.0 0.11593169141560793 0.05796657351776958 0.05788982348516583 4.09852464144933e-06
    79.0    
0.20344772934913635 2.192535161972046 0.47842392325401306 train 80.0 0.11573104552924633 0.05783646719530225 0.05781979201361537 2.9781353987345938e-06
    80.0    
0.20472651720046997 2.183915853500366 0.4762694537639618 train 81.0 0.11557690851390362 0.05776327922940254 0.05773892864584923 2.422538045721012e-06
    81.0    
0.20508573949337006 2.1657309532165527 0.47601282596588135 train 82.0 0.11565572895109653 0.05780314665287733 0.05777821423485875 2.358818846914801e-06
    82.0    
0.2016455978155136 2.1564552783966064 0.4750048518180847 train 83.0 0.11563481129705906 0.05779258526861668 0.05776782885193825 3.869850388582563e-06
    83.0    
0.20192968845367432 2.130720376968384 0.4714353084564209 train 84.0 0.11577244985848666 0.057890064604580405 0.05780779644846916 2.5803442440519575e-06
    84.0    
0.2033933699131012 2.120459794998169 0.47477784752845764 train 85.0 0.11558217659592629 0.05776423424482346 0.05774402858689427 3.881085376633564e-06
    85.0    
0.2028391808271408 2.1152150630950928 0.4767932593822479 train 86.0 0.11570717301219702 0.05782020239159465 0.05781318437308073 2.901341304095695e-06
    86.0    
0.20236928761005402 2.090717315673828 0.47278597950935364 train 87.0 0.11568731185048818 0.05781502243131399 0.05779855161905289 2.3069678718457e-06
    87.0    
0.20314745604991913 2.0803749561309814 0.47606217861175537 train 88.0 0.11556294169276952 0.057748752497136596 0.05774049056693911 2.1880841813981533e-06
    88.0    
0.20347175002098083 2.0638043880462646 0.47046688199043274 train 89.0 0.11544032353907824 0.05766479251906276 0.057702272571623324 2.843265292540309e-06
    89.0    
0.20135913789272308 2.0558907985687256 0.47023844718933105 train 90.0 0.1154721998423338 0.05768972670659423 0.057709435168653726 3.1968163511919556e-06
    90.0    
0.20036101341247559 2.0453543663024902 0.4704801142215729 train 91.0 0.11572187207639217 0.05781828857958317 0.057830111347138884 3.20980757351208e-06
    91.0    
0.20276615023612976 2.0486557483673096 0.4760465919971466 train 92.0 0.11528343457728624 0.057610349226742984 0.05759983640164137 3.4937170312332455e-06
    92.0    
0.20194964110851288 2.0314548015594482 0.46992310881614685 train 93.0 0.11528790507465601 0.05759322380647063 0.05762185135856271 3.1516058243141742e-06
    93.0    
0.20016101002693176 2.024747610092163 0.4691363275051117 train 94.0 0.11529064483940601 0.057580499034374955 0.057637581583112475 2.886263018808677e-06
    94.0    
0.19890867173671722 2.0209827423095703 0.46678709983825684 train 95.0 0.11547485321760177 0.057699799835681916 0.05770236786454916 2.5275928692281013e-06
    95.0    
0.20188933610916138 2.011584758758545 0.47235023975372314 train 96.0 0.1155445684120059 0.057706835977733136 0.05776522221043706 4.78405900139478e-06
    96.0    
0.2007366418838501 2.0069780349731445 0.4682486653327942 train 97.0 0.11536994937807321 0.057625070847570896 0.057672415710985664 3.915286924893735e-06
    97.0    
0.19918066263198853 2.002300977706909 0.4694729149341583 train 98.0 0.1155366574972868 0.05771482013165951 0.05774917973205447 1.9377353055460844e-06
    98.0    
0.19956886768341064 1.9991940259933472 0.4688142240047455 train 99.0 0.11547135394066572 0.057644326332956554 0.05775446947664022 2.7593819140747655e-06
    99.0    
