Corr-Diag Corr-Full Corr-Swap Data Epoch Loss MMD-Full MMD-Swap Mean
0.2094431072473526 1.248184084892273 0.6521270871162415 train 0.0 0.39842583119869235 0.1982274243235588 0.18919457837939263 3.7596393667627126e-05
    0.0    
0.23687399923801422 1.0447206497192383 0.5890349745750427 train 1.0 0.36623957723379136 0.1807565476000309 0.18072218507528304 2.5712608476169407e-05
    1.0    
0.24807633459568024 0.9759151935577393 0.5670582056045532 train 2.0 0.36215981617569926 0.17854815803468227 0.17981843672692777 2.008636511163786e-05
    2.0    
0.24592489004135132 0.9392564296722412 0.5547472834587097 train 3.0 0.361712938696146 0.17835261434316635 0.17985816434025764 1.6894204236450605e-05
    3.0    
0.23996450006961823 0.8996953368186951 0.5468675494194031 train 4.0 0.3603960745036602 0.17757708750665188 0.1794806405901909 1.6125810361700132e-05
    4.0    
0.24284513294696808 0.9098990559577942 0.5481934547424316 train 5.0 0.3596133196353912 0.17710029393434523 0.17932753391563894 1.3421240510069765e-05
    5.0    
0.24407416582107544 0.9092018604278564 0.543212890625 train 6.0 0.3601339001953602 0.17729474999010564 0.1797036696970463 1.2759314813592937e-05
    6.0    
0.24315184354782104 0.9180211424827576 0.5420512557029724 train 7.0 0.3593793088197708 0.17693261615931988 0.17934855818748474 1.3581925486505497e-05
    7.0    
0.24002684652805328 0.9040845632553101 0.5396495461463928 train 8.0 0.3585813646018505 0.17651514418423175 0.17902234375476836 1.1353294212312903e-05
    8.0    
0.24016791582107544 0.9050958156585693 0.5392650365829468 train 9.0 0.358427696377039 0.176517091691494 0.17890256233513355 1.0088420822285116e-05
    9.0    
0.2380591779947281 0.9013188481330872 0.5346511602401733 train 10.0 0.35823933348059656 0.17645167656242847 0.1787797136604786 1.0228465725958813e-05
    10.0    
0.2346530258655548 0.9102848768234253 0.5350466370582581 train 11.0 0.35739989191293714 0.17601581618189813 0.17843041002750396 1.0936222679447383e-05
    11.0    
0.22628217935562134 0.9065597653388977 0.5365452766418457 train 12.0 0.35825469449162484 0.17642115242779255 0.17885474912822247 9.771884833753575e-06
    12.0    
0.2260822206735611 0.8907200694084167 0.5299319624900818 train 13.0 0.35790288642048834 0.1762696063518524 0.17863035306334496 1.0227209713775665e-05
    13.0    
0.22252687811851501 0.9091558456420898 0.5296332836151123 train 14.0 0.3577734304964542 0.17617323331534862 0.17860419042408465 1.0022747119364794e-05
    14.0    
0.22334738075733185 0.9145570993423462 0.5301544070243835 train 15.0 0.3572123582661152 0.17589732579886913 0.17833967991173266 1.0166663741983939e-05
    15.0    
0.21747103333473206 0.9217618703842163 0.5324528813362122 train 16.0 0.3567465853691101 0.17558110520243644 0.17817962624132633 8.030964636418503e-06
    16.0    
0.21614040434360504 0.9259195327758789 0.5339064598083496 train 17.0 0.35710661053657533 0.17573969289660454 0.17839365229010581 8.135478310578037e-06
    17.0    
0.20940512418746948 0.9339218139648438 0.5344532132148743 train 18.0 0.35703468084335327 0.17572329498827458 0.17827581137418747 8.180370059562847e-06
    18.0    
0.21181949973106384 0.9352086782455444 0.5288607478141785 train 19.0 0.3561580143868923 0.17529599636793136 0.17785733722150326 7.119473593775183e-06
    19.0    
0.21029824018478394 0.9425051212310791 0.5245896577835083 train 20.0 0.3567892897129059 0.1755983018130064 0.17824851743876935 7.320265467569698e-06
    20.0    
0.20840711891651154 0.9599131941795349 0.5324543714523315 train 21.0 0.35590066879987714 0.1752149750292301 0.17772213451564312 6.749926342308754e-06
    21.0    
0.20902670919895172 0.956414520740509 0.5320674777030945 train 22.0 0.3561866185069084 0.17526998080313205 0.1779450126737356 6.0377833506208844e-06
    22.0    
0.2033398598432541 0.9677705764770508 0.5234096646308899 train 23.0 0.35741487085819246 0.17583853200078012 0.17854256592690945 5.90977970205131e-06
    23.0    
0.20166882872581482 0.9862445592880249 0.5174829959869385 train 24.0 0.35699400380253793 0.1756552889943123 0.17831160955131053 7.5663569987227675e-06
    24.0    
0.20802035927772522 0.98326575756073 0.525865375995636 train 25.0 0.35613526284694674 0.17519112303853035 0.17792974457144736 5.8148548305325676e-06
    25.0    
0.191803976893425 0.9654636979103088 0.5274175405502319 train 26.0 0.35648065119981764 0.17534955993294715 0.17811489589512347 6.109135028964374e-06
    26.0    
0.19817805290222168 0.9966617226600647 0.5304153561592102 train 27.0 0.35602278098464013 0.1750618903338909 0.1779225154966116 5.798366601084126e-06
    27.0    
0.19548290967941284 0.9761949181556702 0.5248727202415466 train 28.0 0.3568695233762264 0.1755571236461401 0.17826875329017638 6.511651918117423e-06
    28.0    
0.19191701710224152 0.9984265565872192 0.5304326415061951 train 29.0 0.3561077880859375 0.17514111161231993 0.17790384888648986 5.896530183235882e-06
    29.0    
0.19015590846538544 1.0151410102844238 0.5311186909675598 train 30.0 0.3570476858317852 0.17559298180043698 0.17835938379168512 5.4142260523804e-06
    30.0    
0.1877245008945465 1.006717324256897 0.5259678959846497 train 31.0 0.35650831803679467 0.17526782527565957 0.17813684977591038 4.587816420098534e-06
    31.0    
0.18363237380981445 1.0226976871490479 0.5272872447967529 train 32.0 0.35595664277672767 0.17507401548326015 0.17779167272150517 5.389200850913767e-06
    32.0    
0.19167980551719666 1.0230952501296997 0.522750735282898 train 33.0 0.35521845683455466 0.1746682294458151 0.1774635138362646 4.780856670549838e-06
    33.0    
0.18374626338481903 1.021838665008545 0.5224296450614929 train 34.0 0.35561795860528944 0.17484625987708569 0.17768194623291492 4.477923539525364e-06
    34.0    
0.1865890771150589 1.0348625183105469 0.5286878943443298 train 35.0 0.35505920052528384 0.17463125206530095 0.1773300490528345 5.0063858907378744e-06
    35.0    
0.18162861466407776 1.039806604385376 0.5290273427963257 train 36.0 0.3558262085914612 0.17498583629727363 0.17773083679378032 5.314738245942863e-06
    36.0    
0.17930179834365845 1.0478160381317139 0.528063178062439 train 37.0 0.3562275709211826 0.17510317869484424 0.1780253968387842 4.983077815268189e-06
    37.0    
0.1782609522342682 1.0430749654769897 0.5266477465629578 train 38.0 0.35614607721567154 0.17505312457680702 0.17793171621859075 3.434229483900708e-06
    38.0    
0.17924603819847107 1.0655410289764404 0.5303831696510315 train 39.0 0.35497880950570104 0.17450776413083077 0.17737572573125363 3.452017836025334e-06
    39.0    
0.17988629639148712 1.0594362020492554 0.5295634865760803 train 40.0 0.3557127882540226 0.17485626339912413 0.1777006882429123 4.638035079551628e-06
    40.0    
0.17383050918579102 1.0720577239990234 0.5258713960647583 train 41.0 0.3545836482942104 0.17428165175020693 0.17718278497457504 3.679996780192596e-06
    41.0    
0.17649877071380615 1.0660568475723267 0.5275459289550781 train 42.0 0.3558648993074894 0.17484297335147858 0.17786776572465895 4.1100151975115295e-06
    42.0    
0.17842702567577362 1.082715630531311 0.5296611785888672 train 43.0 0.35553244724869726 0.1747041943669319 0.17767997369170188 4.817268290935317e-06
    43.0    
0.1791747808456421 1.1073075532913208 0.5332522392272949 train 44.0 0.35524964451789853 0.17454192608594896 0.17757918581366539 3.7076504213473527e-06
    44.0    
0.18270693719387054 1.0996389389038086 0.5254419445991516 train 45.0 0.3548233105242252 0.1744472720474005 0.17724724471569062 4.0520385482523125e-06
    45.0    
0.17545749247074127 1.1020323038101196 0.5272712707519531 train 46.0 0.35477536126971243 0.17439659543335437 0.1772488010674715 3.6679914501291933e-06
    46.0    
0.1717182993888855 1.0973501205444336 0.5324102640151978 train 47.0 0.3556433388590813 0.1747393598407507 0.1777574645727873 4.333029210101813e-06
    47.0    
0.16747480630874634 1.0817476511001587 0.5341854691505432 train 48.0 0.3553622691333294 0.17457836858928202 0.17762089252471924 3.7983388665452367e-06
    48.0    
0.1706310212612152 1.115810751914978 0.5327677726745605 train 49.0 0.3552579864859581 0.17459965705871583 0.1774726004898548 3.563796781236306e-06
    49.0    
0.1757057160139084 1.0849130153656006 0.5283244252204895 train 50.0 0.354579104334116 0.1742633205652237 0.17715985476970672 3.124005843346822e-06
    50.0    
0.17450734972953796 1.1109226942062378 0.5279462933540344 train 51.0 0.35510967776179314 0.17458267100155353 0.1773768762499094 3.830478817690164e-06
    51.0    
0.17316888272762299 1.1302202939987183 0.5324147343635559 train 52.0 0.3555058416724205 0.1747153703868389 0.1776486097276211 3.776649919018382e-06
    52.0    
0.1823842078447342 1.1098823547363281 0.5227198004722595 train 53.0 0.35527497410774234 0.17451988860964776 0.17759994447231292 3.195048293491709e-06
    53.0    
0.17434149980545044 1.1061073541641235 0.5322898626327515 train 54.0 0.35518047139048575 0.17458926521241666 0.17742989577353 4.428921329235891e-06
    54.0    
0.17167463898658752 1.1083595752716064 0.534490704536438 train 55.0 0.35475397884845733 0.17429962940514088 0.17728471733629703 3.754698354896391e-06
    55.0    
0.16889984905719757 1.1352918148040771 0.5211066603660583 train 56.0 0.35502299189567565 0.17441244244575502 0.17744225792586804 3.848389496852178e-06
    56.0    
0.16981227695941925 1.0957034826278687 0.5364618301391602 train 57.0 0.35465647354722024 0.17435850635170935 0.1771428682655096 2.9712164177908562e-06
    57.0    
0.16899096965789795 1.127795934677124 0.5255489349365234 train 58.0 0.35489345967769625 0.17440361686050893 0.17733575247228145 2.888445351345581e-06
    58.0    
0.172481507062912 1.1160019636154175 0.5299865007400513 train 59.0 0.3551770026981831 0.17458822429180146 0.17738135658204557 3.1924214454193134e-06
    59.0    
0.17026548087596893 1.1314642429351807 0.5316562056541443 train 60.0 0.35531353428959844 0.17461060091853142 0.17750332899391652 3.2448915590066463e-06
    60.0    
0.16510888934135437 1.134156584739685 0.5281540751457214 train 61.0 0.3546210825443268 0.17431459315121173 0.1771161373704672 3.28229293700133e-06
    61.0    
0.16863206028938293 1.1399813890457153 0.5343661904335022 train 62.0 0.3557011960446835 0.17473955303430558 0.17774334833025932 3.3682438242976787e-06
    62.0    
0.167923241853714 1.1362768411636353 0.533388078212738 train 63.0 0.35431682303547857 0.17405423067510128 0.1770753886550665 3.1097188184503466e-06
    63.0    
0.16848671436309814 1.1408785581588745 0.5385918617248535 train 64.0 0.3547291322052479 0.17429342515766622 0.17724586226046085 2.4951787054305896e-06
    64.0    
0.16656897962093353 1.1423954963684082 0.5352907180786133 train 65.0 0.35471755638718605 0.17432033754885196 0.17720890887081622 3.205729854016681e-06
    65.0    
0.17079290747642517 1.1491960287094116 0.5365731120109558 train 66.0 0.35356665804982185 0.17371476277709008 0.17669153578579425 3.6728742998093367e-06
    66.0    
0.17532923817634583 1.1361678838729858 0.5352408289909363 train 67.0 0.3546248237788677 0.17421865180134774 0.1772403611242771 3.4704862628132105e-06
    67.0    
0.17176830768585205 1.1769806146621704 0.5431422591209412 train 68.0 0.35436787247657775 0.1741633004695177 0.17703469306230546 3.9143833419075236e-06
    68.0    
0.16849881410598755 1.1550716161727905 0.5335121154785156 train 69.0 0.35393027096986773 0.17388909235596656 0.17690816685557365 3.171489652231685e-06
    69.0    
0.1668703258037567 1.1251804828643799 0.528685986995697 train 70.0 0.3552126851677895 0.17453726343810558 0.17746350407600403 4.264922154106898e-06
    70.0    
0.17062059044837952 1.158466100692749 0.5311786532402039 train 71.0 0.35465474039316175 0.17418356493115425 0.1772772165387869 3.3816993436630582e-06
    71.0    
0.15807120501995087 1.1038265228271484 0.5373502373695374 train 72.0 0.3548808468878269 0.17427877210080622 0.1773701546341181 2.6499662908463506e-06
    72.0    
0.16544708609580994 1.1516765356063843 0.531644880771637 train 73.0 0.3543620528280735 0.17411619432270528 0.17701192677021027 3.035996769540361e-06
    73.0    
0.17175883054733276 1.1631056070327759 0.5385635495185852 train 74.0 0.35501484006643297 0.17428620934486388 0.17751015163958073 3.7658917335647857e-06
    74.0    
0.1642962247133255 1.1669734716415405 0.5405973196029663 train 75.0 0.3544930674135685 0.17419088564813137 0.1770813722908497 3.39989605890878e-06
    75.0    
0.1667291224002838 1.1582168340682983 0.5394327640533447 train 76.0 0.354382558465004 0.17409106746315955 0.17710900880396366 3.350902261445299e-06
    76.0    
0.1660633236169815 1.161225438117981 0.540716290473938 train 77.0 0.3552214550971985 0.1744725065678358 0.1775327605754137 2.5264037049055332e-06
    77.0    
0.16355262696743011 1.1594791412353516 0.5376938581466675 train 78.0 0.3542023016512394 0.17399115338921547 0.17700687542557716 3.2555731195316184e-06
    78.0    
0.16151298582553864 1.1671842336654663 0.5356529951095581 train 79.0 0.3549765521287918 0.17435244761407376 0.17738066643476486 3.027023012691643e-06
    79.0    
0.1649671047925949 1.1677502393722534 0.5369099974632263 train 80.0 0.35446318790316583 0.17407175861299037 0.17714801676571368 2.9842537969670957e-06
    80.0    
0.16229158639907837 1.1530890464782715 0.5465946197509766 train 81.0 0.3548514080047607 0.17426334142684938 0.1773752770572901 3.035505187654053e-06
    81.0    
0.16364240646362305 1.1581053733825684 0.5362687110900879 train 82.0 0.3544188542664051 0.17408865585923194 0.17710676819086074 2.6039863314508693e-06
    82.0    
0.15635493397712708 1.1528451442718506 0.5355385541915894 train 83.0 0.3549598963558674 0.17442943125963212 0.17732372388243675 2.8082063181500416e-06
    83.0    
0.16464486718177795 1.1562691926956177 0.5385968685150146 train 84.0 0.35490133598446844 0.17433973707258701 0.1773151169717312 2.830052153512952e-06
    84.0    
0.16799843311309814 1.1656179428100586 0.5378760695457458 train 85.0 0.3548367716372013 0.1742687387019396 0.1773524670302868 3.7203899410087615e-06
    85.0    
0.1678251475095749 1.157277226448059 0.5370169878005981 train 86.0 0.35463005661964414 0.1742251754552126 0.17716482289135457 3.230031097700703e-06
    86.0    
0.17018263041973114 1.185767412185669 0.5365251898765564 train 87.0 0.3547222404181957 0.1742252690345049 0.17729734681546688 3.611577312767622e-06
    87.0    
0.16427528858184814 1.1624821424484253 0.534723162651062 train 88.0 0.35480915635824206 0.17436412431299686 0.17723286673426628 2.685120762180304e-06
    88.0    
0.17123912274837494 1.1777757406234741 0.5383752584457397 train 89.0 0.3543334567546845 0.1741155368834734 0.17700838521122933 2.8842730444011977e-06
    89.0    
0.1684618592262268 1.1826105117797852 0.5392940044403076 train 90.0 0.35482289507985115 0.17434205658733845 0.17726754792034627 2.5530973744025687e-06
    90.0    
0.16905763745307922 1.1719379425048828 0.535822868347168 train 91.0 0.3550051221251488 0.17445820093154907 0.17731949627399446 3.2798452593851835e-06
    91.0    
0.16791576147079468 1.175809383392334 0.5371719598770142 train 92.0 0.35394579321146014 0.17392573006451129 0.17684181347489358 3.1923111691867234e-06
    92.0    
0.16619035601615906 1.171044945716858 0.5396654009819031 train 93.0 0.3541414253413677 0.17399645633995534 0.17696019038558006 2.307749809915549e-06
    93.0    
0.16680733859539032 1.1724779605865479 0.5355576872825623 train 94.0 0.3543888667225838 0.17412833362817765 0.17706347092986108 2.559138920332771e-06
    94.0    
0.15796326100826263 1.1537435054779053 0.5364072322845459 train 95.0 0.3542234800755978 0.17402035593986512 0.17699862070381642 2.927381274275831e-06
    95.0    
0.16595244407653809 1.194179892539978 0.5338271856307983 train 96.0 0.3545429204404354 0.1741609586030245 0.17718441136181354 2.1853647922398522e-06
    96.0    
0.16169479489326477 1.1899302005767822 0.5364707708358765 train 97.0 0.35513403713703157 0.17439989633858205 0.17751825250685216 2.3247644094226416e-06
    97.0    
0.16820141673088074 1.1728801727294922 0.5393396019935608 train 98.0 0.3539051429927349 0.17373097948729993 0.17699076727032662 2.0737895738420775e-06
    98.0    
0.1673065423965454 1.1823387145996094 0.5373793244361877 train 99.0 0.35384773805737496 0.17391728185117244 0.17674985453486441 2.030067207670072e-06
    99.0    
