Corr-Diag Corr-Full Corr-Swap Data Epoch Loss MMD-Full MMD-Swap Mean
0.10076781362295151 1.256351351737976 0.7101805210113525 train 0.0 0.3862224063277245 0.19142488293349744 0.18484980076551438 1.7476391803938895e-05
    0.0    
0.11890438944101334 1.1443939208984375 0.6854895949363708 train 1.0 0.36139457270503045 0.17807688787579537 0.17855400189757348 1.6224417777266353e-05
    1.0    
0.13087914884090424 1.1563977003097534 0.674186110496521 train 2.0 0.3577095085382462 0.17609409973025322 0.1774212248623371 1.2756337127939332e-05
    2.0    
0.14265771210193634 1.1991064548492432 0.6756415367126465 train 3.0 0.3569765156507492 0.17580828443169594 0.17724928691983222 1.2512254215835128e-05
    3.0    
0.14946335554122925 1.2402251958847046 0.6767193078994751 train 4.0 0.3561513970792294 0.17542813882231711 0.17695369377732276 1.012823577184463e-05
    4.0    
0.15927578508853912 1.2785265445709229 0.6735324263572693 train 5.0 0.35668985068798065 0.17569767355918883 0.17729741089046003 9.156650776276365e-06
    5.0    
0.16194656491279602 1.2441364526748657 0.6594929695129395 train 6.0 0.3560666660964489 0.17541375368833542 0.1770046254992485 9.581122867530212e-06
    6.0    
0.1609366536140442 1.2656340599060059 0.658201277256012 train 7.0 0.3557059702277183 0.17527460552752017 0.17682202465832234 1.0158622899325565e-05
    7.0    
0.16676285862922668 1.2914924621582031 0.6563458442687988 train 8.0 0.3561080834269524 0.17543049573898314 0.17706952705979348 7.844484571251087e-06
    8.0    
0.1690933108329773 1.3063582181930542 0.6548357009887695 train 9.0 0.355392931252718 0.175091392993927 0.17673473164439202 8.175664333975874e-06
    9.0    
0.1703667938709259 1.3272277116775513 0.6586727499961853 train 10.0 0.3551456409692764 0.17494123853743077 0.1766847188770771 8.915871148929e-06
    10.0    
0.16521522402763367 1.3288873434066772 0.6589458584785461 train 11.0 0.35609943091869356 0.17541466504335404 0.17711777493357658 8.387277375732083e-06
    11.0    
0.1798425316810608 1.3587801456451416 0.656002402305603 train 12.0 0.3547607792913914 0.17463133670389652 0.17660944819450378 5.893031811865512e-06
    12.0    
0.17109981179237366 1.3429949283599854 0.646793782711029 train 13.0 0.35495813071727755 0.17478596813976766 0.17666916608810423 5.610505013464717e-06
    13.0    
0.17799946665763855 1.347631812095642 0.6461281776428223 train 14.0 0.35588484182953833 0.17521566540002823 0.17715296417474746 6.384736479958519e-06
    14.0    
0.17477646470069885 1.3663640022277832 0.647786021232605 train 15.0 0.35473339959979056 0.1746786841750145 0.17654416784644128 5.97523739997996e-06
    15.0    
0.17427952587604523 1.3622287511825562 0.6425164937973022 train 16.0 0.35516799211502076 0.17493390485644342 0.17672815978527068 6.253458650462562e-06
    16.0    
0.17864271998405457 1.3998273611068726 0.6491649150848389 train 17.0 0.35457890227437017 0.1745430403202772 0.17654955625534058 5.384224550653016e-06
    17.0    
0.18288584053516388 1.40133535861969 0.650564968585968 train 18.0 0.3538088728487492 0.17412170507013797 0.17625805571675301 7.823076884960756e-06
    18.0    
0.18458260595798492 1.4533122777938843 0.6481385827064514 train 19.0 0.3539911253750324 0.17429690688848495 0.17628482900559903 6.465665592259029e-06
    19.0    
0.18850959837436676 1.4890872240066528 0.6477194428443909 train 20.0 0.3539249382913113 0.17427182756364346 0.17621149241924286 5.0023804760712665e-06
    20.0    
0.18318066000938416 1.5064870119094849 0.6510840058326721 train 21.0 0.3542027433216572 0.17448633059859275 0.1763001813739538 4.8586834964226e-06
    21.0    
0.18427802622318268 1.5071969032287598 0.6421566605567932 train 22.0 0.35498268306255343 0.1746707009524107 0.17686176352202893 4.068216640007449e-06
    22.0    
0.19034937024116516 1.4969929456710815 0.6513717770576477 train 23.0 0.3544465109705925 0.17444946579635143 0.17652014181017875 4.234886546328198e-06
    23.0    
0.19186078011989594 1.5712634325027466 0.6498497128486633 train 24.0 0.3532144106924534 0.1739473235607147 0.17585787005722522 4.532921593636274e-06
    24.0    
0.189860537648201 1.5969771146774292 0.6465188264846802 train 25.0 0.3536604534089565 0.17401186421513556 0.17621666371822356 3.96534187530051e-06
    25.0    
0.1958538442850113 1.6593563556671143 0.6488565802574158 train 26.0 0.3528638191521168 0.17368667662143708 0.17576360285282136 3.3693302157189464e-06
    26.0    
0.1927611529827118 1.6719751358032227 0.6544756889343262 train 27.0 0.35325242042541505 0.17383164390921593 0.1760144679993391 3.601358457672177e-06
    27.0    
0.19091172516345978 1.7226698398590088 0.6568823456764221 train 28.0 0.35277182146906855 0.17359127499163152 0.17579638451337815 4.102552338736132e-06
    28.0    
0.19404463469982147 1.7430773973464966 0.6541181206703186 train 29.0 0.3531863123178482 0.17377322673797607 0.17601733826100827 3.0124044769763714e-06
    29.0    
0.19630640745162964 1.8302674293518066 0.6637139320373535 train 30.0 0.35299910947680474 0.17374783650040626 0.17587222173810005 3.6917276702297386e-06
    30.0    
0.19184410572052002 1.8438835144042969 0.6595124006271362 train 31.0 0.35324965462088587 0.1738244567066431 0.1760120015591383 3.785772832998191e-06
    31.0    
0.19009697437286377 1.8828051090240479 0.6646063327789307 train 32.0 0.35342219188809393 0.17380948215723038 0.17619949914515018 2.899157152569387e-06
    32.0    
0.1921396404504776 1.8733136653900146 0.657676100730896 train 33.0 0.35232925236225127 0.17325312077999114 0.1757043021917343 3.5370896966924192e-06
    33.0    
0.1962381899356842 1.9527440071105957 0.6579024195671082 train 34.0 0.352399687319994 0.17338084310293198 0.17563135273754596 3.8807470446045045e-06
    34.0    
0.1949378401041031 1.96272611618042 0.6664091944694519 train 35.0 0.3525760717689991 0.17347581699490547 0.17571075432002545 3.549968596416875e-06
    35.0    
0.19731099903583527 2.0168888568878174 0.670532763004303 train 36.0 0.35299001649022105 0.17365349255502224 0.1759477972239256 2.854872718671686e-06
    36.0    
0.19622258841991425 2.0296623706817627 0.6695723533630371 train 37.0 0.353098633736372 0.17369604237377645 0.17600407041609287 3.4448105452611344e-06
    37.0    
0.19151845574378967 2.0421619415283203 0.6710413098335266 train 38.0 0.3518602579832077 0.17312405690550803 0.17540151692926884 3.2829848350957036e-06
    38.0    
0.19679765403270721 2.048159599304199 0.6692635416984558 train 39.0 0.352613418251276 0.17354324840009214 0.1757236985117197 3.1549670893582515e-06
    39.0    
0.19658106565475464 2.0862293243408203 0.6719059348106384 train 40.0 0.3524371810257435 0.1733874709904194 0.1757053790986538 3.4447762118361425e-06
    40.0    
0.19038860499858856 2.1418373584747314 0.6713276505470276 train 41.0 0.35256535187363625 0.1733899700641632 0.1758133425563574 3.98175779992016e-06
    41.0    
0.1932092159986496 2.0747756958007812 0.6652385592460632 train 42.0 0.3530979074537754 0.17374943509697915 0.17594030141830444 2.9906886993558146e-06
    42.0    
0.19437268376350403 2.1016786098480225 0.6688238978385925 train 43.0 0.3529014852643013 0.17355973958969118 0.17593038588762283 3.306079861431499e-06
    43.0    
0.19306376576423645 2.10610032081604 0.6759616732597351 train 44.0 0.35261097982525824 0.17333912894129752 0.17589821338653563 2.573761321400525e-06
    44.0    
0.19033794105052948 2.1149404048919678 0.6621683835983276 train 45.0 0.3528026734292507 0.1734948393702507 0.17592051282525062 2.27135114982957e-06
    45.0    
0.1926504671573639 2.16030216217041 0.6702215075492859 train 46.0 0.3525375713407993 0.1733715111762285 0.17578352317214013 2.893862074415665e-06
    46.0    
0.19807714223861694 2.121126174926758 0.6685709953308105 train 47.0 0.352157029658556 0.1731886862963438 0.1756028702110052 2.884451305362745e-06
    47.0    
0.19930531084537506 2.148505449295044 0.6630643010139465 train 48.0 0.3522283089160919 0.17328003041446208 0.175619727820158 2.391873522356036e-06
    48.0    
0.19640092551708221 2.1202001571655273 0.6604575514793396 train 49.0 0.35274977087974546 0.17342528983950614 0.17597483411431314 2.3855932340666186e-06
    49.0    
0.19853079319000244 2.134216547012329 0.6720980405807495 train 50.0 0.35218063175678255 0.1732114399969578 0.1756027552485466 2.482208401488606e-06
    50.0    
0.19335217773914337 2.1530981063842773 0.6611366868019104 train 51.0 0.352115198969841 0.17317728996276854 0.17561776302754878 2.2230517515708925e-06
    51.0    
0.19212916493415833 2.171983480453491 0.6672337651252747 train 52.0 0.35233557924628256 0.1732785214483738 0.17573583610355853 2.8800582185795065e-06
    52.0    
0.19756154716014862 2.2033209800720215 0.6667458415031433 train 53.0 0.3518366289138794 0.1730149144679308 0.17550168439745903 3.181772626703605e-06
    53.0    
0.19361375272274017 2.1775224208831787 0.6550393104553223 train 54.0 0.35291057467460635 0.17353104293346405 0.17604054994881152 2.3453112589777447e-06
    54.0    
0.19663968682289124 2.1834542751312256 0.6595929265022278 train 55.0 0.3526250100135803 0.17336531512439252 0.17592013262212278 2.3768825485603884e-06
    55.0    
0.19314026832580566 2.2113759517669678 0.6578883528709412 train 56.0 0.3524801841378212 0.17327997460961342 0.1758506914228201 2.9798584364471026e-06
    56.0    
0.1941872537136078 2.194258689880371 0.6594266891479492 train 57.0 0.3519809539616108 0.17307161279022693 0.17554199814796448 2.076462578770588e-06
    57.0    
0.1903984099626541 2.2123260498046875 0.6501755714416504 train 58.0 0.351644279807806 0.17300827406346797 0.17529930539429187 2.789619429677259e-06
    58.0    
0.1970725655555725 2.2233290672302246 0.6615841388702393 train 59.0 0.3523139142990112 0.17326355628669263 0.17571795634925366 3.310804459033534e-06
    59.0    
0.19197799265384674 2.21728515625 0.6595461368560791 train 60.0 0.3520687261223793 0.17309448875486852 0.17561436347663403 1.962416490641772e-06
    60.0    
0.19305537641048431 2.2075393199920654 0.6500288844108582 train 61.0 0.3517764823138714 0.17303995303809644 0.17540401361882688 2.5722108603076776e-06
    61.0    
0.19538255035877228 2.2392163276672363 0.6561393737792969 train 62.0 0.35270954817533495 0.1734332986176014 0.17593505769968032 3.277269797763438e-06
    62.0    
0.18738099932670593 2.2212369441986084 0.6519411206245422 train 63.0 0.3528921018540859 0.17353927351534368 0.17601281195878982 2.7058190426032525e-06
    63.0    
0.19324900209903717 2.2326736450195312 0.6523289680480957 train 64.0 0.3523421411216259 0.17328116297721863 0.17570554964244367 1.5265902675309917e-06
    64.0    
0.1935579627752304 2.265982151031494 0.6527465581893921 train 65.0 0.3516194647550583 0.1728670857846737 0.17543847531080245 2.8226063477632124e-06
    65.0    
0.19109703600406647 2.26137113571167 0.659152626991272 train 66.0 0.3513181462883949 0.1727258364856243 0.17530423380434512 2.2013066427462036e-06
    66.0    
0.19582103192806244 2.214503288269043 0.6572945713996887 train 67.0 0.3515624526143074 0.17291283689439296 0.17537515118718147 2.0018212580907857e-06
    67.0    
0.19318887591362 2.246208906173706 0.6529580950737 train 68.0 0.35186843007802965 0.17298294439911843 0.17560665555298327 2.0406262137839803e-06
    68.0    
0.19880811870098114 2.264554977416992 0.6688868403434753 train 69.0 0.3518928371369839 0.17313106566667558 0.17546497322618962 1.4968819641580922e-06
    69.0    
0.19465574622154236 2.239760398864746 0.6561416983604431 train 70.0 0.3529571460187435 0.17346556074917316 0.17614556305110454 2.9556736080849078e-06
    70.0    
0.1971839964389801 2.2447595596313477 0.6528671383857727 train 71.0 0.35170010566711424 0.17294214963912963 0.17545720525085926 1.962647502296022e-06
    71.0    
0.195081889629364 2.22348690032959 0.6537803411483765 train 72.0 0.3512682321667671 0.17278675869107246 0.17519750267267228 2.4730611585255247e-06
    72.0    
0.19275149703025818 2.227991819381714 0.647078812122345 train 73.0 0.35203450128436087 0.17302373550832273 0.17574890442192553 1.7877653135656146e-06
    73.0    
0.19797174632549286 2.2080955505371094 0.6553385853767395 train 74.0 0.3511661395430565 0.17272365525364874 0.1752040334790945 2.783720901788911e-06
    74.0    
0.19171740114688873 2.22214412689209 0.6502256989479065 train 75.0 0.35195843383669856 0.1731354931741953 0.17555544942617415 1.5505571582252742e-06
    75.0    
0.19497407972812653 2.219517469406128 0.6632689237594604 train 76.0 0.3522875107824802 0.17319935537874698 0.17579026252031327 2.5113431547652e-06
    76.0    
0.19312816858291626 2.1905972957611084 0.6468510031700134 train 77.0 0.351871874332428 0.17299934014678 0.17558587595820427 2.2530869046022417e-06
    77.0    
0.18814295530319214 2.2004189491271973 0.6584981679916382 train 78.0 0.3525517983734608 0.17340230338275434 0.17586372666060923 1.9002781073140795e-06
    78.0    
0.1900888830423355 2.1905922889709473 0.6470431089401245 train 79.0 0.3522762669622898 0.17314168453216552 0.17584085643291472 2.208887281085481e-06
    79.0    
0.19210371375083923 2.1809873580932617 0.6508196592330933 train 80.0 0.352163482606411 0.1731082784384489 0.1757781421393156 2.07402945306967e-06
    80.0    
0.1938125044107437 2.1905102729797363 0.6557373404502869 train 81.0 0.35159708142280577 0.17286864273250102 0.1754356574267149 2.468375669195666e-06
    81.0    
0.19111216068267822 2.2156403064727783 0.6492727398872375 train 82.0 0.3518576383590698 0.17306742288172244 0.17549541972577573 2.426449100312311e-06
    82.0    
0.19260790944099426 2.2114648818969727 0.6495559215545654 train 83.0 0.35162772104144097 0.1728903666883707 0.17544939450919628 2.2832687136542518e-06
    83.0    
0.19149355590343475 2.21002459526062 0.6414251327514648 train 84.0 0.3517955158650875 0.17297671176493168 0.17550806790590287 1.7650025938564795e-06
    84.0    
0.19064447283744812 2.1994006633758545 0.6461342573165894 train 85.0 0.3519237425923347 0.17301102623343467 0.17562494084239005 2.0292163753765635e-06
    85.0    
0.19167637825012207 2.176231861114502 0.6502285003662109 train 86.0 0.3510806480050087 0.1726247726380825 0.17517669998109342 2.0714483071060386e-06
    86.0    
0.1910199224948883 2.1905596256256104 0.6554773449897766 train 87.0 0.3519704672694206 0.17298435293138026 0.17568642787635327 1.9212679944757838e-06
    87.0    
0.1899588406085968 2.1759846210479736 0.641106367111206 train 88.0 0.35151653707027436 0.17276950046420098 0.17547637574374675 2.1805690266774036e-06
    88.0    
0.1953248530626297 2.1731956005096436 0.6429532766342163 train 89.0 0.3516181182861328 0.17279105491936206 0.17558967955410482 1.9025241044801078e-06
    89.0    
0.19022278487682343 2.1581199169158936 0.6378892064094543 train 90.0 0.35178171291947363 0.17297832369804383 0.17553581915795802 1.4405619594981545e-06
    90.0    
0.19300006330013275 2.1681368350982666 0.650282084941864 train 91.0 0.35148886159062387 0.1727940323203802 0.17545091338455676 1.5600825236106175e-06
    91.0    
0.19811375439167023 2.158893346786499 0.6548568606376648 train 92.0 0.3511611843109131 0.17271852619946004 0.1751839502155781 2.5402284791198326e-06
    92.0    
0.19623880088329315 2.1462602615356445 0.6492865085601807 train 93.0 0.35277687445282935 0.1734020099788904 0.17610735669732094 2.506774080757168e-06
    93.0    
0.19180697202682495 2.120296001434326 0.646613597869873 train 94.0 0.3523659509420395 0.17330008707940578 0.1757934445142746 1.8663278069652733e-06
    94.0    
0.19230009615421295 2.1612775325775146 0.6492804884910583 train 95.0 0.35249190747737885 0.17320615269243717 0.17601771354675294 1.5701353959229891e-06
    95.0    
0.19444489479064941 2.152395248413086 0.6468251347541809 train 96.0 0.35172047704458237 0.1728930613398552 0.1755685569345951 1.7025863598973956e-06
    96.0    
0.19309750199317932 2.157395601272583 0.6441939473152161 train 97.0 0.3518021436035633 0.1730471669882536 0.17549523614346982 1.5403896895804792e-06
    97.0    
0.18919362127780914 2.156836748123169 0.6428036689758301 train 98.0 0.35180446684360506 0.17292044013738633 0.17560719303786754 1.916220298880944e-06
    98.0    
0.19294168055057526 2.1534175872802734 0.6412459015846252 train 99.0 0.3512983900308609 0.17264579363167287 0.17539750896394252 2.2760971205570968e-06
    99.0    
