Corr-Diag Corr-Full Corr-Swap Data Epoch Loss MMD-Full MMD-Swap Mean
0.2011823058128357 1.0527598857879639 0.5914767980575562 train 0.0 0.1914907171577215 0.10236960388720036 0.08911244221031665 2.4934663088060915e-05
    0.0    
0.23497706651687622 0.8450828194618225 0.5407465100288391 train 1.0 0.1286963265016675 0.06456548485904932 0.06412847014144063 1.6578036593273282e-05
    1.0    
0.24653920531272888 0.763084888458252 0.5120928287506104 train 2.0 0.12277469489723444 0.06141922635957599 0.06135376576334238 1.4342577742354479e-05
    2.0    
0.24956706166267395 0.7261868119239807 0.4931086003780365 train 3.0 0.12027751863002777 0.06018722217530012 0.060088841319084166 1.2433463780325837e-05
    3.0    
0.25032272934913635 0.7221329212188721 0.4838002622127533 train 4.0 0.11941127639263868 0.05978085765615106 0.05962909920141101 1.0518923772906419e-05
    4.0    
0.2506847679615021 0.7335977554321289 0.4766320288181305 train 5.0 0.11851532187312841 0.05938759783282876 0.059126495756208895 8.813828571874183e-06
    5.0    
0.2505943775177002 0.7657023072242737 0.46920183300971985 train 6.0 0.11809059973806142 0.05919326100498438 0.058896169885993006 7.599047421535943e-06
    6.0    
0.2503293454647064 0.825813889503479 0.46385276317596436 train 7.0 0.1178608449921012 0.05907504199072719 0.05878467364236713 6.1212299442559015e-06
    7.0    
0.24957595765590668 0.8987228274345398 0.4620966911315918 train 8.0 0.11772166881710291 0.05901931405067444 0.058701253607869146 4.997631549485959e-06
    8.0    
0.2520485818386078 0.9723168611526489 0.4581427574157715 train 9.0 0.11771170526742936 0.059006653539836404 0.05870397539809346 3.951633971155388e-06
    9.0    
0.2523455321788788 1.051329255104065 0.45722395181655884 train 10.0 0.11752808075398206 0.05892667207866907 0.058600351940840484 3.1001975457911612e-06
    10.0    
0.2512558102607727 1.1355465650558472 0.45642518997192383 train 11.0 0.11705658178776503 0.0586622254922986 0.05839332066476345 2.4649759780004388e-06
    11.0    
0.2504279911518097 1.2056866884231567 0.45519697666168213 train 12.0 0.11719948261976242 0.05875530080869794 0.058443163726478814 1.7836686083683162e-06
    12.0    
0.24823033809661865 1.2504441738128662 0.4519443213939667 train 13.0 0.11723122160881758 0.05878999190405011 0.05844022603705525 1.4010880704518058e-06
    13.0    
0.24980269372463226 1.3443101644515991 0.45135074853897095 train 14.0 0.11709533393383026 0.0587230795994401 0.0583712674677372 1.2979385246580932e-06
    14.0    
0.24799734354019165 1.3953489065170288 0.44899091124534607 train 15.0 0.11697272621095181 0.058634161539375784 0.058337587397545576 9.783785799299949e-07
    15.0    
0.2462233304977417 1.4600557088851929 0.4505727291107178 train 16.0 0.11706556420773268 0.05868247609585524 0.05838212477043271 1.0302234159098589e-06
    16.0    
0.24705588817596436 1.4917285442352295 0.44683215022087097 train 17.0 0.11721136268228292 0.05874258806928992 0.05846781784668565 9.51149274897034e-07
    17.0    
0.24261118471622467 1.542624831199646 0.446181058883667 train 18.0 0.11692433968186379 0.058623739052563906 0.05829965122044087 1.2184286788397003e-06
    18.0    
0.24032513797283173 1.5901893377304077 0.4447735846042633 train 19.0 0.11680233426392078 0.05852939367294312 0.05827200137078762 1.158750819740817e-06
    19.0    
0.2399156242609024 1.622886061668396 0.44448620080947876 train 20.0 0.11695671621710062 0.05858702128753066 0.058368762973695996 1.3280613302413258e-06
    20.0    
0.23730163276195526 1.6482737064361572 0.4400239586830139 train 21.0 0.11641301836818457 0.05835948726162314 0.05805260626599193 1.135074512603751e-06
    21.0    
0.23526175320148468 1.696683645248413 0.4407576620578766 train 22.0 0.11682565364986658 0.05852757729589939 0.05829715676605701 1.3591134120360948e-06
    22.0    
0.23095925152301788 1.719947099685669 0.43651795387268066 train 23.0 0.11672760874032974 0.0584613386541605 0.058265353813767434 1.57897727603995e-06
    23.0    
0.22970159351825714 1.7581279277801514 0.43479007482528687 train 24.0 0.11666759002953768 0.05843727856874466 0.058229398503899577 1.537253410788253e-06
    24.0    
0.23157593607902527 1.7652136087417603 0.4332881569862366 train 25.0 0.11642152663320303 0.05829721191897988 0.0581234092451632 1.4751378785149427e-06
    25.0    
0.226955384016037 1.7973804473876953 0.4269894063472748 train 26.0 0.11646274525672197 0.05833088230341673 0.05813096111640334 1.2017461585855926e-06
    26.0    
0.2262735664844513 1.8276654481887817 0.4259090721607208 train 27.0 0.11638274166733026 0.05829790452495218 0.05808394016698003 1.487766553509573e-06
    27.0    
0.22471649944782257 1.8471943140029907 0.4282374083995819 train 28.0 0.11659468963742256 0.058388661686331035 0.05820513419806957 1.808424372029549e-06
    28.0    
0.22162233293056488 1.8713043928146362 0.422334760427475 train 29.0 0.11647655829787254 0.0583254567719996 0.05815020842477679 1.417653606949898e-06
    29.0    
0.219849094748497 1.8882246017456055 0.42006170749664307 train 30.0 0.11625487070530653 0.05821063347160816 0.058043349143117665 1.4343128214022727e-06
    30.0    
0.217937633395195 1.8910084962844849 0.4219741225242615 train 31.0 0.11665636979043484 0.05839601079002023 0.05825946932658553 1.5240860875564977e-06
    31.0    
0.21318528056144714 1.920717716217041 0.4139806926250458 train 32.0 0.11631077378988267 0.05822408825159073 0.058085794541984793 1.210583832289558e-06
    32.0    
0.2104313224554062 1.896612286567688 0.4159315228462219 train 33.0 0.11625839289277792 0.058174857441335916 0.05808264818042517 1.4345527006298653e-06
    33.0    
0.21286827325820923 1.884602427482605 0.40886756777763367 train 34.0 0.11621806491166353 0.05814411874860525 0.05807306446135044 1.3417634363577235e-06
    34.0    
0.20877522230148315 1.8751362562179565 0.4078355133533478 train 35.0 0.11610269960016012 0.058078166991472245 0.058023657165467736 1.4226565099306754e-06
    35.0    
0.20821666717529297 1.8672380447387695 0.40973079204559326 train 36.0 0.11645268894731998 0.05826668286696077 0.058185123987495896 1.3628630313178292e-06
    36.0    
0.20679409801959991 1.850969910621643 0.4060070216655731 train 37.0 0.11631628565490246 0.05818640546873212 0.05812900250777602 1.3817916624248028e-06
    37.0    
0.20484092831611633 1.8275182247161865 0.4039887487888336 train 38.0 0.11595619648694992 0.05799080500379205 0.057964523285627366 1.3153216968930792e-06
    38.0    
0.2049442082643509 1.8235281705856323 0.4005933105945587 train 39.0 0.11600089885294437 0.058021018598228696 0.05797901544719934 1.3554948736782535e-06
    39.0    
0.20455384254455566 1.7869397401809692 0.397394597530365 train 40.0 0.11554365433752536 0.057766562923789025 0.057776234727352854 1.4236123888622387e-06
    40.0    
0.20295144617557526 1.7510418891906738 0.3967835307121277 train 41.0 0.11567050278186798 0.05785485077649355 0.05781479829922318 1.4351160189107759e-06
    41.0    
0.2025664746761322 1.7298812866210938 0.39587023854255676 train 42.0 0.11573300980031491 0.057866459153592585 0.05786569956690073 1.6725418845453532e-06
    42.0    
0.20213128626346588 1.7087266445159912 0.39156174659729004 train 43.0 0.1157118072733283 0.05786162290722132 0.057849336173385384 1.577126909069193e-06
    43.0    
0.20054049789905548 1.6882359981536865 0.3903902471065521 train 44.0 0.11564897708594798 0.057805896811187266 0.05784223359078169 1.5703146800660761e-06
    44.0    
0.19774818420410156 1.6605829000473022 0.387130469083786 train 45.0 0.11564961943775415 0.05778273938223719 0.057866032775491474 1.1921274563064799e-06
    45.0    
0.19744378328323364 1.6426947116851807 0.3863653242588043 train 46.0 0.11565320689231157 0.05780657172203064 0.05784578859806061 1.8630097429195303e-06
    46.0    
0.195145383477211 1.6252732276916504 0.3817339837551117 train 47.0 0.11579868141561747 0.057877769079059366 0.057920058500021694 8.344042612407065e-07
    47.0    
0.19436538219451904 1.610730767250061 0.382429301738739 train 48.0 0.1155769282206893 0.05774106677621603 0.05783501449972391 1.0744854535005288e-06
    48.0    
0.19256353378295898 1.5913151502609253 0.3829963505268097 train 49.0 0.11522291958332062 0.05757110791280866 0.057650967612862584 1.503377347944479e-06
    49.0    
