Corr-Diag Corr-Full Corr-Swap Data Epoch Loss MMD-Full MMD-Swap Mean
0.20890140533447266 1.9661928415298462 0.5919148325920105 train 0.0 0.26783249355852606 0.14135833267122508 0.11283733986318112 4.4031392462784424e-05
    0.0    
0.2604537010192871 1.5363736152648926 0.5487650036811829 train 1.0 0.149316830560565 0.0755086450651288 0.06987108327448369 3.0004221116541885e-05
    1.0    
0.2811691164970398 1.3267736434936523 0.5257321000099182 train 2.0 0.13364478923380374 0.06663404501974583 0.06443846095353364 2.7759740987676196e-05
    2.0    
0.29469600319862366 1.1970725059509277 0.5117453932762146 train 3.0 0.12853896230459214 0.06386450668796897 0.06255920184776187 2.4719793145777658e-05
    3.0    
0.30256861448287964 1.1498085260391235 0.4986177980899811 train 4.0 0.12590662229806185 0.06255428716540337 0.06146582145243883 2.2536629330716096e-05
    4.0    
0.3069612979888916 1.079862117767334 0.4922996759414673 train 5.0 0.12428949359804392 0.06176539964973927 0.060801289528608325 2.1805069991387427e-05
    5.0    
0.3076304793357849 1.0457143783569336 0.4807667136192322 train 6.0 0.12295513562858104 0.06110004680231214 0.06027057802304626 1.9848781448672526e-05
    6.0    
0.3088577389717102 1.0151914358139038 0.4715549051761627 train 7.0 0.12236154992133379 0.0607885741814971 0.06010749949142337 1.9400900782784447e-05
    7.0    
0.3081144392490387 0.9834609031677246 0.4653398394584656 train 8.0 0.12108963657170534 0.060178043078631165 0.05954930104315281 1.7445423509343527e-05
    8.0    
0.3060738742351532 0.9638806581497192 0.46014124155044556 train 9.0 0.12082716621458531 0.060053103659302 0.059500319994986055 1.6773570678196847e-05
    9.0    
0.3072156608104706 0.9445347189903259 0.45106956362724304 train 10.0 0.12021360736340285 0.05972982762381435 0.05929061682894826 1.4966406524763443e-05
    10.0    
0.3042270541191101 0.9215268492698669 0.44472354650497437 train 11.0 0.11961901593953371 0.05947435028851032 0.05902272401377559 1.505357249698136e-05
    11.0    
0.30295127630233765 0.9179438352584839 0.44200295209884644 train 12.0 0.11955924246460199 0.059476629607379435 0.0590213212557137 1.449757837690413e-05
    12.0    
0.3032131493091583 0.9174640774726868 0.4356154501438141 train 13.0 0.1187993998453021 0.05912718638777733 0.05866202775388956 1.2708398571703583e-05
    13.0    
0.30225086212158203 0.9153648018836975 0.43275442719459534 train 14.0 0.11874983295798301 0.059141263384372 0.05864059183746576 1.2703295396931935e-05
    14.0    
0.30194276571273804 0.9226117730140686 0.4314824342727661 train 15.0 0.11842467743903398 0.058979085572063925 0.05851112553849816 1.159135626949137e-05
    15.0    
0.3046220541000366 0.940149188041687 0.4305657148361206 train 16.0 0.11828643433749676 0.058901738803833724 0.058477617502212524 1.0262820978823584e-05
    16.0    
0.30167627334594727 0.957469642162323 0.4299308657646179 train 17.0 0.11835735365748405 0.0589429903589189 0.05853061897680163 8.086813977570273e-06
    17.0    
0.3029520511627197 0.9831804037094116 0.43005692958831787 train 18.0 0.11825215391814708 0.05891582602635026 0.0584753843024373 8.675931894686073e-06
    18.0    
0.3029933571815491 1.0161257982254028 0.42898115515708923 train 19.0 0.11836965817958117 0.058958705440163614 0.05856503600254655 7.900214768596925e-06
    19.0    
0.30128780007362366 1.0516173839569092 0.4317135214805603 train 20.0 0.11829883195459842 0.058944174218922854 0.05852585885673761 9.379397852171678e-06
    20.0    
0.3051092028617859 1.0935337543487549 0.4310515224933624 train 21.0 0.11794216729700566 0.05877279920503497 0.05835709352046251 9.253615644411184e-06
    21.0    
0.3028695583343506 1.1417181491851807 0.43386310338974 train 22.0 0.11794181529432535 0.05876189274713397 0.058382395505905155 5.692654667655006e-06
    22.0    
0.30407705903053284 1.189426064491272 0.4360608458518982 train 23.0 0.11786778878420591 0.05872877687215805 0.05835528103634715 5.435044386103982e-06
    23.0    
0.3036944568157196 1.244293212890625 0.43996527791023254 train 24.0 0.11777368478477002 0.05868334112688899 0.058316720891743896 5.950904323981376e-06
    24.0    
0.3028982877731323 1.2990819215774536 0.4427267909049988 train 25.0 0.11788890603929758 0.0587284154817462 0.05839840844273567 6.60639489069581e-06
    25.0    
0.3015645146369934 1.3512407541275024 0.4447006285190582 train 26.0 0.11789340969175101 0.0587369017675519 0.05840457919985056 5.5942741710168775e-06
    26.0    
0.3015601336956024 1.414000391960144 0.4525899589061737 train 27.0 0.11759081467986107 0.05860027069225907 0.058248042054474355 6.284044047788484e-06
    27.0    
0.30349716544151306 1.4687144756317139 0.45359861850738525 train 28.0 0.11749359488487243 0.05854207837954164 0.05821871010586619 3.900066985806916e-06
    28.0    
0.30107709765434265 1.5254549980163574 0.4557577073574066 train 29.0 0.11766556907445193 0.05863562140613794 0.05830599620938301 4.8786237130116206e-06
    29.0    
0.2990431785583496 1.5625685453414917 0.4594406485557556 train 30.0 0.11771868597716093 0.05864799465984106 0.05835495825856924 2.6929280920739984e-06
    30.0    
0.2976079285144806 1.605383038520813 0.46214574575424194 train 31.0 0.1174363761022687 0.05849335035309196 0.05823415530845523 3.6018323044118006e-06
    31.0    
0.2992596924304962 1.6643356084823608 0.4693807065486908 train 32.0 0.11754349574446678 0.058570313211530445 0.05827028365805745 3.9569640648551285e-06
    32.0    
0.2962837517261505 1.6928333044052124 0.4694148302078247 train 33.0 0.11736291982233524 0.058471946157515046 0.05819577291607857 3.479772658465663e-06
    33.0    
0.29588836431503296 1.732506275177002 0.46983227133750916 train 34.0 0.11745357964187861 0.05852168632671237 0.05824065560474992 3.670916385090095e-06
    34.0    
0.29606348276138306 1.7695679664611816 0.47466325759887695 train 35.0 0.11710374217480421 0.058372089117765424 0.058046088498085735 4.289976914151339e-06
    35.0    
0.2923251688480377 1.7922979593276978 0.4748886823654175 train 36.0 0.11723665371537209 0.05841334169730544 0.05814496923238039 2.4335602120117983e-06
    36.0    
0.2916465103626251 1.822153091430664 0.4775480628013611 train 37.0 0.11720288462936879 0.05839022491127253 0.05813815787434578 1.4881600236549275e-06
    37.0    
0.2910744547843933 1.846070647239685 0.47946250438690186 train 38.0 0.1172375450283289 0.058403213452547786 0.05816485116258264 2.8620195280382177e-06
    38.0    
0.2906220555305481 1.8873634338378906 0.4838440418243408 train 39.0 0.11699834059923887 0.058299221005290745 0.058034517727792265 3.034455176020856e-06
    39.0    
0.29085785150527954 1.904314637184143 0.48682701587677 train 40.0 0.11707741059362889 0.0583442590944469 0.05806987222284079 3.400974719625083e-06
    40.0    
0.28824111819267273 1.929396629333496 0.48627156019210815 train 41.0 0.11695330254733563 0.05829101188108325 0.05800431277602911 2.403492771918536e-06
    41.0    
0.28718051314353943 1.946175217628479 0.4885335862636566 train 42.0 0.11698794320225715 0.05829853825271129 0.058035271130502226 2.334953705940279e-06
    42.0    
0.28799551725387573 1.9646801948547363 0.4900878965854645 train 43.0 0.11657869331538677 0.05807726345956325 0.05785352777689695 3.3277899547101697e-06
    43.0    
0.2864457368850708 1.9925367832183838 0.4921579957008362 train 44.0 0.11699328627437353 0.058302007373422386 0.058041658215224744 3.6691621971840505e-06
    44.0    
0.2840312421321869 2.0021629333496094 0.49303895235061646 train 45.0 0.1168909339606762 0.0582292184792459 0.05801462208852172 2.693250053198426e-06
    45.0    
0.2830858826637268 2.0132052898406982 0.4909582734107971 train 46.0 0.11689091961830854 0.05826360946521163 0.05798225186765194 3.580764087018906e-06
    46.0    
0.28208059072494507 2.0223500728607178 0.49294203519821167 train 47.0 0.11687974955886603 0.058245878126472236 0.05799142584204674 3.691251322379685e-06
    47.0    
0.28079110383987427 2.044281005859375 0.49403509497642517 train 48.0 0.11709743797779083 0.05833807773888111 0.05811878258362412 3.5606524306786014e-06
    48.0    
0.2798246145248413 2.0585665702819824 0.49681714177131653 train 49.0 0.1167929070070386 0.05818162485957146 0.05797289781272411 2.498362619007821e-06
    49.0    
0.27846452593803406 2.0493643283843994 0.4935157001018524 train 50.0 0.11668617583811283 0.05810395490378142 0.057948565557599065 3.6385924886417342e-06
    50.0    
0.2779867947101593 2.05564022064209 0.491953581571579 train 51.0 0.11667690105736256 0.058116251714527604 0.05792768999934197 4.3026434468629304e-06
    51.0    
0.27601858973503113 2.061235189437866 0.4926757216453552 train 52.0 0.11671961151063442 0.05813390491530299 0.05795680383220315 4.5933288674859796e-06
    52.0    
0.27484315633773804 2.059562921524048 0.4889671206474304 train 53.0 0.11665621999651193 0.0581276692636311 0.05789849482476711 2.708952706598211e-06
    53.0    
0.2749582529067993 2.0653185844421387 0.49377599358558655 train 54.0 0.1166892021521926 0.05814489854499698 0.05791449662297964 2.274872258567484e-06
    54.0    
0.2731826603412628 2.062764883041382 0.49081429839134216 train 55.0 0.11666025090962648 0.05810437347739935 0.057929666433483365 2.8536376248666784e-06
    55.0    
0.274196058511734 2.066127300262451 0.4912237524986267 train 56.0 0.11660412441939115 0.058089247308671474 0.05789086453616619 3.1170043257588986e-06
    56.0    
0.273201584815979 2.0657613277435303 0.4907388985157013 train 57.0 0.11665445648133754 0.05810074806213379 0.05793142903596163 2.7388937269279268e-06
    57.0    
0.27103906869888306 2.0535356998443604 0.4874144196510315 train 58.0 0.11644785765558481 0.05801396064460278 0.057812648583203556 4.152572273596888e-06
    58.0    
0.2716458737850189 2.054994821548462 0.4905482828617096 train 59.0 0.11648074116557837 0.05804381472989917 0.0578138991445303 4.845501734962454e-06
    59.0    
0.2716637849807739 2.0399603843688965 0.4852697253227234 train 60.0 0.11674215324223042 0.05812309492379427 0.05800103718414903 3.7582110508083133e-06
    60.0    
0.27126941084861755 2.0273492336273193 0.48795366287231445 train 61.0 0.11669545352458954 0.05809678513556719 0.05797943953424692 3.630081891969894e-06
    61.0    
0.2712268829345703 2.0189356803894043 0.4885542094707489 train 62.0 0.11643026873469353 0.05798235163092613 0.05783287098631263 1.7411985027138144e-06
    62.0    
0.2707081735134125 2.0189080238342285 0.48752379417419434 train 63.0 0.11660705711692572 0.058041949421167374 0.057950640469789504 3.596140913941781e-06
    63.0    
0.26942315697669983 2.001138687133789 0.48681020736694336 train 64.0 0.11637343343347312 0.0579638790898025 0.057795795686542986 3.144911261188099e-06
    64.0    
0.2691113352775574 1.9928678274154663 0.48798391222953796 train 65.0 0.11631479799747467 0.057921269722282884 0.05778394864872098 3.7878542116231984e-06
    65.0    
0.2686363458633423 1.9789286851882935 0.4844146966934204 train 66.0 0.11626692775636911 0.05788677928969264 0.05776910973712802 4.49431172455661e-06
    66.0    
0.26676440238952637 1.9702253341674805 0.4854973256587982 train 67.0 0.1161543744802475 0.057827087864279744 0.057721679490059616 5.0031335376843344e-06
    67.0    
0.2662195563316345 1.968624472618103 0.4892764985561371 train 68.0 0.11644838768988848 0.05798666166141629 0.05785601073876023 3.1038871384225786e-06
    68.0    
0.2668279707431793 1.9518407583236694 0.4845569431781769 train 69.0 0.11610909473150968 0.05780836502090096 0.05769514190033078 3.138169404337532e-06
    69.0    
0.2649741470813751 1.9485912322998047 0.48328250646591187 train 70.0 0.11616259083151817 0.05782103735953569 0.057734646387398246 3.4159718325099675e-06
    70.0    
0.26656588912010193 1.9372972249984741 0.48847660422325134 train 71.0 0.11612853854894638 0.05782161256298423 0.05770474679768085 3.7245947623887332e-06
    71.0    
0.2653616666793823 1.9351732730865479 0.48175889253616333 train 72.0 0.11620075576007366 0.057848837822675706 0.05774938177317381 2.65778385255544e-06
    72.0    
0.26304012537002563 1.9251468181610107 0.4830634593963623 train 73.0 0.11634604327380657 0.05790383029729128 0.057841215189546345 4.107545919396216e-06
    73.0    
0.26251739263534546 1.9191466569900513 0.4817742705345154 train 74.0 0.11625597525388003 0.05787575988098979 0.05778111651539802 2.9680145416932646e-06
    74.0    
0.26310816407203674 1.9095181226730347 0.4802148640155792 train 75.0 0.11602431565523147 0.05773289958015084 0.05769642040133476 3.1292199764720863e-06
    75.0    
0.264432817697525 1.9098973274230957 0.484772652387619 train 76.0 0.11569550391286612 0.05756976177915931 0.057536261826753615 1.948334556800546e-06
    76.0    
0.26315417885780334 1.906958818435669 0.48694276809692383 train 77.0 0.11609345711767674 0.05780570399016142 0.057693728785961865 3.5408295389061095e-06
    77.0    
0.2614361643791199 1.9018157720565796 0.4815112054347992 train 78.0 0.11635792758315802 0.05792371245101094 0.05783803936094046 3.461977485130774e-06
    78.0    
0.260149747133255 1.8987610340118408 0.47995448112487793 train 79.0 0.11602756287902594 0.05773849396035075 0.05769478719681501 3.1618474167771637e-06
    79.0    
0.26102033257484436 1.9006729125976562 0.4819124639034271 train 80.0 0.11616573296487331 0.057816909831017255 0.057758292611688376 3.79737616640341e-06
    80.0    
0.25872132182121277 1.8901630640029907 0.4786815047264099 train 81.0 0.11606876518577337 0.05773592485114932 0.05774317232891917 2.873154699045699e-06
    81.0    
0.25902697443962097 1.8896762132644653 0.47687235474586487 train 82.0 0.11611013326793909 0.057767889369279145 0.057753517534583805 3.833078608295182e-06
    82.0    
0.2602865695953369 1.8894215822219849 0.4803614616394043 train 83.0 0.11601975213736296 0.05773031191900373 0.05770211782306433 3.092272663707263e-06
    83.0    
0.25935477018356323 1.8834097385406494 0.4818361699581146 train 84.0 0.11598257221281529 0.05770249914377928 0.057694057673215865 3.168605644532363e-06
    84.0    
0.25995269417762756 1.8864591121673584 0.4824276268482208 train 85.0 0.11584340814501047 0.057644613403826955 0.05761295700445771 2.2023550627636723e-06
    85.0    
0.2599947452545166 1.882883906364441 0.4793720543384552 train 86.0 0.1160366765409708 0.05774344526231289 0.05770898256450892 3.4026822959276615e-06
    86.0    
0.2561723589897156 1.8789753913879395 0.4746588170528412 train 87.0 0.11608413428068161 0.05774488372728229 0.05775450922548771 3.2812822610139847e-06
    87.0    
0.25804403424263 1.8764153718948364 0.47696658968925476 train 88.0 0.11608472798019648 0.05775119634345174 0.057745774760842326 2.1085477328597335e-06
    88.0    
0.25745540857315063 1.8771599531173706 0.4770095646381378 train 89.0 0.11590926818549634 0.05767227092757821 0.05765266118571162 3.0551616418961203e-06
    89.0    
0.256708562374115 1.872328519821167 0.4760163724422455 train 90.0 0.11611130140721798 0.05776422947645187 0.05776098044589162 3.0763112590648234e-06
    90.0    
0.25546711683273315 1.8630824089050293 0.47229915857315063 train 91.0 0.11604456696659327 0.0577090260386467 0.05775172704830766 2.8007300443277927e-06
    91.0    
0.25711002945899963 1.8612524271011353 0.47404661774635315 train 92.0 0.11598901577293873 0.05770641006529331 0.05769880898296833 5.175556907488499e-06
    92.0    
0.2544918954372406 1.8551552295684814 0.4690835475921631 train 93.0 0.11596635043621063 0.057685271017253396 0.05769924936816096 3.5928744637203636e-06
    93.0    
0.2561471462249756 1.856114149093628 0.47239425778388977 train 94.0 0.11582923788577318 0.05763097347691655 0.05761727461591363 3.7479749153135344e-06
    94.0    
0.2554076313972473 1.8514227867126465 0.4731253683567047 train 95.0 0.11586977951228619 0.05761799732223153 0.057669529113918545 3.628238118835725e-06
    95.0    
0.25564464926719666 1.8481855392456055 0.47171735763549805 train 96.0 0.11569573409855366 0.05752901835367084 0.05758923899382353 2.83708436654706e-06
    96.0    
0.25486311316490173 1.8468824625015259 0.4690786898136139 train 97.0 0.11571658335626125 0.05755557654425502 0.05758508404716849 2.5742392608663067e-06
    97.0    
0.2561566233634949 1.8374767303466797 0.4747461974620819 train 98.0 0.11584199640899896 0.057605884522199634 0.0576573215611279 2.8486390419857344e-06
    98.0    
0.2556951344013214 1.8322051763534546 0.4705509543418884 train 99.0 0.11600790508091449 0.05769996853545308 0.057729215789586306 3.714139893418178e-06
    99.0    
