Corr-Diag Corr-Full Corr-Swap Data Epoch Loss MMD-Full MMD-Swap Mean
0.18367789685726166 1.2755353450775146 0.6451430916786194 train 0.0 0.401244530826807 0.19943647913634777 0.19042372189462184 3.9617974834982306e-05
    0.0    
0.21771562099456787 1.0982537269592285 0.5885634422302246 train 1.0 0.36742200538516046 0.1810390269756317 0.181427436247468 2.3806185708963312e-05
    1.0    
0.22889411449432373 1.0097554922103882 0.5664228200912476 train 2.0 0.36208326429128646 0.17830864481627942 0.17982224881649017 2.159388895961456e-05
    2.0    
0.23996801674365997 0.9744982123374939 0.5576245784759521 train 3.0 0.36080532491207123 0.17779200710356236 0.17944594271481037 1.8876244212151505e-05
    3.0    
0.23829062283039093 0.9517465233802795 0.5621464848518372 train 4.0 0.3601079711318016 0.17741638399660586 0.17933017253875733 1.719954889267683e-05
    4.0    
0.22787362337112427 0.9471679925918579 0.5512405037879944 train 5.0 0.35957707807421685 0.17710733555257321 0.1792427371442318 1.371884900436271e-05
    5.0    
0.2283903807401657 0.9279178380966187 0.5497199296951294 train 6.0 0.3587645275890827 0.17653862826526165 0.1790570482611656 1.4706310139445122e-05
    6.0    
0.2359652817249298 0.9510344862937927 0.5532753467559814 train 7.0 0.3583660000562668 0.17645686537027358 0.17880257599055768 1.3260124433145393e-05
    7.0    
0.22397074103355408 0.941660463809967 0.5539811253547668 train 8.0 0.35902523711323736 0.17671235844492914 0.1792088468372822 1.4268099221226294e-05
    8.0    
0.2214505821466446 0.936830461025238 0.5483720302581787 train 9.0 0.358348443210125 0.17643951922655104 0.1788419259339571 1.36921680677915e-05
    9.0    
0.222354918718338 0.9647603631019592 0.5506033301353455 train 10.0 0.3578297808766365 0.17605327911674976 0.17871839322149755 1.3123156350047793e-05
    10.0    
0.2178676277399063 0.9524363875389099 0.5516157746315002 train 11.0 0.3587879641354084 0.17659850135445596 0.17913621313869954 1.1900476238224655e-05
    11.0    
0.2153753787279129 0.9625232815742493 0.5483414530754089 train 12.0 0.35698694571852685 0.17565829619765283 0.1782826292514801 1.1749689292628318e-05
    12.0    
0.2150944471359253 0.962710976600647 0.5483766794204712 train 13.0 0.35639525651931764 0.17539487570524215 0.17801697619259357 1.001821510726586e-05
    13.0    
0.21616849303245544 0.962518572807312 0.548997700214386 train 14.0 0.35695785626769067 0.17568393237888813 0.17826979629695416 9.394674634677358e-06
    14.0    
0.21259929239749908 0.9723912477493286 0.5371432304382324 train 15.0 0.35689172476530073 0.17561007715761662 0.17829213850200176 1.0624941751302686e-05
    15.0    
0.20006786286830902 0.9629204273223877 0.5399639010429382 train 16.0 0.3572235907614231 0.17581354737281799 0.17839016191661358 9.864002095127944e-06
    16.0    
0.19953536987304688 0.9630563259124756 0.5349065661430359 train 17.0 0.3571747004985809 0.17572898901998996 0.178415884077549 9.250929906556848e-06
    17.0    
0.19231469929218292 0.9521311521530151 0.5395482778549194 train 18.0 0.3570865868031979 0.17567827850580214 0.17834617398679256 9.448623131902423e-06
    18.0    
0.19967104494571686 1.0042972564697266 0.5394485592842102 train 19.0 0.3563636197149754 0.17526249065995217 0.17805146776139735 8.814633474685252e-06
    19.0    
0.1946471929550171 1.008873462677002 0.536536455154419 train 20.0 0.35606324806809425 0.17520907267928124 0.17782913774251938 8.009498742467258e-06
    20.0    
0.2000436931848526 1.034509539604187 0.5439323782920837 train 21.0 0.3553387771546841 0.1748254293948412 0.1774820550531149 6.980379112064838e-06
    21.0    
0.19101843237876892 1.0164542198181152 0.5364809632301331 train 22.0 0.35711202964186667 0.1757161758095026 0.17834094651043414 7.115016614989145e-06
    22.0    
0.18225760757923126 1.0136488676071167 0.5407535433769226 train 23.0 0.3569833946228027 0.17558449029922485 0.17831119611859322 6.696576747344807e-06
    23.0    
0.17976264655590057 1.0233618021011353 0.5457127094268799 train 24.0 0.35611179187893865 0.1751602552831173 0.17787974566221237 6.923746241227491e-06
    24.0    
0.18860013782978058 1.050220012664795 0.533135712146759 train 25.0 0.356497478634119 0.17534850254654885 0.1780453233420849 6.337520517263329e-06
    25.0    
0.1883714348077774 1.0640232563018799 0.5408852696418762 train 26.0 0.3554650208353996 0.17477994084358214 0.17765621416270733 7.505517260142369e-06
    26.0    
0.1797465980052948 1.0571529865264893 0.5438987612724304 train 27.0 0.35660015404224393 0.1754301130771637 0.1781070739030838 5.504948148882249e-06
    27.0    
0.1855160892009735 1.0692262649536133 0.5426724553108215 train 28.0 0.35576016902923585 0.17488047756254674 0.17784632444381715 6.069270511943614e-06
    28.0    
0.18445150554180145 1.0903457403182983 0.5437168478965759 train 29.0 0.3561319960653782 0.17514179475605487 0.1779357811063528 6.12067515248782e-06
    29.0    
0.17461161315441132 1.069593071937561 0.5373052358627319 train 30.0 0.3552343729138374 0.17463463827967643 0.17751209922134875 7.018953510851134e-06
    30.0    
0.1772540658712387 1.0942895412445068 0.546085774898529 train 31.0 0.3554745106399059 0.17473645597696305 0.177663449421525 5.3922217375657056e-06
    31.0    
0.1759154051542282 1.099199652671814 0.5387399196624756 train 32.0 0.3553351593017578 0.17469023466110228 0.17756550915539265 6.543472409248352e-06
    32.0    
0.172394797205925 1.0960612297058105 0.5376502871513367 train 33.0 0.3554039692878723 0.17476963438093662 0.1775342793762684 6.134953764558304e-06
    33.0    
0.16786803305149078 1.1142377853393555 0.5388190746307373 train 34.0 0.3563529746234417 0.17518630087375642 0.17800168126821517 4.990530669601867e-06
    34.0    
0.16993384063243866 1.1221840381622314 0.5342475175857544 train 35.0 0.3561404363811016 0.17508309960365295 0.1778642774373293 5.93762479184079e-06
    35.0    
0.1700563281774521 1.1331385374069214 0.5350663661956787 train 36.0 0.3556728327274323 0.17480386920273305 0.17767279408872128 5.326129212335218e-06
    36.0    
0.17243924736976624 1.1405627727508545 0.5365816950798035 train 37.0 0.354762896746397 0.17440098777413368 0.17722121834754945 5.4282695600704756e-06
    37.0    
0.17288559675216675 1.1477434635162354 0.5367252230644226 train 38.0 0.35578668862581253 0.17487663425505162 0.17775867462158204 5.43052374268882e-06
    38.0    
0.16251002252101898 1.1521859169006348 0.5354738235473633 train 39.0 0.35606292381882665 0.17496973775327207 0.1779049911350012 5.786112069472438e-06
    39.0    
0.16535304486751556 1.1803885698318481 0.5403695702552795 train 40.0 0.3548273368179798 0.1744331456720829 0.17720251806080342 5.919440354773542e-06
    40.0    
0.1623656451702118 1.169543743133545 0.5404849648475647 train 41.0 0.3553054611384869 0.17459436997771263 0.17751408576965333 4.770971827383619e-06
    41.0    
0.16968286037445068 1.1774224042892456 0.542992115020752 train 42.0 0.3548564401268959 0.17439784318208695 0.17726160623133183 4.5212773329694755e-06
    42.0    
0.16512525081634521 1.2038207054138184 0.5412103533744812 train 43.0 0.35466310679912566 0.1742621536552906 0.17725841775536538 4.354170869191876e-06
    43.0    
0.16670095920562744 1.1917533874511719 0.5422072410583496 train 44.0 0.3550476717948914 0.17440821170806886 0.17750928267836572 4.29079318564618e-06
    44.0    
0.16203159093856812 1.1941460371017456 0.540749192237854 train 45.0 0.3549275487661362 0.1744933831691742 0.17727061957120896 4.192959750071168e-06
    45.0    
0.1577347368001938 1.18679678440094 0.5434380173683167 train 46.0 0.3552606408298016 0.17458476185798644 0.17747747242450715 4.849671768170083e-06
    46.0    
0.16302497684955597 1.1698789596557617 0.5394284129142761 train 47.0 0.3552274689078331 0.17457548089325428 0.17742795504629613 4.72198189527262e-06
    47.0    
0.15595340728759766 1.1894394159317017 0.5449680685997009 train 48.0 0.3550676988065243 0.17441671058535577 0.17746988005936146 5.304013939166907e-06
    48.0    
0.16532255709171295 1.1932308673858643 0.5447744727134705 train 49.0 0.3550959713757038 0.1744486990571022 0.17745932906866074 4.468244696909096e-06
    49.0    
0.1591765582561493 1.2074799537658691 0.5425131320953369 train 50.0 0.355414956510067 0.17456779845058917 0.17763571068644524 4.697297754319152e-06
    50.0    
0.15598906576633453 1.2156085968017578 0.5443122386932373 train 51.0 0.35512795552611354 0.17452159695327282 0.17738854065537452 5.386179054767126e-06
    51.0    
0.1593373417854309 1.2040753364562988 0.5441886186599731 train 52.0 0.3544294360280037 0.17413182705640792 0.17711318388581276 4.581042048812378e-06
    52.0    
0.15464568138122559 1.2345516681671143 0.5450004935264587 train 53.0 0.35493021115660667 0.17426188491284847 0.17749315172433852 4.140002602071036e-06
    53.0    
0.16030332446098328 1.2305349111557007 0.5392934083938599 train 54.0 0.35542693480849263 0.17453633256256582 0.17766740269958972 5.634097306028707e-06
    54.0    
0.16207963228225708 1.2496107816696167 0.5438310503959656 train 55.0 0.35440455600619314 0.1741901171952486 0.1770196422934532 4.249032372172223e-06
    55.0    
0.1646745502948761 1.2495208978652954 0.5448180437088013 train 56.0 0.3541829048097134 0.1740678395330906 0.17692068837583064 3.7596219044644386e-06
    56.0    
0.16023343801498413 1.2619400024414062 0.5435855388641357 train 57.0 0.35459467843174935 0.17418775670230388 0.1772017105668783 4.784217253472889e-06
    57.0    
0.15460480749607086 1.2459193468093872 0.5468099117279053 train 58.0 0.35485840275883673 0.17428659163415433 0.17737313888967038 4.2332349039497785e-06
    58.0    
0.15885543823242188 1.2613306045532227 0.5512086749076843 train 59.0 0.35390918284654616 0.17391419246792794 0.17682830579578876 4.574878403218463e-06
    59.0    
0.1522013396024704 1.2717581987380981 0.550284206867218 train 60.0 0.35429641127586364 0.17399845466017724 0.1771297299861908 3.3146643545478582e-06
    60.0    
0.16169491410255432 1.2832751274108887 0.5497512221336365 train 61.0 0.3545180521905422 0.17417253091931342 0.17717024393379688 3.1166907774604624e-06
    61.0    
0.15737521648406982 1.2626699209213257 0.548159122467041 train 62.0 0.3551162575185299 0.1744599211961031 0.1774373058229685 3.9992441998037975e-06
    62.0    
0.15785431861877441 1.2610785961151123 0.5409389734268188 train 63.0 0.3548918688297272 0.17431307554244996 0.17734353683888912 4.597762199409772e-06
    63.0    
0.1575646698474884 1.2696075439453125 0.5481448769569397 train 64.0 0.35494284391403197 0.1743442952632904 0.17737403020262718 3.6106612242292613e-06
    64.0    
0.15342621505260468 1.263513207435608 0.5480015873908997 train 65.0 0.3550183603167534 0.17445999078452587 0.17730248391628264 4.29512783739483e-06
    65.0    
0.15760326385498047 1.2778187990188599 0.5471062660217285 train 66.0 0.354716360270977 0.17426658280193805 0.17721709489822388 4.290818196750479e-06
    66.0    
0.15818218886852264 1.273695945739746 0.5535808205604553 train 67.0 0.35454586684703826 0.1741434521973133 0.17718035601079463 4.122754489799263e-06
    67.0    
0.1540924459695816 1.2565840482711792 0.551619291305542 train 68.0 0.3546897278726101 0.1742481005191803 0.17721917048096658 3.846992967737606e-06
    68.0    
0.1542268544435501 1.3077012300491333 0.5528469085693359 train 69.0 0.35455584987998007 0.17420354135334493 0.1771134453266859 3.6619080674427096e-06
    69.0    
0.15650825202465057 1.2918392419815063 0.5516818761825562 train 70.0 0.3548057432472706 0.1742935261875391 0.17723839081823825 4.12442523156642e-06
    70.0    
0.1535520702600479 1.2633250951766968 0.5454916954040527 train 71.0 0.35422285228967665 0.1739955822378397 0.17698161140084268 3.6828375868935836e-06
    71.0    
0.1536114364862442 1.2712315320968628 0.5419790148735046 train 72.0 0.35424558907747267 0.1739804036170244 0.1770210612565279 3.903583547071321e-06
    72.0    
0.1570475846529007 1.282429814338684 0.5483240485191345 train 73.0 0.3547766761481762 0.17429437845945359 0.17721448332071305 3.535023324729991e-06
    73.0    
0.15680666267871857 1.2861056327819824 0.546514630317688 train 74.0 0.3547616897523403 0.1742204014211893 0.17728603012859823 3.55917950400908e-06
    74.0    
0.15866002440452576 1.3036421537399292 0.5505415797233582 train 75.0 0.3534695956110954 0.1735986042022705 0.17669518873095513 3.838053089566529e-06
    75.0    
0.15139810740947723 1.283538818359375 0.5437163710594177 train 76.0 0.35484974801540375 0.17436803705990314 0.1772348666936159 3.333881295475294e-06
    76.0    
0.15525463223457336 1.31216561794281 0.5537378787994385 train 77.0 0.3546536223590374 0.17420874193310737 0.17718162707984447 4.141130830248585e-06
    77.0    
0.16465002298355103 1.3191688060760498 0.5510299205780029 train 78.0 0.3537464855611324 0.17381727159023286 0.17668946206569672 3.7803092709509656e-06
    78.0    
0.15137192606925964 1.3037275075912476 0.5562401413917542 train 79.0 0.35446428656578066 0.17408762529492378 0.17716469503939153 3.799805654125521e-06
    79.0    
0.15135647356510162 1.315479040145874 0.552514910697937 train 80.0 0.35502163514494894 0.17425967700779438 0.1775221485644579 3.150181100863847e-06
    80.0    
0.15335658192634583 1.2995326519012451 0.5520519018173218 train 81.0 0.3548845103383064 0.17423838391900062 0.1774118933826685 4.15562544731074e-06
    81.0    
0.15034566819667816 1.2910149097442627 0.5539968609809875 train 82.0 0.35448785349726675 0.17415923431515692 0.1770975860953331 3.214299795217812e-06
    82.0    
0.1496637463569641 1.3145349025726318 0.5504892468452454 train 83.0 0.355231796503067 0.17445651322603226 0.17747215196490287 3.518851144690416e-06
    83.0    
0.15682771801948547 1.3145020008087158 0.5555663704872131 train 84.0 0.3543654549121857 0.17399876803159714 0.17710233472287654 3.507786459522322e-06
    84.0    
0.14354208111763 1.3211959600448608 0.5489101409912109 train 85.0 0.3553934222459793 0.1745517910271883 0.17753430366516113 4.0327445276489016e-06
    85.0    
0.1497090756893158 1.3155534267425537 0.551204264163971 train 86.0 0.3539234204590321 0.17379709973931312 0.17685546189546586 3.075049562539789e-06
    86.0    
0.15899115800857544 1.3063658475875854 0.5492096543312073 train 87.0 0.3541449235379696 0.17393616169691087 0.17693807952106 4.11919290854712e-06
    87.0    
0.1561020165681839 1.3297432661056519 0.5549107789993286 train 88.0 0.35459854796528817 0.17408870980143548 0.17723878897726536 3.5252382986072917e-06
    88.0    
0.1584523767232895 1.3369728326797485 0.5555446147918701 train 89.0 0.35493894696235656 0.1742840490490198 0.17735279865562917 3.512441935527022e-06
    89.0    
0.15367455780506134 1.3118702173233032 0.5472812652587891 train 90.0 0.35460962280631064 0.17410503521561624 0.17721505247056485 2.996474449901143e-06
    90.0    
0.1548469364643097 1.3294035196304321 0.5562434196472168 train 91.0 0.3537524189054966 0.1737326305359602 0.17674116127192974 3.4925233194371685e-06
    91.0    
0.14506426453590393 1.286229133605957 0.5521313548088074 train 92.0 0.3544547860324383 0.17406427241861822 0.177101436406374 4.394804818730336e-06
    92.0    
0.155879408121109 1.302572250366211 0.5581272840499878 train 93.0 0.35454082921147345 0.17410822391510009 0.17716647893190385 3.6780947993975133e-06
    93.0    
0.1525440216064453 1.316116213798523 0.5555533170700073 train 94.0 0.35423074766993523 0.1739603227376938 0.17698591470718383 3.338543365316582e-06
    94.0    
0.15201808512210846 1.3015377521514893 0.550011932849884 train 95.0 0.35424980700016023 0.17396465316414833 0.17700318418443203 2.8383738026604988e-06
    95.0    
0.14898231625556946 1.2872934341430664 0.5530592799186707 train 96.0 0.35384113073349 0.17374123468995095 0.17682792797684668 2.865757323888829e-06
    96.0    
0.1536046862602234 1.2886450290679932 0.553597629070282 train 97.0 0.3536901932954788 0.17370625644922255 0.17673406206071376 4.3427803575468715e-06
    97.0    
0.15278026461601257 1.3044904470443726 0.5570482015609741 train 98.0 0.3544470003247261 0.17401819489896297 0.17717421993613244 3.3022060961229727e-06
    98.0    
0.15187807381153107 1.30250084400177 0.5552106499671936 train 99.0 0.35455161333084106 0.1740383281558752 0.1772716511040926 2.8375543479342014e-06
    99.0    
