Corr-Diag Corr-Full Corr-Swap Data Epoch Loss MMD-Full MMD-Swap Mean
0.05876012146472931 1.2551337480545044 0.7567489147186279 train 0.0 0.6559721431136132 0.3535717834532261 0.26248465329408643 0.062389273196458817
    0.0    
0.11489282548427582 1.3659605979919434 0.7576143145561218 train 1.0 0.6527385744452476 0.35317491978406906 0.2601146315038204 0.06241315230727196
    1.0    
0.14595335721969604 1.5699872970581055 0.7616574764251709 train 2.0 0.6543579435348511 0.35264540776610376 0.26248275496065615 0.062379252165555954
    2.0    
0.15081022679805756 1.9970998764038086 0.7546578049659729 train 3.0 0.6519100606441498 0.35129641130566597 0.2614909050613642 0.06245621666312218
    3.0    
0.13364160060882568 2.3011131286621094 0.7275325655937195 train 4.0 0.6458957949280739 0.3478908012807369 0.2588736359775066 0.06259262561798096
    4.0    
0.10441289097070694 2.298832893371582 0.7075660824775696 train 5.0 0.6345067116618156 0.34276833951473235 0.2525324723869562 0.06257754564285278
    5.0    
0.08245448768138885 2.2088589668273926 0.6910344958305359 train 6.0 0.6274994456768036 0.3373890988528728 0.25086930304765703 0.06248469278216362
    6.0    
0.06604006141424179 2.155132293701172 0.6720128059387207 train 7.0 0.6198862490057945 0.3328294840455055 0.24779006496071815 0.06239786744117737
    7.0    
0.05793052539229393 2.1269333362579346 0.6538611650466919 train 8.0 0.6125731629133224 0.3294966477155685 0.2437844378501177 0.062395721673965454
    8.0    
0.05532602220773697 2.0867245197296143 0.6441483497619629 train 9.0 0.6091440197825432 0.32712339907884597 0.24271561726927757 0.06240098550915718
    9.0    
0.05100011080503464 2.0596113204956055 0.6418659090995789 train 10.0 0.6071559289097785 0.3253878650069237 0.24245735466480256 0.0624159537255764
    10.0    
0.050221554934978485 2.0228662490844727 0.639976441860199 train 11.0 0.6028122931718827 0.3241158838570118 0.23938687443733214 0.0623769573867321
    11.0    
0.05290237069129944 1.9931347370147705 0.6408914923667908 train 12.0 0.6018570020794869 0.3231294207274914 0.23942910477519036 0.06237497553229332
    12.0    
0.05246499553322792 1.971638560295105 0.6407787203788757 train 13.0 0.5985703399777412 0.3223240967094898 0.23695548132061958 0.062406446784734726
    13.0    
0.05186358839273453 1.9485712051391602 0.6405788064002991 train 14.0 0.5979130211472511 0.3216475762426853 0.23698747918009758 0.0623680017888546
    14.0    
0.05172109231352806 1.9181287288665771 0.639052152633667 train 15.0 0.5968389376997948 0.3210732980072498 0.23649556055665016 0.06239527091383934
    15.0    
0.05081732198596001 1.9059851169586182 0.6400326490402222 train 16.0 0.5973105716705323 0.3205555878579617 0.23750397831201553 0.06238396838307381
    16.0    
0.05439166724681854 1.8835710287094116 0.6419130563735962 train 17.0 0.5977175742387771 0.3201089665293694 0.23836626999080182 0.062396883964538574
    17.0    
0.05361522361636162 1.8748223781585693 0.6400284767150879 train 18.0 0.5941978883743286 0.31971757411956786 0.23525625072419643 0.06238851696252823
    18.0    
0.054401133209466934 1.854506015777588 0.6418609023094177 train 19.0 0.5940638729929923 0.3193620279431343 0.23548617921769618 0.06238435581326485
    19.0    
0.05423002317547798 1.842110276222229 0.6420633792877197 train 20.0 0.5961361411213875 0.31907847702503206 0.2378489512950182 0.062387485057115555
    20.0    
0.05324063450098038 1.8260353803634644 0.6393425464630127 train 21.0 0.5912504166364669 0.31877579748630525 0.23327894650399686 0.06241820007562637
    21.0    
0.055876120924949646 1.8150255680084229 0.6408593654632568 train 22.0 0.5914924237132072 0.318556427359581 0.23374919027090071 0.062373798340559006
    22.0    
0.05386728420853615 1.8098831176757812 0.641351044178009 train 23.0 0.5939414435625077 0.3183063805103302 0.23646104872226714 0.06237303093075752
    23.0    
0.05530151352286339 1.7929482460021973 0.6418970823287964 train 24.0 0.5912708619236946 0.3180954286456108 0.23401849009096623 0.062401629984378815
    24.0    
0.05632656067609787 1.7895472049713135 0.6417954564094543 train 25.0 0.5918644720315933 0.317935806363821 0.23477965608239174 0.06238877773284912
    25.0    
0.05484970659017563 1.7807880640029907 0.6419903635978699 train 26.0 0.589190816283226 0.3177788558602333 0.23225936487317086 0.06240377947688103
    26.0    
0.05714287981390953 1.7728807926177979 0.6410817503929138 train 27.0 0.5867020463943482 0.3176136888563633 0.2299452770501375 0.06238709017634392
    27.0    
0.05697021260857582 1.761812686920166 0.6423322558403015 train 28.0 0.5927906095981598 0.3174374884366989 0.23622485339641572 0.06235760077834129
    28.0    
0.05966435372829437 1.7555547952651978 0.6439863443374634 train 29.0 0.5899497425556183 0.317327782958746 0.23349956519901752 0.06239066272974014
    29.0    
0.05754811689257622 1.749089241027832 0.6418842077255249 train 30.0 0.5898802971839905 0.3171840761601925 0.23358029514551162 0.062390804290771484
    30.0    
0.05624999850988388 1.737264633178711 0.6418272256851196 train 31.0 0.5906064975261688 0.317063652575016 0.23442901894450188 0.062393881380558014
    31.0    
0.055958908051252365 1.7364541292190552 0.641106128692627 train 32.0 0.5912565147876739 0.3169390095770359 0.23521132335066797 0.06236838921904564
    32.0    
0.05682855471968651 1.7329707145690918 0.6417142152786255 train 33.0 0.5899102991819382 0.31684842228889465 0.23395884566009045 0.06236265227198601
    33.0    
0.058872707188129425 1.7275160551071167 0.6432213187217712 train 34.0 0.5914880487322808 0.316728653460741 0.23566525988280773 0.062365610152482986
    34.0    
0.05872528254985809 1.7266722917556763 0.6426681280136108 train 35.0 0.5891785219311714 0.3166401506960392 0.23344998396933078 0.062392424792051315
    35.0    
0.05936436727643013 1.716003179550171 0.6438435912132263 train 36.0 0.5898054504394531 0.3165667670965195 0.2341497026383877 0.06238121539354324
    36.0    
0.05767148360610008 1.7124861478805542 0.6419674754142761 train 37.0 0.5872648081183434 0.31647481843829156 0.23170886106789113 0.062383007258176804
    37.0    
0.058973152190446854 1.7043358087539673 0.6435450911521912 train 38.0 0.5884830233454704 0.31639485105872156 0.23301239274442195 0.06238832697272301
    38.0    
0.05913090705871582 1.6992769241333008 0.64248126745224 train 39.0 0.5894139578938484 0.31634376257658003 0.2339979859441519 0.06236822530627251
    39.0    
0.05905371904373169 1.6987426280975342 0.6426585912704468 train 40.0 0.5896173194050789 0.31625719234347344 0.23429210498929023 0.06237642094492912
    40.0    
0.05988667905330658 1.6927298307418823 0.6427062749862671 train 41.0 0.5880483922362327 0.31617257088422773 0.23281274631619453 0.062395717948675156
    41.0    
0.060041144490242004 1.6907740831375122 0.6437205672264099 train 42.0 0.5880088695883751 0.3161344911158085 0.23281480982899666 0.06238837167620659
    42.0    
0.05764871835708618 1.6868501901626587 0.6431101560592651 train 43.0 0.5898553434014321 0.31603992700576783 0.23475978285074234 0.06241718679666519
    43.0    
0.059126995503902435 1.6815043687820435 0.6438044309616089 train 44.0 0.5852694949507713 0.31597409665584564 0.2302396534383297 0.062402427196502686
    44.0    
0.05644848570227623 1.6786843538284302 0.6404734253883362 train 45.0 0.5871822872757911 0.3159278778731823 0.2322081882506609 0.062388982623815536
    45.0    
0.060824841260910034 1.6732298135757446 0.6437414288520813 train 46.0 0.5876873475313187 0.3158965630829334 0.23274742633104326 0.06236840412020683
    46.0    
0.06021982803940773 1.6717417240142822 0.6433269381523132 train 47.0 0.5892244401574135 0.3158250947296619 0.23435412101447584 0.0623885802924633
    47.0    
0.0597136914730072 1.6665230989456177 0.643284261226654 train 48.0 0.5873752492666244 0.3157593512535095 0.23258381374180317 0.06239526346325874
    48.0    
0.0580470971763134 1.667333960533142 0.642375648021698 train 49.0 0.5875499251484871 0.31574986323714255 0.2327645993232727 0.06237678602337837
    49.0    
