Corr-Diag Corr-Full Corr-Swap Data Epoch Loss MMD-Full MMD-Swap Mean
0.2530542314052582 1.048980474472046 0.5648311972618103 train 0.0 0.1946686762571335 0.10023904275149106 0.08653962850570679 1.7764235963113606e-05
    0.0    
0.2904699444770813 0.8303022384643555 0.504871129989624 train 1.0 0.12981469620019198 0.06443150341510773 0.06334375340491533 1.2443791092664469e-05
    1.0    
0.30181199312210083 0.7546359896659851 0.47348886728286743 train 2.0 0.1238927798718214 0.06144252566620707 0.06100104564800859 9.360711374029052e-06
    2.0    
0.3099682033061981 0.7357584834098816 0.45264628529548645 train 3.0 0.12131828248500824 0.06020829608663916 0.05990648839622736 7.259715403051814e-06
    3.0    
0.312971830368042 0.7547993063926697 0.4382922947406769 train 4.0 0.1204654661566019 0.059870475251227614 0.05953688347712159 5.616353064397117e-06
    4.0    
0.31474435329437256 0.7961442470550537 0.42737117409706116 train 5.0 0.11943103391677141 0.05941339181736112 0.0590621835552156 4.279665517969988e-06
    5.0    
0.31836822628974915 0.8623939156532288 0.41795775294303894 train 6.0 0.11881417952477932 0.05915861416608095 0.05876770393922925 3.14706630888395e-06
    6.0    
0.3212391138076782 0.9463738799095154 0.4102039337158203 train 7.0 0.11851509138941765 0.05902774265035987 0.05865190222859382 2.1691291749448283e-06
    7.0    
0.32235535979270935 1.0456286668777466 0.4071177840232849 train 8.0 0.11825451362878084 0.05890498150140047 0.05855114322155714 1.6986487025860697e-06
    8.0    
0.3255150318145752 1.1283107995986938 0.40429627895355225 train 9.0 0.11811684843152762 0.05886165903881192 0.05848323447629809 1.2516450169641757e-06
    9.0    
0.32464152574539185 1.2055422067642212 0.40156668424606323 train 10.0 0.11816987831145526 0.05889996338635683 0.05851947821676731 1.0428628911540727e-06
    10.0    
0.32882818579673767 1.2619749307632446 0.4017152190208435 train 11.0 0.11773702677339315 0.058687053769826886 0.05831991881132126 1.0457166581545607e-06
    11.0    
0.3319748342037201 1.318722128868103 0.39905768632888794 train 12.0 0.11771457470953464 0.05867580473423004 0.05832836432382464 1.10262487851287e-06
    12.0    
0.3333495259284973 1.3926277160644531 0.39771220088005066 train 13.0 0.11759278997778892 0.05861943803727627 0.05827603930607438 1.0378856813986204e-06
    13.0    
0.3317421078681946 1.4308750629425049 0.4020808935165405 train 14.0 0.1175731449201703 0.05861928628757596 0.05827261086553335 1.0011001450038748e-06
    14.0    
0.3340820372104645 1.4811793565750122 0.4036705195903778 train 15.0 0.11731944028288126 0.05850175384432078 0.05814698569476604 1.4022818959347205e-06
    15.0    
0.33252468705177307 1.508638620376587 0.4018671214580536 train 16.0 0.11755503341555595 0.058622748982161285 0.05827251929789781 1.4432642956307973e-06
    16.0    
0.33300507068634033 1.5492669343948364 0.40346094965934753 train 17.0 0.11721790798008441 0.05844261987134814 0.05812740908935666 1.6906329847188317e-06
    17.0    
0.3323543965816498 1.5748569965362549 0.407548725605011 train 18.0 0.11754039365798236 0.05860149715095758 0.05829695181921125 1.964492639672244e-06
    18.0    
0.3320378065109253 1.5938905477523804 0.4057624340057373 train 19.0 0.11731973595917225 0.058496324848383664 0.0581896516494453 2.0027121081511723e-06
    19.0    
0.3318023085594177 1.605562448501587 0.40955883264541626 train 20.0 0.11710548039525748 0.058381293714046475 0.05809779746457935 2.4189509986172197e-06
    20.0    
0.33305859565734863 1.6330188512802124 0.41104596853256226 train 21.0 0.11724538326263428 0.05844782628118992 0.058178121987730265 2.464835461069015e-06
    21.0    
0.32946881651878357 1.635987401008606 0.4123164117336273 train 22.0 0.11715082619339227 0.05839272949844599 0.05814781466498971 2.8799288429581793e-06
    22.0    
0.3283301591873169 1.6416049003601074 0.4146873950958252 train 23.0 0.1171771003305912 0.058406392987817524 0.058164213672280314 2.827189746312797e-06
    23.0    
0.329054594039917 1.6412982940673828 0.41904789209365845 train 24.0 0.11672093231230975 0.058182320240885016 0.05794189916923642 3.142290324831265e-06
    24.0    
0.3264824151992798 1.632115125656128 0.4168893098831177 train 25.0 0.11702441822737455 0.058294311743229625 0.05813804758712649 3.652600526038441e-06
    25.0    
0.32708030939102173 1.6490014791488647 0.4210306704044342 train 26.0 0.11661128755658864 0.05810067297890782 0.05792626861482859 3.7009290281275753e-06
    26.0    
0.32481545209884644 1.646781325340271 0.4212193191051483 train 27.0 0.11668703939765691 0.05812941240146756 0.05798188989982009 2.886583160943701e-06
    27.0    
0.3229224979877472 1.6398499011993408 0.4235134422779083 train 28.0 0.116557014323771 0.05806596346199513 0.05792031893506646 3.2300370094162645e-06
    28.0    
0.3195183575153351 1.6350659132003784 0.41998255252838135 train 29.0 0.11653447948396206 0.05803871801123023 0.057928828597068785 3.0555479497706983e-06
    29.0    
0.31627753376960754 1.637558937072754 0.4220622181892395 train 30.0 0.11643665995448828 0.05798091277480125 0.057889759484678505 2.927596142399125e-06
    30.0    
0.3161165118217468 1.626773476600647 0.42201489210128784 train 31.0 0.11647891741245985 0.05799711685627699 0.05792027113959193 2.8231834221514873e-06
    31.0    
0.3131132423877716 1.6167365312576294 0.4174647033214569 train 32.0 0.11619121920317411 0.05785753117874265 0.057774110063910485 1.913310143208946e-06
    32.0    
0.3124314844608307 1.6185071468353271 0.4214737117290497 train 33.0 0.11644478857517243 0.05798572206869721 0.057900799922645095 2.15226805266866e-06
    33.0    
0.3099781572818756 1.5980968475341797 0.41631507873535156 train 34.0 0.1163401073589921 0.05791772088035941 0.05786908354610205 2.1156536149646854e-06
    34.0    
0.30974847078323364 1.5972994565963745 0.4124835431575775 train 35.0 0.11604819666594267 0.057769802175462244 0.05772794688120484 1.9321653326187516e-06
    35.0    
0.30974632501602173 1.5887222290039062 0.41524267196655273 train 36.0 0.1161164328455925 0.05778421334922314 0.057782784532755614 2.2095348413131433e-06
    36.0    
0.30719080567359924 1.572918176651001 0.41044116020202637 train 37.0 0.1160878274962306 0.05779629584401846 0.05774388385936618 1.9501337646943284e-06
    37.0    
0.30577272176742554 1.557758092880249 0.41019466519355774 train 38.0 0.11607465356588363 0.057757233716547486 0.05777284083887935 1.4035003914614208e-06
    38.0    
0.3023240566253662 1.5415089130401611 0.40233978629112244 train 39.0 0.11622958477586508 0.05783252676948905 0.05785124540328979 1.3575152024714043e-06
    39.0    
0.3042548894882202 1.5259915590286255 0.4042757749557495 train 40.0 0.11576123733073473 0.05762640131637454 0.057589022498577835 1.3363359130380559e-06
    40.0    
0.3029016852378845 1.509826898574829 0.4048064351081848 train 41.0 0.1158795839548111 0.05767270665615797 0.057664584573358296 1.5284189203157439e-06
    41.0    
0.30127260088920593 1.4928250312805176 0.3988784849643707 train 42.0 0.11599316705018282 0.05770960070192814 0.05773897282779217 1.3992099638926447e-06
    42.0    
0.29770660400390625 1.4718475341796875 0.39500585198402405 train 43.0 0.11591681245714426 0.0576716953702271 0.057698491308838126 1.3588631873062695e-06
    43.0    
0.2992987632751465 1.456960916519165 0.3978308141231537 train 44.0 0.11599828559905291 0.05769644549116492 0.0577555874735117 1.4366794403031236e-06
    44.0    
0.29796749353408813 1.4451863765716553 0.39433619379997253 train 45.0 0.115633679702878 0.05750855708494782 0.05758129220455885 1.2426888815753045e-06
    45.0    
0.2967146337032318 1.4304717779159546 0.3917543292045593 train 46.0 0.11589873224496841 0.05763381820172071 0.05771979972720146 1.1394600960557e-06
    46.0    
0.296333909034729 1.4071680307388306 0.387253999710083 train 47.0 0.1156442353501916 0.05752029629424214 0.05758106155321002 1.9732819964701775e-06
    47.0    
0.29744863510131836 1.3984720706939697 0.3888709247112274 train 48.0 0.11573307067155839 0.057529487367719415 0.05766107238829136 1.3494709492078982e-06
    48.0    
0.2936630845069885 1.3795830011367798 0.38405218720436096 train 49.0 0.11558394588530063 0.0574693088606 0.0575732858106494 1.1885530284416745e-06
    49.0    
