Corr-Diag Corr-Full Corr-Swap Data Epoch Loss MMD-Full MMD-Swap Mean
0.23825795948505402 0.9962252974510193 0.5695034861564636 train 0.0 0.1913805741071701 0.09848217282444238 0.08579265084117652 1.8276803530170582e-05
    0.0    
0.27154019474983215 0.7978001236915588 0.5081199407577515 train 1.0 0.1284061798080802 0.06386426754295826 0.06297628913074732 1.255829101864947e-05
    1.0    
0.2821684777736664 0.735751211643219 0.48402610421180725 train 2.0 0.12290589861571789 0.061205677054822445 0.060627766493707894 1.074870306183584e-05
    2.0    
0.28676101565361023 0.7295504212379456 0.4711070954799652 train 3.0 0.12118669163435697 0.060383559614419935 0.05991487490013242 8.586854164605029e-06
    3.0    
0.2862931191921234 0.7531970739364624 0.46332240104675293 train 4.0 0.11988718993961811 0.059758237842470405 0.05934104535728693 6.72786563882255e-06
    4.0    
0.28569313883781433 0.8189589977264404 0.4575548470020294 train 5.0 0.1192936311289668 0.05948216818273067 0.059078220762312415 5.409125151345506e-06
    5.0    
0.28421398997306824 0.8924434781074524 0.4541371464729309 train 6.0 0.11874337952584028 0.05923693774268031 0.05880596462637186 4.134515165787889e-06
    6.0    
0.2875584661960602 0.9719554781913757 0.4469391107559204 train 7.0 0.11831696145236492 0.05902571476995945 0.05861375471577048 3.055347178815282e-06
    7.0    
0.28522947430610657 1.0665092468261719 0.4436001479625702 train 8.0 0.11873573955148459 0.05925242451950908 0.05881841002032161 2.126459094142774e-06
    8.0    
0.2847403585910797 1.139882206916809 0.4409811794757843 train 9.0 0.11828405741602183 0.05904285218566656 0.05858815954998135 1.423894104846113e-06
    9.0    
0.28387337923049927 1.2065712213516235 0.43830522894859314 train 10.0 0.11822965878993273 0.059003262519836425 0.05858110250905156 1.291038984163606e-06
    10.0    
0.28449276089668274 1.2662149667739868 0.43644413352012634 train 11.0 0.11828734871000052 0.05902484729886055 0.05862422976642847 1.1134105761811952e-06
    11.0    
0.28444746136665344 1.3360815048217773 0.43617457151412964 train 12.0 0.11776295341551304 0.05875718634575605 0.05837517214938998 9.672626219980884e-07
    12.0    
0.283051073551178 1.3897665739059448 0.4338395595550537 train 13.0 0.11791451174765825 0.05886065756902099 0.05842776264995336 1.0431062946736347e-06
    13.0    
0.2820253074169159 1.4275593757629395 0.43002617359161377 train 14.0 0.11780316960066557 0.05878012642264366 0.05840065227821469 7.884391379775479e-07
    14.0    
0.28000369668006897 1.4716765880584717 0.4316967725753784 train 15.0 0.11780952841043472 0.05878754023462534 0.0584035568498075 1.102140572584176e-06
    15.0    
0.28012707829475403 1.5109506845474243 0.4255200922489166 train 16.0 0.11795099895447493 0.05883712846785784 0.05849917087703943 1.3036991504122852e-06
    16.0    
0.27905920147895813 1.5470184087753296 0.4295617938041687 train 17.0 0.11742767669260502 0.05861497446894646 0.05820194762200117 1.4215379451343324e-06
    17.0    
0.2792944312095642 1.5907437801361084 0.42633309960365295 train 18.0 0.11755728591233491 0.05865345761179924 0.05829527223482728 1.2540169791463995e-06
    18.0    
0.2780053913593292 1.5977023839950562 0.42389798164367676 train 19.0 0.1176054222136736 0.05865750569850206 0.05834326360374689 1.4306473303804523e-06
    19.0    
0.27674636244773865 1.6198309659957886 0.420579731464386 train 20.0 0.11750052839517594 0.058624872136861086 0.05827155059203506 1.9146943941450445e-06
    20.0    
0.2735917866230011 1.6393861770629883 0.41818976402282715 train 21.0 0.11746855240315199 0.058602702729403974 0.058265444599092005 1.973152393475175e-06
    21.0    
0.2746273875236511 1.6728010177612305 0.4183531403541565 train 22.0 0.11738118082284928 0.05855689469724894 0.05822706550359726 1.9158705981681123e-06
    22.0    
0.2749119997024536 1.6955803632736206 0.4162825345993042 train 23.0 0.11733856603503227 0.05850823923945427 0.058235978800803424 2.047655016212957e-06
    23.0    
0.2706403434276581 1.7133992910385132 0.413176566362381 train 24.0 0.11762677516788245 0.05865149404853583 0.0583823430351913 2.1473431388585595e-06
    24.0    
0.2699853479862213 1.7389975786209106 0.40887248516082764 train 25.0 0.11753509745001793 0.05861410714685917 0.058330048881471155 1.8491755326977e-06
    25.0    
0.26609259843826294 1.7439645528793335 0.40535902976989746 train 26.0 0.11751413632184267 0.05859323650598526 0.058331774175167085 2.063987039946369e-06
    26.0    
0.2687079906463623 1.745496153831482 0.4059063196182251 train 27.0 0.11701971992850303 0.0583425055257976 0.058091400973498825 2.348033831367502e-06
    27.0    
0.2672220468521118 1.7633079290390015 0.3998134434223175 train 28.0 0.11709033332765102 0.058370574843138456 0.05813815051689744 2.2105923562776297e-06
    28.0    
0.2674312889575958 1.7594116926193237 0.4029913544654846 train 29.0 0.11691392000764608 0.05827206121757626 0.05806452570483089 2.7136698008689564e-06
    29.0    
0.2669832110404968 1.7542369365692139 0.40032151341438293 train 30.0 0.11701139893382788 0.05834506832063198 0.05809063544496894 2.370334641454974e-06
    30.0    
0.2637162506580353 1.7498341798782349 0.3962525725364685 train 31.0 0.11685725308954716 0.0582506214082241 0.05803426571190357 2.241089305243804e-06
    31.0    
0.2648509442806244 1.7371772527694702 0.3947141468524933 train 32.0 0.11695076260715723 0.05826729601249099 0.05811579899862409 2.6474572223378345e-06
    32.0    
0.2650134563446045 1.7160109281539917 0.3953706920146942 train 33.0 0.11676779936999082 0.05815143195912242 0.058054045867174865 2.362753093620995e-06
    33.0    
0.2614602744579315 1.7078070640563965 0.392922043800354 train 34.0 0.11683805789798499 0.05819417947903276 0.05808476366102695 2.319115083082579e-06
    34.0    
0.26259541511535645 1.6928534507751465 0.39308595657348633 train 35.0 0.11652378037571907 0.05803874647244811 0.0579313488304615 2.5892932171700522e-06
    35.0    
0.25951939821243286 1.6795607805252075 0.39142411947250366 train 36.0 0.11650915410369635 0.058022107984870674 0.0579383403994143 2.2072879346524132e-06
    36.0    
0.2585475444793701 1.6701964139938354 0.3915976583957672 train 37.0 0.11672803398221732 0.05812362184748054 0.058058781009167434 2.2558292585017625e-06
    37.0    
0.25685882568359375 1.6625542640686035 0.3903476297855377 train 38.0 0.11652679949998855 0.05802880877628922 0.057953861337155105 1.8728414943325333e-06
    38.0    
0.25579261779785156 1.6493269205093384 0.3885851204395294 train 39.0 0.11648581799119712 0.058004213590174915 0.05793934660032392 1.875655357252981e-06
    39.0    
0.2553759813308716 1.6425530910491943 0.3888079524040222 train 40.0 0.11624864179641009 0.05787746390327811 0.05783195972442627 1.9845010683638975e-06
    40.0    
0.2554042935371399 1.6326769590377808 0.3876644968986511 train 41.0 0.11631577625870705 0.057914521507918836 0.05786450760439038 1.916240307764383e-06
    41.0    
0.25448963046073914 1.62244713306427 0.39043545722961426 train 42.0 0.11615630719810724 0.05780940117314458 0.05781265161931515 1.9168510334566236e-06
    42.0    
0.2502444386482239 1.6098462343215942 0.3859401047229767 train 43.0 0.11619183663278818 0.0578050578944385 0.05785675568506122 1.4856941561447456e-06
    43.0    
0.2528626024723053 1.6057522296905518 0.38958221673965454 train 44.0 0.11626612834632397 0.057874035499989984 0.05786110183224082 1.7046619404936791e-06
    44.0    
0.24986734986305237 1.5941600799560547 0.3876153528690338 train 45.0 0.11636046089231968 0.057904171906411644 0.0579261421225965 1.9710571450559655e-06
    45.0    
0.2497195601463318 1.5795326232910156 0.3894122242927551 train 46.0 0.11591548670083285 0.05765995278954506 0.0577295988984406 1.4019204854776035e-06
    46.0    
0.24734526872634888 1.5688786506652832 0.38391080498695374 train 47.0 0.1160429684072733 0.05772202232852578 0.05779717054218054 1.759478664098424e-06
    47.0    
0.24684171378612518 1.5547726154327393 0.38845294713974 train 48.0 0.1161113564670086 0.05775377543643117 0.05783511677756906 1.2919450682602474e-06
    48.0    
0.24604491889476776 1.5322548151016235 0.3862096965312958 train 49.0 0.11627303835004568 0.05787976959720254 0.057867312002927065 1.1892776683453121e-06
    49.0    
