Corr-Diag Corr-Full Corr-Swap Data Epoch Loss MMD-Full MMD-Swap Mean
0.21964122354984283 1.7222923040390015 0.5951167941093445 train 0.0 0.25805247597396375 0.13526491478085517 0.10939927950501442 4.2471743654459715e-05
    0.0    
0.2659844756126404 1.3875309228897095 0.5434468984603882 train 1.0 0.14347071655094623 0.07164646025747061 0.06788398571312428 2.9241446100058965e-05
    1.0    
0.2888645827770233 1.225753664970398 0.5133775472640991 train 2.0 0.13225854225456715 0.0655738827586174 0.06376988844946027 2.7222302378504537e-05
    2.0    
0.3042255640029907 1.1398416757583618 0.49190592765808105 train 3.0 0.1278391334041953 0.06323530178517103 0.062137574926018714 2.3338765458902344e-05
    3.0    
0.3141273260116577 1.0596932172775269 0.4747922420501709 train 4.0 0.1255177218839526 0.06209326658397913 0.06125918455421925 2.3716167561360635e-05
    4.0    
0.3218440115451813 0.9980694651603699 0.4613819718360901 train 5.0 0.1235358739644289 0.061105371769517663 0.06049480864778161 2.1888850824325345e-05
    5.0    
0.32578685879707336 0.9627687335014343 0.44844526052474976 train 6.0 0.12244240954518318 0.060643518548458814 0.06003192327916622 1.916561450343579e-05
    6.0    
0.3310932219028473 0.9285432696342468 0.44014477729797363 train 7.0 0.12121658068150282 0.06004682265222073 0.059546938240528105 1.7344998923363164e-05
    7.0    
0.3323763310909271 0.9096696376800537 0.43141648173332214 train 8.0 0.1210709585994482 0.06003295473754406 0.05953280443325639 1.6544488971703686e-05
    8.0    
0.3370041251182556 0.888921856880188 0.42389506101608276 train 9.0 0.12049818906933069 0.05981730874627829 0.0592797863855958 1.638311914575752e-05
    9.0    
0.34213969111442566 0.8792291283607483 0.4182550013065338 train 10.0 0.11976253658533097 0.05946546401828527 0.05898835672065616 1.5712581443949603e-05
    10.0    
0.3422498404979706 0.8700366616249084 0.41205960512161255 train 11.0 0.11949947986751795 0.05938461335375905 0.058882346656173465 1.3873764146410394e-05
    11.0    
0.3461858630180359 0.8710362911224365 0.4122495949268341 train 12.0 0.11899823863059282 0.05916401883587241 0.058675432037562134 1.287925897486275e-05
    12.0    
0.3471873998641968 0.8732474446296692 0.4076898694038391 train 13.0 0.11918368235230446 0.05928254257887602 0.058801049441099165 1.1482347872515675e-05
    13.0    
0.34973376989364624 0.888492226600647 0.4081762433052063 train 14.0 0.11874213814735413 0.05911508344113827 0.05857559209689498 1.204314594360767e-05
    14.0    
0.35242077708244324 0.9021323323249817 0.4100157618522644 train 15.0 0.11819618444889785 0.05883908860385418 0.05835202505812049 1.1748984434234444e-05
    15.0    
0.3554064631462097 0.9305494427680969 0.41180235147476196 train 16.0 0.11862236805260182 0.059066982790827754 0.058584356103092435 9.225502253684681e-06
    16.0    
0.3588751554489136 0.9558581113815308 0.41469764709472656 train 17.0 0.11809275690466166 0.058812620379030706 0.05834437739104033 1.021744537865743e-05
    17.0    
0.36101534962654114 0.9865058064460754 0.419310063123703 train 18.0 0.11802155520766973 0.058780784122645854 0.058333946485072376 9.120401955442503e-06
    18.0    
0.36209970712661743 1.0171116590499878 0.42226916551589966 train 19.0 0.11805524233728647 0.058816496822983025 0.05835943827405572 8.490482287015766e-06
    19.0    
0.36384138464927673 1.058646321296692 0.4252975285053253 train 20.0 0.11785920199006795 0.05871823159977794 0.05828405402600765 7.101760274963453e-06
    20.0    
0.36326271295547485 1.1015821695327759 0.43288999795913696 train 21.0 0.1180373327806592 0.058811144661158325 0.05839086934924126 7.870824447309133e-06
    21.0    
0.3667311668395996 1.1380467414855957 0.43765464425086975 train 22.0 0.11770445439964533 0.058684016540646554 0.058207118231803176 5.896951279282803e-06
    22.0    
0.366595059633255 1.176217794418335 0.4438392221927643 train 23.0 0.11731908697634935 0.05846225587651133 0.05805974874645472 6.082805612095399e-06
    23.0    
0.365763396024704 1.202711582183838 0.4466703236103058 train 24.0 0.11775275278836489 0.05869302295148373 0.058277151565998796 6.601450877496973e-06
    24.0    
0.36840155720710754 1.2550209760665894 0.4538212716579437 train 25.0 0.11763106431812048 0.05864626521244645 0.058218114115297794 4.53496613772586e-06
    25.0    
0.3682321012020111 1.296817660331726 0.46161583065986633 train 26.0 0.11750799730420113 0.05856285093352199 0.05819500455632806 4.597746283252491e-06
    26.0    
0.3683091402053833 1.3272212743759155 0.4662878215312958 train 27.0 0.11746471986174584 0.05854030011221766 0.058186278883367776 4.953211828251369e-06
    27.0    
0.36738041043281555 1.371606469154358 0.47398513555526733 train 28.0 0.11743459716439247 0.05853008639067411 0.05817765563726425 4.9123009375762194e-06
    28.0    
0.36659491062164307 1.406934380531311 0.4795593023300171 train 29.0 0.11730849385261535 0.05849133249372244 0.05809884333983064 4.593473022396211e-06
    29.0    
0.36635228991508484 1.4335196018218994 0.4849773645401001 train 30.0 0.11761796157807111 0.058610742092132566 0.058302049823105336 3.7357851851993473e-06
    30.0    
0.36646443605422974 1.4759345054626465 0.49358418583869934 train 31.0 0.11707083806395531 0.05835975859314203 0.058014171738177536 5.342232725524809e-06
    31.0    
0.3660494387149811 1.499254584312439 0.4987054169178009 train 32.0 0.11700572215020656 0.058338446114212274 0.05798079283908009 4.0273534978041425e-06
    32.0    
0.364134281873703 1.5323134660720825 0.5078272819519043 train 33.0 0.11709537852555513 0.058376668356359004 0.058037665728479626 3.97637131754891e-06
    33.0    
0.36306843161582947 1.5555676221847534 0.5133309364318848 train 34.0 0.11693448469042778 0.05829932231456041 0.05796455282717943 3.859805929096183e-06
    34.0    
0.3637479543685913 1.5765972137451172 0.5190874338150024 train 35.0 0.1167454394698143 0.058203260749578475 0.057878455352038144 4.007908955827588e-06
    35.0    
0.3621804714202881 1.5982491970062256 0.5258315801620483 train 36.0 0.11695479545742274 0.05829735156148672 0.05800125379115343 2.991882638525567e-06
    36.0    
0.36008748412132263 1.621404767036438 0.5286856889724731 train 37.0 0.11691465869545936 0.05826270194724202 0.058001596070826056 3.779484586630133e-06
    37.0    
0.3575723469257355 1.644417405128479 0.5351412296295166 train 38.0 0.11678290084004402 0.05821081880480051 0.057927122469991446 2.7472408419271233e-06
    38.0    
0.35749974846839905 1.655032992362976 0.5406820178031921 train 39.0 0.11666024897247552 0.05814549533650279 0.05787590814754367 4.365825134300394e-06
    39.0    
0.35501569509506226 1.6730831861495972 0.5449038743972778 train 40.0 0.11664402611553669 0.05811291662976146 0.05789920087903738 3.447281869739527e-06
    40.0    
0.3540503680706024 1.689139485359192 0.5476787686347961 train 41.0 0.11679963745176793 0.05820681363344193 0.05796552330255508 2.679933231775067e-06
    41.0    
0.3528098464012146 1.7069441080093384 0.5539040565490723 train 42.0 0.11638647221028804 0.05801251035183668 0.05775118611752987 2.770546416286379e-06
    42.0    
0.3521957993507385 1.7204676866531372 0.5575498938560486 train 43.0 0.11634392440319061 0.057974145021289586 0.05775038002058864 2.9214982077974128e-06
    43.0    
0.34976330399513245 1.7292848825454712 0.5583306550979614 train 44.0 0.1164806554466486 0.05804962299764156 0.05781695852056146 3.6183680549584096e-06
    44.0    
0.3488762676715851 1.7356208562850952 0.5617535710334778 train 45.0 0.11635067675262689 0.05796674748882651 0.05777274625375867 2.1608143470075447e-06
    45.0    
0.34858182072639465 1.7415624856948853 0.5638167858123779 train 46.0 0.11629182741045951 0.05793167140334845 0.0577528915181756 4.795019322045846e-06
    46.0    
0.3463904559612274 1.7501304149627686 0.5648517608642578 train 47.0 0.1164525218307972 0.058005192372947934 0.05784365555271506 3.357225068612024e-06
    47.0    
0.343468576669693 1.7572733163833618 0.5664717555046082 train 48.0 0.11643312469124795 0.05799376493319869 0.05783612223342061 3.495693817967549e-06
    48.0    
0.34235167503356934 1.7668730020523071 0.569193422794342 train 49.0 0.1162310617417097 0.05790355177596211 0.057727562244981524 5.516887995327124e-06
    49.0    
0.3413717746734619 1.768185019493103 0.5722264647483826 train 50.0 0.11609703917056322 0.0578570425324142 0.057643583063036206 2.678518512766459e-06
    50.0    
0.3410024642944336 1.771124005317688 0.5729488730430603 train 51.0 0.11616127245128155 0.05786124318838119 0.05770744716748595 5.5473278735007625e-06
    51.0    
0.33912912011146545 1.7798508405685425 0.5742670297622681 train 52.0 0.11613938007503748 0.057832943201065065 0.05771255210042 3.4422446333337575e-06
    52.0    
0.3394412398338318 1.781091570854187 0.5736395716667175 train 53.0 0.11604704402387142 0.05782193604856729 0.05763491477817297 5.30289207745227e-06
    53.0    
0.3386479616165161 1.78047776222229 0.576932430267334 train 54.0 0.11594270940870047 0.05775416687130928 0.05759844308719039 3.6679120967164636e-06
    54.0    
0.33508601784706116 1.7804687023162842 0.5759124755859375 train 55.0 0.11624780908226967 0.057913040574640036 0.057746808733791115 3.5964465041615767e-06
    55.0    
0.3352978825569153 1.781416893005371 0.576996386051178 train 56.0 0.11618627149611711 0.05785636177286506 0.057741630803793666 3.3871401683427393e-06
    56.0    
0.33600732684135437 1.7817081212997437 0.5759281516075134 train 57.0 0.11617507167160511 0.05784622155129909 0.05774209076538682 2.8424192350939848e-06
    57.0    
0.3344518542289734 1.7808561325073242 0.5775542855262756 train 58.0 0.11609496515244246 0.0577935309894383 0.05771831663325429 4.3169902710360475e-06
    58.0    
0.33306583762168884 1.782422661781311 0.5768969655036926 train 59.0 0.1158945144712925 0.05770839273929596 0.05760354861617088 4.113023805984994e-06
    59.0    
0.3346131443977356 1.7798337936401367 0.5773929357528687 train 60.0 0.11594138320535421 0.05771714363247156 0.057642068546265364 1.91606682165002e-06
    60.0    
0.33421483635902405 1.776207447052002 0.5749797224998474 train 61.0 0.11592068362981081 0.05770852468907833 0.05763464154675603 4.113949671591399e-06
    61.0    
0.33252599835395813 1.7714518308639526 0.5752915740013123 train 62.0 0.11620032083243131 0.05783298961818218 0.05778487099334598 2.541240291975555e-06
    62.0    
0.3308352530002594 1.773207187652588 0.5724114179611206 train 63.0 0.11590713735669851 0.05771276336163282 0.05761459968984127 5.361902367440052e-06
    63.0    
0.3333546817302704 1.7667230367660522 0.5741233825683594 train 64.0 0.11605862770229577 0.05777081018313766 0.057709212489426134 3.422725512791658e-06
    64.0    
0.33119311928749084 1.7681299448013306 0.5738008618354797 train 65.0 0.1157437502220273 0.0576048593968153 0.05756519388407469 4.46152671429445e-06
    65.0    
0.32811686396598816 1.7674596309661865 0.5731868147850037 train 66.0 0.11601797129958868 0.05775921268388629 0.05768172308802605 3.1319539175456157e-06
    66.0    
0.3281663954257965 1.7618337869644165 0.5720514059066772 train 67.0 0.11604678943753242 0.057762298826128246 0.05770629622042179 5.843992312293267e-06
    67.0    
0.3290676474571228 1.7557536363601685 0.5701634287834167 train 68.0 0.11606386408209801 0.05776515267789364 0.057718215566128495 2.0645418317144504e-06
    68.0    
0.32699114084243774 1.7543445825576782 0.5705280900001526 train 69.0 0.11617637816816569 0.057829425632953645 0.05776625664904714 3.1304532512876904e-06
    69.0    
0.32733097672462463 1.7508118152618408 0.5691049098968506 train 70.0 0.11589536231011152 0.05769503267481923 0.05762314284220338 4.405099844007054e-06
    70.0    
0.3273785412311554 1.7509074211120605 0.5681053996086121 train 71.0 0.1156917417421937 0.05755639547482133 0.057561922650784254 3.073995003433083e-06
    71.0    
0.3291727900505066 1.7452863454818726 0.5671482086181641 train 72.0 0.11566244062036275 0.05756475480273366 0.0575246924161911 3.2088864827528596e-06
    72.0    
0.32617998123168945 1.7395890951156616 0.5668969750404358 train 73.0 0.11605674143880605 0.057772690895944834 0.05770812379196286 3.5009895782422973e-06
    73.0    
0.3253873884677887 1.7315255403518677 0.5657093524932861 train 74.0 0.11594890229403973 0.05769233256578445 0.057681042160838844 3.319518100397545e-06
    74.0    
0.3257348835468292 1.7269580364227295 0.5632544159889221 train 75.0 0.11610480796545744 0.057770510651171204 0.057759452685713766 2.419150177956908e-06
    75.0    
0.3256898820400238 1.7210822105407715 0.5600758194923401 train 76.0 0.11574737776070833 0.05762268697842956 0.05755028834566474 3.3827679999376414e-06
    76.0    
0.3251458406448364 1.7134627103805542 0.5605068206787109 train 77.0 0.11576127626001835 0.05758448885753751 0.05760222105309367 2.387946096860105e-06
    77.0    
0.32536882162094116 1.7059264183044434 0.557499349117279 train 78.0 0.11582810640335083 0.057648739833384754 0.057605482041835784 2.4343294171558227e-06
    78.0    
0.32457396388053894 1.703948974609375 0.557515025138855 train 79.0 0.11567023623734712 0.05756231892853975 0.057534339725971224 3.6532717331283493e-06
    79.0    
0.32596614956855774 1.701025366783142 0.5575496554374695 train 80.0 0.11608468763530254 0.057760253790766 0.057748586051166055 3.4005222460109508e-06
    80.0    
0.32402247190475464 1.6945017576217651 0.5585955381393433 train 81.0 0.11576205722987652 0.05760076355189085 0.057590037789195775 4.338744474807754e-06
    81.0    
0.3258279860019684 1.6836339235305786 0.5545853972434998 train 82.0 0.11557200968265534 0.0575057390704751 0.05749648176133633 2.841219384208671e-06
    82.0    
0.32467126846313477 1.6790794134140015 0.5545811057090759 train 83.0 0.11563956897705793 0.057534239795058964 0.05753468750044703 3.4477773169783177e-06
    83.0    
0.32429829239845276 1.671433448791504 0.5521498918533325 train 84.0 0.11590355761349201 0.05768078679218888 0.05765125330537558 2.8226172616996337e-06
    84.0    
0.3231639266014099 1.6712502241134644 0.5509556531906128 train 85.0 0.11573220059275627 0.057608883660286665 0.05754941288381815 2.840766455847188e-06
    85.0    
0.32370343804359436 1.66035795211792 0.5507655739784241 train 86.0 0.1156596114858985 0.05755115581676364 0.05753842016682029 3.4375332234048983e-06
    86.0    
0.3243506848812103 1.6527106761932373 0.5515862703323364 train 87.0 0.11573845338076354 0.0575889015942812 0.057579570952802896 2.201259576395387e-06
    87.0    
0.3243110775947571 1.6499868631362915 0.5484771132469177 train 88.0 0.11550578732043505 0.057468010280281305 0.05746896114200353 3.6173337321088184e-06
    88.0    
0.3266512155532837 1.6418163776397705 0.5482792854309082 train 89.0 0.11539014562964439 0.057409571688622235 0.05741541929543018 2.3338218397839228e-06
    89.0    
0.3253253102302551 1.6379493474960327 0.5466440320014954 train 90.0 0.11542034044861793 0.057426691856235265 0.05742918699979782 2.601178493932821e-06
    90.0    
0.32430538535118103 1.6320898532867432 0.5439209938049316 train 91.0 0.1154940876737237 0.05747040951624513 0.05745902078226209 2.7546627734409412e-06
    91.0    
0.325914591550827 1.621855616569519 0.5431443452835083 train 92.0 0.11603562232106925 0.057723777629435064 0.057744230441749096 3.717409754244727e-06
    92.0    
0.32398656010627747 1.61444890499115 0.5414559245109558 train 93.0 0.11548217568546533 0.05743977127596736 0.05748007139191032 3.339260047141579e-06
    93.0    
0.3249557316303253 1.6079058647155762 0.5399788022041321 train 94.0 0.11568120233714581 0.05754791809245944 0.05756840026006103 2.230137852166081e-06
    94.0    
0.3250683844089508 1.6051607131958008 0.5384670495986938 train 95.0 0.1154246211051941 0.057433652095496654 0.057424170840531585 3.226201215511537e-06
    95.0    
0.32327035069465637 1.596748948097229 0.5377508401870728 train 96.0 0.11566368900239468 0.05753958437591791 0.05756004013121128 4.2848873818002176e-06
    96.0    
0.32412734627723694 1.591410756111145 0.535715639591217 train 97.0 0.11543400060385466 0.057413877360522746 0.05745693050324917 2.450646661600331e-06
    97.0    
0.3206515610218048 1.5903388261795044 0.5349891185760498 train 98.0 0.1156764792650938 0.0575294229388237 0.057580237295478585 3.3683456877042772e-06
    98.0    
0.3228922486305237 1.5796828269958496 0.5317985415458679 train 99.0 0.11568749837577343 0.05752747738733888 0.05759625378996134 4.515200089372229e-06
    99.0    
