Corr-Diag Corr-Full Corr-Swap Data Epoch Loss MMD-Full MMD-Swap Mean
0.23613600432872772 1.0581556558609009 0.5843079090118408 train 0.0 0.22790611535310745 0.11599208317697048 0.10357607807964087 2.5786317564779893e-05
    0.0    
0.27044713497161865 0.8564761281013489 0.5244439840316772 train 1.0 0.17314903631806375 0.085563632696867 0.08517033651471138 1.3989432773087174e-05
    1.0    
0.2847222685813904 0.7860880494117737 0.4953792989253998 train 2.0 0.16850827649235725 0.08328827429562807 0.08347640614956617 1.2002280527667608e-05
    2.0    
0.29539060592651367 0.7498171925544739 0.47400999069213867 train 3.0 0.16701338589191436 0.08263635538518428 0.082881640791893 1.0807064427353907e-05
    3.0    
0.30028650164604187 0.7376956939697266 0.4602271318435669 train 4.0 0.16537741735577582 0.08189967863261699 0.0821399350836873 9.866860636975616e-06
    4.0    
0.30210044980049133 0.7315554022789001 0.448568731546402 train 5.0 0.16519633382558824 0.08184714023023844 0.08211370225995779 8.567835720896255e-06
    5.0    
0.3043263554573059 0.7387375235557556 0.44336801767349243 train 6.0 0.16445296093821526 0.08152216710150242 0.08177501238882541 7.308824024221394e-06
    6.0    
0.3088794946670532 0.7619869709014893 0.43415406346321106 train 7.0 0.16418478786945342 0.08143334504216909 0.08165233366191388 6.116485110396752e-06
    7.0    
0.306292325258255 0.7919960021972656 0.4299197494983673 train 8.0 0.16424230128526687 0.08145998358726501 0.08172227595001459 5.205728484725114e-06
    8.0    
0.3082754611968994 0.8326404690742493 0.42459243535995483 train 9.0 0.16341254726052284 0.08107764724642039 0.0813197810202837 4.48361606686376e-06
    9.0    
0.30887743830680847 0.8879256248474121 0.4202103614807129 train 10.0 0.1635983707010746 0.0811691214889288 0.08144152957946062 3.821892278210726e-06
    10.0    
0.30839312076568604 0.9409942030906677 0.4194810688495636 train 11.0 0.1633508987724781 0.08105567004531622 0.08133083693683148 2.758412620096351e-06
    11.0    
0.30841049551963806 1.010394811630249 0.41723135113716125 train 12.0 0.1631800792366266 0.0809983442351222 0.08123246442526579 2.2538661141879857e-06
    12.0    
0.30655571818351746 1.0344336032867432 0.41337156295776367 train 13.0 0.16312199100852012 0.08099860932677984 0.08118389878422022 1.999256483031786e-06
    13.0    
0.30543452501296997 1.0860892534255981 0.41226688027381897 train 14.0 0.1634717808663845 0.08112350713461637 0.08141999129205942 1.5484741879845387e-06
    14.0    
0.30487972497940063 1.1486212015151978 0.4125038981437683 train 15.0 0.16277087435126306 0.08077930059283972 0.08107908852398396 1.4318592320705648e-06
    15.0    
0.3043312132358551 1.1938227415084839 0.41337016224861145 train 16.0 0.16321648903191088 0.0809976714476943 0.08131450343877077 1.3489805041899672e-06
    16.0    
0.2988998591899872 1.2439312934875488 0.4138489365577698 train 17.0 0.1625578584522009 0.08067161832004785 0.08099096328020096 8.05444528850785e-07
    17.0    
0.3020365834236145 1.2857645750045776 0.41402965784072876 train 18.0 0.16280318059027196 0.08078796133399009 0.08112722277641296 9.839405947786872e-07
    18.0    
0.3030973970890045 1.325289011001587 0.4131139814853668 train 19.0 0.16263607546687125 0.08070137057453394 0.08105165842920542 1.1076238024543272e-06
    19.0    
0.3028096854686737 1.3534903526306152 0.41641348600387573 train 20.0 0.16277025252580643 0.0807800905033946 0.08111648142337799 1.2154622481830302e-06
    20.0    
0.30117541551589966 1.3875240087509155 0.4157205820083618 train 21.0 0.16243931129574776 0.08059421688318252 0.08097249209880829 8.316872595059976e-07
    21.0    
0.2976457476615906 1.4068101644515991 0.41328635811805725 train 22.0 0.16262577764689923 0.08068043395876884 0.08107775032520294 1.1117225540147047e-06
    22.0    
0.29597970843315125 1.4372364282608032 0.4169745445251465 train 23.0 0.16232978612184523 0.08051985859870911 0.08094484616070986 1.4149785556583083e-06
    23.0    
0.2946534752845764 1.440807819366455 0.4134904742240906 train 24.0 0.1625770851969719 0.08062686309218407 0.08108470890671014 1.4774545888940338e-06
    24.0    
0.292965292930603 1.4632668495178223 0.4134676158428192 train 25.0 0.16275612510740756 0.08075108606368303 0.0811399993672967 1.6126141417771578e-06
    25.0    
0.2934258282184601 1.4877891540527344 0.4158090651035309 train 26.0 0.16183262467384338 0.08028820745646953 0.08069007683545351 1.7988139688895899e-06
    26.0    
0.29069048166275024 1.5161370038986206 0.4157567024230957 train 27.0 0.16186909183859824 0.08028767492622137 0.08073039971292019 1.7450391851525637e-06
    27.0    
0.2871329188346863 1.5179228782653809 0.41428691148757935 train 28.0 0.16231698110699655 0.0804811318218708 0.08098191365599633 2.6351951873948565e-06
    28.0    
0.28554728627204895 1.5461419820785522 0.41459745168685913 train 29.0 0.1621373873949051 0.08041025754064321 0.08087005998939276 2.1524631392821902e-06
    29.0    
0.285458505153656 1.552283525466919 0.41906943917274475 train 30.0 0.1624117049574852 0.08053984440863132 0.08100760038942098 2.7217540718993405e-06
    30.0    
0.2807276248931885 1.5615339279174805 0.41286206245422363 train 31.0 0.16196758657693863 0.08031824138015509 0.08079038936644793 2.3844215775170596e-06
    31.0    
0.2836313545703888 1.5592812299728394 0.4168006181716919 train 32.0 0.16156236484646797 0.0801376884430647 0.08057416681200266 2.8461033707571914e-06
    32.0    
0.283282071352005 1.5774697065353394 0.4179579019546509 train 33.0 0.16163765415549278 0.0801426900923252 0.0806416629627347 2.562346253398573e-06
    33.0    
0.27415624260902405 1.5829473733901978 0.41888728737831116 train 34.0 0.16203766874969006 0.08034594491124153 0.08084228169173002 2.788812480503111e-06
    34.0    
0.27817633748054504 1.5849018096923828 0.4187561273574829 train 35.0 0.16126635149121285 0.07994900427758694 0.08047693755477667 2.7337971459928667e-06
    35.0    
0.2778179347515106 1.5716047286987305 0.4150916635990143 train 36.0 0.16144983477890493 0.08005406435579061 0.08055146973580123 2.5547587938490324e-06
    36.0    
0.27478957176208496 1.5913456678390503 0.42181113362312317 train 37.0 0.16173062711954117 0.08018687307834625 0.08069987144321203 2.7638357096293475e-06
    37.0    
0.26969364285469055 1.5869226455688477 0.41674625873565674 train 38.0 0.16187214635312558 0.08026785373687745 0.08075920794159173 2.5664528493507532e-06
    38.0    
0.271771639585495 1.5811760425567627 0.4274536371231079 train 39.0 0.16153505124151707 0.08002247218042612 0.08067323032766581 2.943728304671822e-06
    39.0    
0.2666848301887512 1.5847349166870117 0.4163772463798523 train 40.0 0.16136713221669197 0.08000750564038754 0.08051003839820624 2.289247277076356e-06
    40.0    
0.2692287266254425 1.591202974319458 0.4235784709453583 train 41.0 0.16139525979757308 0.08000628538429737 0.08053917717188597 3.0897952001396334e-06
    41.0    
0.26676422357559204 1.596556305885315 0.41677433252334595 train 42.0 0.1611342953145504 0.07988052938133477 0.08040993679314852 1.897920697047084e-06
    42.0    
0.2617020905017853 1.5904037952423096 0.421135276556015 train 43.0 0.16163593582808972 0.08008031588047743 0.08070485148578882 2.2776000605517766e-06
    43.0    
0.25952431559562683 1.591898798942566 0.41826698184013367 train 44.0 0.16161952562630177 0.08005000807344914 0.08071753069758415 1.6870947092684219e-06
    44.0    
0.2608828842639923 1.5917192697525024 0.4180619418621063 train 45.0 0.1612825682014227 0.07991503693163395 0.0805095523968339 2.3955733468028484e-06
    45.0    
0.2608634829521179 1.582352638244629 0.42323029041290283 train 46.0 0.16126030758023263 0.07989169195294381 0.08051396880298853 2.2706522031512577e-06
    46.0    
0.2599894106388092 1.5797669887542725 0.4166855216026306 train 47.0 0.16134578496217727 0.07992303963750601 0.08056015100330115 1.788297254279314e-06
    47.0    
0.2581382393836975 1.5767080783843994 0.4144297242164612 train 48.0 0.16159244202077389 0.08004719562828541 0.08068522270768881 1.3756429098066292e-06
    48.0    
0.257315456867218 1.5777887105941772 0.41536736488342285 train 49.0 0.16126810543239117 0.0798693135753274 0.08053987134248018 1.8114784552381025e-06
    49.0    
