Corr-Diag Corr-Full Corr-Swap Data Epoch Loss MMD-Full MMD-Swap Mean
0.24958436191082 1.0175470113754272 0.562061607837677 train 0.0 0.19112170562148095 0.0979217503592372 0.0859227543324232 1.7231588572030887e-05
    0.0    
0.2684532105922699 0.8003935217857361 0.509259819984436 train 1.0 0.12864003192633391 0.06404198002070188 0.0629219669662416 1.2487109415815212e-05
    1.0    
0.271660178899765 0.7223031520843506 0.48811259865760803 train 2.0 0.12303826101124286 0.061191696915775536 0.06069051207974553 1.084937230189098e-05
    2.0    
0.2685464024543762 0.6997728943824768 0.4797077775001526 train 3.0 0.12092077687382698 0.060175479762256144 0.059783203378319744 9.36223932512803e-06
    3.0    
0.2661800980567932 0.699093222618103 0.4713629484176636 train 4.0 0.11976564440876246 0.05965753773227334 0.05924792759120465 7.458902928192401e-06
    4.0    
0.26148995757102966 0.7304116487503052 0.46744540333747864 train 5.0 0.1190843803063035 0.05933289811015129 0.05894729001447559 5.959421287116129e-06
    5.0    
0.2596451938152313 0.7890732288360596 0.4631136655807495 train 6.0 0.11880388397723436 0.059213081952184436 0.05882432108744979 4.66123356090975e-06
    6.0    
0.25426194071769714 0.8654225468635559 0.45959821343421936 train 7.0 0.11833883970975875 0.059018340837210415 0.05857458394020796 3.696151907206513e-06
    7.0    
0.2528283894062042 0.9428154826164246 0.4598426818847656 train 8.0 0.1185405932739377 0.05910123834386468 0.05870648086071015 2.758757318588323e-06
    8.0    
0.25091832876205444 1.0262631177902222 0.4550647437572479 train 9.0 0.11818076144903898 0.058927988521754744 0.0585306985117495 2.0516688437055564e-06
    9.0    
0.2502075433731079 1.1280094385147095 0.45527184009552 train 10.0 0.11825134802609683 0.05896856054663658 0.058570955414325 1.4115170188233606e-06
    10.0    
0.2488967478275299 1.2094732522964478 0.45332998037338257 train 11.0 0.11802130240947008 0.05885258063673973 0.05846270252019167 1.3340344366952195e-06
    11.0    
0.24568116664886475 1.3032747507095337 0.45033392310142517 train 12.0 0.11789844777435064 0.0588057609833777 0.058394811153411864 9.92536683952494e-07
    12.0    
0.24224744737148285 1.3786877393722534 0.44924890995025635 train 13.0 0.11795267060399056 0.0588225757330656 0.05843910364434123 9.970726750907488e-07
    13.0    
0.23746608197689056 1.4431321620941162 0.4478094279766083 train 14.0 0.11808290414512157 0.05886326596140862 0.0585313180834055 8.069226282714226e-07
    14.0    
0.23765157163143158 1.4859604835510254 0.4428246021270752 train 15.0 0.11768325220793485 0.058662555497139696 0.05833778273314238 8.821858727969811e-07
    15.0    
0.23633013665676117 1.540054440498352 0.44216474890708923 train 16.0 0.11758789278566838 0.0586036547832191 0.05830378780141473 9.707856634122436e-07
    16.0    
0.23265601694583893 1.5927128791809082 0.44121265411376953 train 17.0 0.11771123453974724 0.05868099680170417 0.05835433153435588 8.81532116636663e-07
    17.0    
0.23145300149917603 1.6402286291122437 0.4407518208026886 train 18.0 0.11752319429069757 0.05857475638389587 0.058274301886558535 9.032702905642509e-07
    18.0    
0.2293701320886612 1.6814689636230469 0.4374927878379822 train 19.0 0.11740951526910066 0.058529460933059455 0.058208206072449684 1.1171208598170779e-06
    19.0    
0.2254677265882492 1.7461694478988647 0.43243739008903503 train 20.0 0.1175103460624814 0.05856746384873986 0.05827399782836437 1.1517491884660558e-06
    20.0    
0.22212940454483032 1.7711058855056763 0.43149861693382263 train 21.0 0.11735187031328678 0.058486716486513615 0.05819878166541457 1.4586890983991907e-06
    21.0    
0.2220926433801651 1.8088990449905396 0.4296725392341614 train 22.0 0.11713898599147797 0.058361000772565605 0.058116239197552204 1.2069307331330492e-06
    22.0    
0.21782667934894562 1.8495219945907593 0.4274006485939026 train 23.0 0.11767781496047974 0.05861748073250055 0.05839731473475695 1.215278985000623e-06
    23.0    
0.2158486694097519 1.8760170936584473 0.4286443591117859 train 24.0 0.11752655886113644 0.05853031244128942 0.05833435798063874 1.1610494539127103e-06
    24.0    
0.2143498808145523 1.9022444486618042 0.42556968331336975 train 25.0 0.11687884457409382 0.058225863445550204 0.05799318917095661 1.1684401215461548e-06
    25.0    
0.2124067097902298 1.9162802696228027 0.42446866631507874 train 26.0 0.11698886796832085 0.05827994141727686 0.058051529694348576 1.3273028116600472e-06
    26.0    
0.20929373800754547 1.940053105354309 0.42424914240837097 train 27.0 0.11734188534319401 0.058445739652961494 0.05824063574895263 1.276290277019143e-06
    27.0    
0.203477144241333 1.9382894039154053 0.42393025755882263 train 28.0 0.11707170747220516 0.05829378580674529 0.05812130758538842 1.153149469246273e-06
    28.0    
0.20452140271663666 1.9445750713348389 0.42184212803840637 train 29.0 0.11704323220998049 0.05826639460399747 0.05811943529173732 1.1069232641602866e-06
    29.0    
0.20417077839374542 1.9570492506027222 0.4196692407131195 train 30.0 0.1168534118682146 0.05817531591281295 0.05802549943327904 1.0046904890259611e-06
    30.0    
0.19907784461975098 1.9482731819152832 0.4179535210132599 train 31.0 0.11691682450473309 0.05820977091789246 0.058054604567587376 1.1192283864147612e-06
    31.0    
0.19961732625961304 1.9656285047531128 0.4183814823627472 train 32.0 0.1169238331541419 0.058190154060721394 0.05808293716982007 1.5759904954393278e-06
    32.0    
0.19482937455177307 1.932979702949524 0.41585370898246765 train 33.0 0.11684426225721836 0.05817417895421386 0.05801990242674947 1.0189368140345323e-06
    33.0    
0.19189311563968658 1.9177414178848267 0.41383180022239685 train 34.0 0.11696919873356819 0.05821651434525847 0.05809961743652821 1.15575528525369e-06
    34.0    
0.19006764888763428 1.901631236076355 0.4176737368106842 train 35.0 0.11691001281142235 0.058181405123323204 0.05808120591565966 1.077885144695756e-06
    35.0    
0.18629100918769836 1.8849323987960815 0.4170779883861542 train 36.0 0.11657128445804119 0.058007533866912125 0.05791797105222941 1.2472979733502143e-06
    36.0    
0.18543292582035065 1.8411976099014282 0.4150351583957672 train 37.0 0.11669156897813082 0.0580317098274827 0.0580157040245831 1.2079802900188952e-06
    37.0    
0.18146440386772156 1.822708010673523 0.4151607155799866 train 38.0 0.11663111720234155 0.058035084046423435 0.057951384168118236 1.0871542599488748e-06
    38.0    
0.18162503838539124 1.8017208576202393 0.4148179888725281 train 39.0 0.11648232780396939 0.057918211221694944 0.057923557832837105 1.1172777476531337e-06
    39.0    
0.1786554455757141 1.7737482786178589 0.4136798679828644 train 40.0 0.1165800105407834 0.05796979261562228 0.057971053514629604 1.417166345163423e-06
    40.0    
0.17796264588832855 1.7303264141082764 0.4123627841472626 train 41.0 0.11637899409979582 0.05786652270704508 0.05787412719801068 1.3210888027970213e-06
    41.0    
0.17671510577201843 1.7037521600723267 0.40977388620376587 train 42.0 0.11660710796713829 0.0579681533575058 0.05800405222922564 1.281675622522016e-06
    42.0    
0.17417316138744354 1.673988938331604 0.4093301296234131 train 43.0 0.11670327473431825 0.05799428272992373 0.0580744769051671 1.1244250117670163e-06
    43.0    
0.1718597263097763 1.6518642902374268 0.4092008173465729 train 44.0 0.11643540170043706 0.057861673329025504 0.057943527549505235 7.327426487790945e-07
    44.0    
0.16812019050121307 1.627695083618164 0.40524810552597046 train 45.0 0.11652880694717169 0.05788786523044109 0.05801273368299007 1.4059331761018257e-06
    45.0    
0.16894423961639404 1.6071951389312744 0.40488889813423157 train 46.0 0.11628055915236474 0.0577746638469398 0.057879870571196076 8.105715210149356e-07
    46.0    
0.16551417112350464 1.5866326093673706 0.4036162495613098 train 47.0 0.11612736981362104 0.05769206807017326 0.05781496277078986 1.537228854431305e-06
    47.0    
0.16471600532531738 1.5825060606002808 0.40437620878219604 train 48.0 0.11610265281051398 0.0576598964445293 0.0578233827278018 1.1120537237729877e-06
    48.0    
0.16458764672279358 1.5639365911483765 0.39857855439186096 train 49.0 0.11603358432650566 0.05763687798753381 0.05777894960716367 1.238599566022458e-06
    49.0    
0.16125217080116272 1.5465654134750366 0.40044382214546204 train 50.0 0.1162078557908535 0.05770105089992285 0.05788781940937042 5.237244522504625e-07
    50.0    
0.1575542539358139 1.534267783164978 0.4004806876182556 train 51.0 0.11614807151257991 0.05765942022204399 0.057874351516366 9.943920531441108e-07
    51.0    
0.15927758812904358 1.518362045288086 0.39654040336608887 train 52.0 0.11603987865149974 0.05760258313268423 0.0578245572373271 7.161698363233882e-07
    52.0    
0.15552449226379395 1.4992433786392212 0.39645320177078247 train 53.0 0.11593433104455471 0.057542992606759075 0.057781698014587164 1.2178610404589563e-06
    53.0    
0.15413573384284973 1.4843409061431885 0.3973241448402405 train 54.0 0.1159279077500105 0.05751660374924541 0.057801577392965556 9.232791740032553e-07
    54.0    
0.1544414460659027 1.4617072343826294 0.39597806334495544 train 55.0 0.11569291561841964 0.05739623121917248 0.05768598776310682 7.725676596237463e-07
    55.0    
0.15294617414474487 1.4429959058761597 0.3963043689727783 train 56.0 0.11572403684258462 0.05744225094094872 0.05767465429380536 1.0009161997004412e-06
    56.0    
0.15169744193553925 1.4237638711929321 0.3955914378166199 train 57.0 0.11597114220261574 0.05756104070693255 0.0578026675991714 7.549851375188155e-07
    57.0    
0.15038911998271942 1.4075475931167603 0.39462846517562866 train 58.0 0.1159823189675808 0.0575166879594326 0.05786044957116246 1.0309516937923036e-06
    58.0    
0.14906564354896545 1.3844987154006958 0.39327698945999146 train 59.0 0.11581191245466471 0.05744646003469825 0.05776391895487905 1.102006194741989e-06
    59.0    
0.14677628874778748 1.3670964241027832 0.3946918547153473 train 60.0 0.11601591981947422 0.05754578476771712 0.05786857133731246 9.915718237607507e-07
    60.0    
0.144953653216362 1.3457226753234863 0.39402472972869873 train 61.0 0.11576127327978611 0.057415117733180525 0.05774566810578108 9.288942237617448e-07
    61.0    
0.14376859366893768 1.3268733024597168 0.39318913221359253 train 62.0 0.11589955653995275 0.057496757712215185 0.05779810877516866 9.625946404412389e-07
    62.0    
0.14205791056156158 1.3098948001861572 0.3928844630718231 train 63.0 0.11562366496771574 0.05731866573914886 0.057706122566014525 9.587344038664014e-07
    63.0    
0.1433679610490799 1.2968779802322388 0.39208048582077026 train 64.0 0.1157280546054244 0.05736573714762926 0.05776373812928796 7.986411105775915e-07
    64.0    
0.14275144040584564 1.2814806699752808 0.39125868678092957 train 65.0 0.11557114247232675 0.05730538750067353 0.057668646425008775 1.0346253702664399e-06
    65.0    
0.1382354348897934 1.2646193504333496 0.39287716150283813 train 66.0 0.11574556849896908 0.05738693436607718 0.05775880813598633 1.1481015462777577e-06
    66.0    
0.13529232144355774 1.2466448545455933 0.3922211229801178 train 67.0 0.11588745325803756 0.057412893548607825 0.05787685552611947 1.0959479368466418e-06
    67.0    
0.13770416378974915 1.2308495044708252 0.39022189378738403 train 68.0 0.11568974491208792 0.0573277765698731 0.05776320766657591 8.84973928805266e-07
    68.0    
0.13654066622257233 1.217261552810669 0.388245552778244 train 69.0 0.11558228354901075 0.05727212846279144 0.05771100519225001 8.564485938222788e-07
    69.0    
0.13571323454380035 1.2012561559677124 0.3907553255558014 train 70.0 0.1154997132718563 0.05722845630720258 0.05767714152112603 7.050138606246037e-07
    70.0    
0.1373170018196106 1.1891493797302246 0.38940179347991943 train 71.0 0.1153798346593976 0.05717440616339445 0.05761532878503203 1.210490722769464e-06
    71.0    
0.13436022400856018 1.1766546964645386 0.39285677671432495 train 72.0 0.11539026338607072 0.05719724878668785 0.05760012088343501 8.451159487776749e-07
    72.0    
0.13284215331077576 1.1590068340301514 0.3878590166568756 train 73.0 0.11528618708252907 0.05711895054206252 0.05757895650342107 1.0573572808425524e-06
    73.0    
0.1332998424768448 1.1476764678955078 0.38959282636642456 train 74.0 0.11533986695110798 0.0571123524568975 0.05763917934149504 8.98415805750119e-07
    74.0    
0.13011693954467773 1.1356112957000732 0.39143869280815125 train 75.0 0.11528749074786901 0.057144838217645884 0.05755255281925201 7.994969450919598e-07
    75.0    
0.1336147040128708 1.1262348890304565 0.3880559802055359 train 76.0 0.11533107597380876 0.05713179510086775 0.057611090391874314 1.199938537865819e-06
    76.0    
0.12956443428993225 1.1114602088928223 0.38952064514160156 train 77.0 0.11524382077157497 0.057063725236803295 0.05759392263367772 1.184586608360405e-06
    77.0    
0.13078412413597107 1.096964716911316 0.38747695088386536 train 78.0 0.11517664510756731 0.0570544090680778 0.057534875702112916 1.3480785128194839e-06
    78.0    
0.12620310485363007 1.0844521522521973 0.38913586735725403 train 79.0 0.1156003551185131 0.05725395968183875 0.05775720421224832 7.129609116418578e-07
    79.0    
0.12859538197517395 1.0702271461486816 0.38562333583831787 train 80.0 0.11535844050347804 0.05710499284788966 0.057666720654815436 1.0607259355310816e-06
    80.0    
0.12681232392787933 1.060780644416809 0.3862873911857605 train 81.0 0.11519415706396102 0.05706636199727654 0.05754394734278321 1.389920385008736e-06
    81.0    
0.1275702267885208 1.0477925539016724 0.38676199316978455 train 82.0 0.11532183937728405 0.05708213498815894 0.0576556408777833 9.698961775939097e-07
    82.0    
0.12745320796966553 1.0354057550430298 0.3869497776031494 train 83.0 0.11512416902929544 0.0570136602409184 0.05752352001145482 9.863277909971657e-07
    83.0    
0.12517844140529633 1.0284067392349243 0.3879988491535187 train 84.0 0.11532938756048679 0.057102257143706085 0.057642808202654126 1.1672517530314508e-06
    84.0    
0.1240001693367958 1.0184484720230103 0.38767746090888977 train 85.0 0.11512997601181268 0.05699160885065794 0.0575562989898026 8.070764465628599e-07
    85.0    
0.12415335327386856 1.0083750486373901 0.3863290548324585 train 86.0 0.11528512593358756 0.057048309594392776 0.05765427030622959 1.4428474059968721e-06
    86.0    
0.1229976937174797 0.995184600353241 0.38833534717559814 train 87.0 0.1151446396112442 0.05699774280190468 0.05756558889523149 1.3692852007807232e-06
    87.0    
0.12353280931711197 0.9848415851593018 0.38516902923583984 train 88.0 0.11525145318359137 0.0570388462767005 0.0576340189576149 1.0345873988626408e-06
    88.0    
0.12463819235563278 0.9763894081115723 0.38473135232925415 train 89.0 0.11518148452043533 0.05699763340875506 0.0576039051823318 1.1960528354393318e-06
    89.0    
0.12212064117193222 0.9690243005752563 0.3850075304508209 train 90.0 0.11512423198670149 0.05698966071009636 0.0575582455098629 9.632102546675014e-07
    90.0    
0.12349602580070496 0.9641141295433044 0.3842523992061615 train 91.0 0.11515097547322511 0.05697721326723695 0.057595832962542774 1.3934783282820717e-06
    91.0    
0.12221941351890564 0.9591493606567383 0.38467609882354736 train 92.0 0.11509397219866514 0.05693567475304007 0.05757933761924505 1.969562617887277e-06
    92.0    
0.1214381605386734 0.9478380084037781 0.3836037814617157 train 93.0 0.11508743286132812 0.05696959260851145 0.057541580200195314 1.3732336583416327e-06
    93.0    
0.12064838409423828 0.9381577968597412 0.38209035992622375 train 94.0 0.11492995392531156 0.056865143775939944 0.05748934227973223 1.356538518848538e-06
    94.0    
0.11930536478757858 0.9271133542060852 0.38497206568717957 train 95.0 0.11513960406184197 0.05693984016776085 0.05762648060917854 1.3540887948693126e-06
    95.0    
0.120994433760643 0.926021158695221 0.3827216327190399 train 96.0 0.11501937441527843 0.056905059032142165 0.05754065793007612 1.3127200872986577e-06
    96.0    
0.11994247883558273 0.9180682301521301 0.3845485746860504 train 97.0 0.11512085147202016 0.056965152453631165 0.057580690626055 1.2356211982478271e-06
    97.0    
0.11823460459709167 0.911164402961731 0.3824578821659088 train 98.0 0.1150449151918292 0.056919762752950194 0.057551082614809276 1.9044503005716251e-06
    98.0    
0.12244172394275665 0.9049174785614014 0.38243284821510315 train 99.0 0.11515416998416185 0.05694100432097912 0.057639186084270475 1.3421937410384999e-06
    99.0    
