Corr-Diag Corr-Full Corr-Swap Data Epoch Loss MMD-Full MMD-Swap Mean
0.20622628927230835 1.8010605573654175 0.5961580872535706 train 0.0 0.26372227154672145 0.1391869829967618 0.11117482822388411 4.428220199770294e-05
    0.0    
0.25961437821388245 1.479613184928894 0.5425868034362793 train 1.0 0.14656058877706526 0.07386231888085604 0.06890661899000407 2.9781169359921478e-05
    1.0    
0.2790246307849884 1.3300195932388306 0.5164192914962769 train 2.0 0.1322027235478163 0.06576216161251068 0.06393635153770447 2.5567704142304137e-05
    2.0    
0.29006609320640564 1.2340816259384155 0.49985039234161377 train 3.0 0.1280081284418702 0.063567702639848 0.06234503524377942 2.2890231775818393e-05
    3.0    
0.29514971375465393 1.1674940586090088 0.49200108647346497 train 4.0 0.12537362556904555 0.062203979194164274 0.061323087774217126 2.279137697769329e-05
    4.0    
0.2999710440635681 1.1153950691223145 0.4810262620449066 train 5.0 0.12392857741564513 0.06146977623924613 0.06078252425417304 1.9881879779859446e-05
    5.0    
0.30187615752220154 1.0653446912765503 0.47554486989974976 train 6.0 0.12302193336188794 0.06100317355245352 0.060471561159938576 2.1869373085792176e-05
    6.0    
0.3030075430870056 1.044736623764038 0.467618465423584 train 7.0 0.12202502988278865 0.06053573299199343 0.060047931503504515 2.04644584300695e-05
    7.0    
0.3021242022514343 1.0174317359924316 0.4624800980091095 train 8.0 0.12110810965299607 0.0600962981954217 0.059661747626960276 1.8114560589310713e-05
    8.0    
0.30278152227401733 0.9846333265304565 0.4548134505748749 train 9.0 0.120315227098763 0.05975870549678802 0.059290492199361326 1.6510412024217658e-05
    9.0    
0.3029053509235382 0.9646238684654236 0.4477013945579529 train 10.0 0.12002266768366099 0.059628941025584935 0.05920409012585878 1.452586457162397e-05
    10.0    
0.30444443225860596 0.9392640590667725 0.4406766891479492 train 11.0 0.11936004009097814 0.05932945528998971 0.05890680426731706 1.5362873455160297e-05
    11.0    
0.30465224385261536 0.930181086063385 0.43677085638046265 train 12.0 0.11906882181763649 0.05921275990083814 0.058789925184100866 1.3908643268223386e-05
    12.0    
0.3023054897785187 0.9255109429359436 0.43462416529655457 train 13.0 0.11895464852452278 0.05917840464040637 0.058759136311709884 1.2043105925840791e-05
    13.0    
0.30409637093544006 0.9215612411499023 0.4347931146621704 train 14.0 0.11841280691325665 0.0589230240881443 0.05851411556825042 1.1651110980892554e-05
    14.0    
0.3033204674720764 0.9290860891342163 0.43311864137649536 train 15.0 0.11839915692806244 0.058934137802571056 0.05852091010659933 1.325311041000532e-05
    15.0    
0.3042931854724884 0.9371566772460938 0.4314667582511902 train 16.0 0.11822249341756105 0.05886324064806104 0.05844334127381444 1.0671071322576609e-05
    16.0    
0.30391159653663635 0.9568266272544861 0.4328102767467499 train 17.0 0.1181071313098073 0.058820659928023815 0.05839539017528295 1.0968679816869553e-05
    17.0    
0.3067401051521301 0.9797957539558411 0.4352784752845764 train 18.0 0.1178229746595025 0.05867883680388331 0.058273325338959694 7.92891933087958e-06
    18.0    
0.3053942024707794 1.0073717832565308 0.4359767735004425 train 19.0 0.11821399483829736 0.05888241976499557 0.05847588064149022 7.270629339473089e-06
    19.0    
0.30643150210380554 1.0481585264205933 0.43917346000671387 train 20.0 0.117954809255898 0.05876222841441631 0.05835623659193516 8.09069570095744e-06
    20.0    
0.30766406655311584 1.0843188762664795 0.44132766127586365 train 21.0 0.11801445193588733 0.05876462308689952 0.05842853272333741 7.915788046375383e-06
    21.0    
0.30662673711776733 1.1342384815216064 0.44729337096214294 train 22.0 0.11770017191767693 0.058624528255313633 0.0582671451382339 7.432245183736086e-06
    22.0    
0.3088948726654053 1.187506914138794 0.45206552743911743 train 23.0 0.11784451395273209 0.0586797740124166 0.05837035808712244 5.37826053914614e-06
    23.0    
0.30776944756507874 1.2402236461639404 0.4541783332824707 train 24.0 0.11770590249449014 0.05860754672437906 0.05831398118287325 7.7835484262323e-06
    24.0    
0.3077373802661896 1.2990925312042236 0.4579404294490814 train 25.0 0.11763748068362474 0.05859372178092599 0.05827147338539362 4.513465228228597e-06
    25.0    
0.3062531352043152 1.3600138425827026 0.4623711407184601 train 26.0 0.11743801090866328 0.05849231991916895 0.05818406423553824 6.133401711849729e-06
    26.0    
0.3058004677295685 1.3961865901947021 0.4671657383441925 train 27.0 0.11737454034388066 0.05846377672627568 0.05815834445878863 6.047941042197635e-06
    27.0    
0.30437543988227844 1.462345838546753 0.470932275056839 train 28.0 0.11742940939962863 0.058506941366940735 0.05817849393934012 4.5527713155024685e-06
    28.0    
0.30506882071495056 1.51177978515625 0.4743604362010956 train 29.0 0.11740243092179298 0.058499866724014284 0.0581679261662066 5.437348136183573e-06
    29.0    
0.3043202757835388 1.5591810941696167 0.4774535596370697 train 30.0 0.1173593146726489 0.058489502761513 0.05814323678612709 3.6454850942391204e-06
    30.0    
0.3028580844402313 1.6252862215042114 0.48422086238861084 train 31.0 0.11725619595497846 0.05840577943250537 0.058132576290518045 5.6121298257494345e-06
    31.0    
0.3035077154636383 1.6758129596710205 0.49011269211769104 train 32.0 0.11718881975859403 0.058396211825311184 0.05807914914563298 4.208092377666617e-06
    32.0    
0.3003275692462921 1.7022030353546143 0.49153998494148254 train 33.0 0.11727982681244611 0.058423408679664134 0.05814864173531532 3.7154525216465117e-06
    33.0    
0.29912471771240234 1.7467975616455078 0.49564245343208313 train 34.0 0.11730397887527942 0.05843692073598504 0.05816582817584276 2.86019962913997e-06
    34.0    
0.29806995391845703 1.7881284952163696 0.499772310256958 train 35.0 0.11731383491307497 0.058455533739179374 0.05816458048298955 2.8011033919028705e-06
    35.0    
0.2940278947353363 1.8221896886825562 0.502048909664154 train 36.0 0.1172675894573331 0.05842324938625097 0.058154893442988395 2.8626081984839402e-06
    36.0    
0.2961154282093048 1.841598391532898 0.5043264031410217 train 37.0 0.11682971555739641 0.05821723414584994 0.057927533481270076 3.543310640452546e-06
    37.0    
0.2920648455619812 1.8867199420928955 0.508380115032196 train 38.0 0.1171106730774045 0.05835228253155947 0.05808013854548335 3.4895608678198187e-06
    38.0    
0.29300037026405334 1.901373028755188 0.5095431804656982 train 39.0 0.1170321949198842 0.0583008111640811 0.05805713713169098 2.6536993118497776e-06
    39.0    
0.2907017171382904 1.9298924207687378 0.5140014290809631 train 40.0 0.11690203033387661 0.05823898490518332 0.05799249779433012 4.323104803916067e-06
    40.0    
0.28749871253967285 1.9407868385314941 0.5142634510993958 train 41.0 0.1169863261282444 0.05829966828227043 0.05802012193948031 1.942353037520661e-06
    41.0    
0.2881194055080414 1.9641844034194946 0.5147722959518433 train 42.0 0.11666961744427681 0.058138328026980164 0.05786843674257398 2.846820734703215e-06
    42.0    
0.28714072704315186 1.9754834175109863 0.5173973441123962 train 43.0 0.11667431753128767 0.0581222765147686 0.057895424328744415 2.440627440591925e-06
    43.0    
0.284322053194046 1.986322283744812 0.5193328261375427 train 44.0 0.11673250451683997 0.058155540563166144 0.05792184304445982 3.6901890325680142e-06
    44.0    
0.2864481508731842 1.9928382635116577 0.5199163556098938 train 45.0 0.11637699272483587 0.05797412713989616 0.05775079481303692 4.07392644774518e-06
    45.0    
0.28453096747398376 1.9949589967727661 0.5197627544403076 train 46.0 0.11682416129857302 0.05820508200675249 0.057970509603619574 3.0718201742274687e-06
    46.0    
0.2819198668003082 2.0154078006744385 0.5221800804138184 train 47.0 0.11681403961032628 0.058189036604017016 0.05797684146091342 2.9351865578064462e-06
    47.0    
0.2822595536708832 2.018866539001465 0.5215792655944824 train 48.0 0.11678124032914639 0.058167955931276084 0.05796627800911665 2.7683870484906947e-06
    48.0    
0.2792181074619293 2.020151138305664 0.5216687321662903 train 49.0 0.11656177561730147 0.0580394902266562 0.057882304657250645 2.8371152893669205e-06
    49.0    
0.2800372540950775 2.019505739212036 0.5209670066833496 train 50.0 0.11672640573233366 0.058146546091884375 0.057937257159501314 2.745320671238005e-06
    50.0    
0.2801261246204376 2.0184884071350098 0.5212047100067139 train 51.0 0.11658684507012368 0.05806966753676534 0.05787843436002731 2.666803766260273e-06
    51.0    
0.279093861579895 2.028188705444336 0.5214093327522278 train 52.0 0.11659929517656564 0.0580652098916471 0.05789832172915339 3.0487390176858753e-06
    52.0    
0.27785634994506836 2.014969825744629 0.5226813554763794 train 53.0 0.11664404310286045 0.0581057165004313 0.057904421556741 4.135980361752445e-06
    53.0    
0.2757605016231537 2.0098471641540527 0.52200847864151 train 54.0 0.11650666009634733 0.058022799510508774 0.0578536575101316 2.919059170380933e-06
    54.0    
0.27336323261260986 2.0040016174316406 0.5198395848274231 train 55.0 0.11655318900942803 0.05804405028000474 0.0578784348256886 3.2968416689982405e-06
    55.0    
0.2740350365638733 2.003702402114868 0.5183702111244202 train 56.0 0.11665689967572689 0.05809397248551249 0.05793216191232205 2.5998531327786623e-06
    56.0    
0.2734631896018982 1.9897326231002808 0.5199772715568542 train 57.0 0.11648432873189449 0.058003876674920324 0.057853822000324726 2.895527131840936e-06
    57.0    
0.27083319425582886 1.9820810556411743 0.5193576216697693 train 58.0 0.11666847676038743 0.058092359304428104 0.05794863516464829 2.4097969344438752e-06
    58.0    
0.27113077044487 1.9762264490127563 0.5171800851821899 train 59.0 0.11612714897841216 0.057820724230259656 0.05768426584079862 2.917827941928408e-06
    59.0    
0.27138784527778625 1.9755223989486694 0.5205689668655396 train 60.0 0.11605300720781088 0.057779988553375 0.05765375835821032 2.736896703936509e-06
    60.0    
0.2695227563381195 1.9631438255310059 0.5158258676528931 train 61.0 0.11605336595326662 0.05778156530112028 0.05765309305861592 2.709636419240269e-06
    61.0    
0.2703823745250702 1.956987738609314 0.5193460583686829 train 62.0 0.116334845200181 0.057902554105967285 0.057810915894806386 5.061034698883304e-06
    62.0    
0.26786714792251587 1.950583815574646 0.5172645449638367 train 63.0 0.11598164707422257 0.05773309461772442 0.05763544419780373 3.3498924949526554e-06
    63.0    
0.26781031489372253 1.9390532970428467 0.512074887752533 train 64.0 0.11599784582853317 0.057751531228423116 0.05763303717598319 3.3640619676589267e-06
    64.0    
0.2680237889289856 1.935491681098938 0.5126787424087524 train 65.0 0.1161511506140232 0.05780536213889718 0.05773961015045643 3.264516408307827e-06
    65.0    
0.2649820148944855 1.9337282180786133 0.5118291974067688 train 66.0 0.1160949345678091 0.057774072028696534 0.057708584684878585 3.5433768061921e-06
    66.0    
0.2645033001899719 1.9303784370422363 0.5116573572158813 train 67.0 0.11620538461953402 0.05783891895785928 0.05775747643783689 3.397396767468308e-06
    67.0    
0.26311179995536804 1.9291284084320068 0.5112172365188599 train 68.0 0.11632435761392117 0.05789897007867694 0.05781817547976971 2.5309223019576166e-06
    68.0    
0.26065513491630554 1.922587275505066 0.510500967502594 train 69.0 0.11622852567583322 0.05784504296258092 0.05777570823207498 1.9904744021914667e-06
    69.0    
0.26226314902305603 1.9220997095108032 0.5120479464530945 train 70.0 0.11599269151687622 0.057717544157058 0.05766938593238592 3.236869815737009e-06
    70.0    
0.2609165906906128 1.917496681213379 0.509855329990387 train 71.0 0.1160913622751832 0.05776445003226399 0.057721939515322444 3.6177298170514405e-06
    71.0    
0.2612672448158264 1.9109742641448975 0.5078898668289185 train 72.0 0.11580876395106315 0.05763196112588048 0.05757174115628004 2.464088083797833e-06
    72.0    
0.2608506679534912 1.9162006378173828 0.5129347443580627 train 73.0 0.11594697494059801 0.05767686277627945 0.05766879789531231 3.239749730710173e-06
    73.0    
0.26098352670669556 1.9126384258270264 0.5071056485176086 train 74.0 0.11582009959965944 0.05761877017095685 0.057601876817643644 2.133335101461853e-06
    74.0    
0.26054415106773376 1.9109822511672974 0.5111123323440552 train 75.0 0.11574371814727784 0.057602276112884286 0.05754384033381939 2.6893694666796364e-06
    75.0    
0.2580026388168335 1.9070112705230713 0.5045309066772461 train 76.0 0.11601379796862603 0.0577444164827466 0.05766962002962828 3.5495359043125063e-06
    76.0    
0.25799131393432617 1.9082406759262085 0.505449652671814 train 77.0 0.11589842800050974 0.05766449183225632 0.057634837552905084 2.3930485895107267e-06
    77.0    
0.25643613934516907 1.9053771495819092 0.5049219131469727 train 78.0 0.11594617750495673 0.05768576879054308 0.05766205137595534 2.7440387384558562e-06
    78.0    
0.25845155119895935 1.9035290479660034 0.5002046823501587 train 79.0 0.1158329289034009 0.05762056240811944 0.05761517284438014 3.0831704407319194e-06
    79.0    
0.25876522064208984 1.904219388961792 0.5001968741416931 train 80.0 0.11573563702404499 0.05756787694990635 0.05757683916017413 1.7733351569404476e-06
    80.0    
0.25795117020606995 1.9002677202224731 0.5013917684555054 train 81.0 0.11578920066356659 0.0576194335706532 0.05757589755579829 3.282482794020325e-06
    81.0    
0.2555563747882843 1.8959187269210815 0.4983001947402954 train 82.0 0.11584658812731505 0.0576303412206471 0.0576221639662981 3.4817160212696763e-06
    82.0    
0.25559014081954956 1.8968846797943115 0.5017486810684204 train 83.0 0.116132871247828 0.05775282146409154 0.05778692463412881 2.035317720583407e-06
    83.0    
0.255403071641922 1.8948246240615845 0.49614477157592773 train 84.0 0.11583519205451012 0.05760338881984353 0.05763970961794257 3.2418356568086892e-06
    84.0    
0.25536298751831055 1.8889576196670532 0.49766790866851807 train 85.0 0.11578604236245155 0.05756321279332042 0.05763109389692545 3.182872433171724e-06
    85.0    
0.2530648708343506 1.8832112550735474 0.49285024404525757 train 86.0 0.11614687345921994 0.057778930943459275 0.057775543835014105 3.9419242057192605e-06
    86.0    
0.25446268916130066 1.8841664791107178 0.49363234639167786 train 87.0 0.11585587281733752 0.05759421333670616 0.057672688234597445 2.1994853796059033e-06
    87.0    
0.2539401948451996 1.8823013305664062 0.49443870782852173 train 88.0 0.11579546567052602 0.05758865201845765 0.057616782672703266 5.377333309297683e-06
    88.0    
0.2532760798931122 1.8778122663497925 0.49459701776504517 train 89.0 0.11583746355026961 0.05760080257430673 0.057643505670130255 2.357308176215156e-06
    89.0    
0.2515501081943512 1.875954031944275 0.48972663283348083 train 90.0 0.11612236239016056 0.05773804996162653 0.05779310991987586 2.66709480456484e-06
    90.0    
0.25317421555519104 1.874464750289917 0.4949653744697571 train 91.0 0.11547784890979529 0.05744165664538741 0.05744711862877011 4.438536961970385e-06
    91.0    
0.25381916761398315 1.872870683670044 0.49394893646240234 train 92.0 0.11566226724535227 0.057527603823691605 0.05754647126421333 3.262818836446968e-06
    92.0    
0.2525162994861603 1.8661460876464844 0.49101290106773376 train 93.0 0.11565660241991281 0.057516810037195686 0.05755316888913512 1.7007814676617272e-06
    93.0    
0.25393086671829224 1.865724802017212 0.4954228401184082 train 94.0 0.11584932878613471 0.05760424099862575 0.05765566958114505 2.515811956982361e-06
    94.0    
0.2518185079097748 1.8608262538909912 0.4884806275367737 train 95.0 0.1157263109833002 0.05753667309880257 0.057601450253278015 3.260542143834755e-06
    95.0    
0.25282707810401917 1.8561789989471436 0.4916331470012665 train 96.0 0.11597730208188295 0.05766689023002982 0.05771942734718323 2.6153215912927408e-06
    96.0    
0.2514159679412842 1.8475472927093506 0.48666900396347046 train 97.0 0.11569911997765303 0.05751005509868264 0.05760091010481119 2.8801243843190605e-06
    97.0    
0.2530181109905243 1.8473371267318726 0.49079465866088867 train 98.0 0.11575622577220201 0.05756598252803087 0.05760115312412381 2.778687985482975e-06
    98.0    
0.2521800696849823 1.8476051092147827 0.4872688055038452 train 99.0 0.11575121600180864 0.05754338774830103 0.05761981124058366 2.6527200134296436e-06
    99.0    
