Corr-Diag Corr-Full Corr-Swap Data Epoch Loss MMD-Full MMD-Swap Mean
0.2114746868610382 1.0785752534866333 0.5827314257621765 train 0.0 0.19005720175802707 0.10183087002485991 0.08814643800258637 1.9221835827920586e-05
    0.0    
0.25155365467071533 0.8510240912437439 0.5323499441146851 train 1.0 0.1281120328232646 0.06429654043167829 0.06379701657220721 1.234318369824905e-05
    1.0    
0.25960132479667664 0.7679522633552551 0.5093744993209839 train 2.0 0.12229606572538615 0.06123174710199237 0.061051914449781176 1.0796509741339833e-05
    2.0    
0.26347091794013977 0.7468799352645874 0.4938920736312866 train 3.0 0.1201733972504735 0.060201172772794964 0.0599619548022747 8.944840374169871e-06
    3.0    
0.2652137577533722 0.7528312802314758 0.4818224608898163 train 4.0 0.11919472351670266 0.05972186047583818 0.05946366019546986 7.650621228094678e-06
    4.0    
0.26261332631111145 0.7811911702156067 0.47442710399627686 train 5.0 0.11850257851183414 0.05938259106129408 0.059111438021063806 6.0346192185534164e-06
    5.0    
0.2617689073085785 0.84829181432724 0.4675205945968628 train 6.0 0.11844883024692536 0.05936789432540536 0.05907278476282954 4.873205853073159e-06
    6.0    
0.2633609175682068 0.9307606220245361 0.4605136811733246 train 7.0 0.1177653094753623 0.05904053285717964 0.05871692871674895 3.66466042578395e-06
    7.0    
0.2609642446041107 1.0013611316680908 0.4584811329841614 train 8.0 0.1175773362070322 0.05894247667863965 0.0586271833628416 2.709964746827609e-06
    8.0    
0.2585195004940033 1.095282793045044 0.4542103409767151 train 9.0 0.11750480759888887 0.05890163062140345 0.05859565604478121 2.0278996544220718e-06
    9.0    
0.261522114276886 1.1923946142196655 0.45183128118515015 train 10.0 0.11742396343499423 0.058869609013199806 0.05854693287983537 1.587480255693663e-06
    10.0    
0.2600788474082947 1.2661244869232178 0.44893884658813477 train 11.0 0.11747437182813883 0.058910947982221844 0.058556095268577336 1.3403544016910018e-06
    11.0    
0.2572537362575531 1.3146532773971558 0.445642352104187 train 12.0 0.11740469433367252 0.05886286459863186 0.058534576799720524 1.0814208053488983e-06
    12.0    
0.2579011917114258 1.3919388055801392 0.4431808590888977 train 13.0 0.1174772822484374 0.05889598486945033 0.058574091102927925 9.348943308395974e-07
    13.0    
0.25671669840812683 1.4479750394821167 0.440536230802536 train 14.0 0.11729457002133131 0.058797240294516086 0.05849020125344396 1.2773915614161524e-06
    14.0    
0.2547403872013092 1.4952826499938965 0.438370943069458 train 15.0 0.11707370474934578 0.05870301507413387 0.05836360247805714 1.0622215995681472e-06
    15.0    
0.25234687328338623 1.5417033433914185 0.43499988317489624 train 16.0 0.11740591287612916 0.05883535876870155 0.05856352845206857 1.1622154261203832e-06
    16.0    
0.25089359283447266 1.5902894735336304 0.43621858954429626 train 17.0 0.11699277520179749 0.05864110687747598 0.058344679959118365 1.409003630215011e-06
    17.0    
0.25133973360061646 1.6345242261886597 0.43322235345840454 train 18.0 0.11683817833662033 0.058554230406880375 0.05827701985836029 1.5736017076051212e-06
    18.0    
0.2502327263355255 1.6655957698822021 0.43070924282073975 train 19.0 0.11696707721799612 0.058621764816343784 0.0583384177275002 1.4005344155521016e-06
    19.0    
0.24673694372177124 1.707188606262207 0.42916515469551086 train 20.0 0.11679520025849342 0.05853153368458152 0.058256827350705864 1.8741319536275114e-06
    20.0    
0.24517284333705902 1.7329046726226807 0.42772918939590454 train 21.0 0.11687889941036701 0.0585730392113328 0.05829899897798896 1.4314975942397723e-06
    21.0    
0.24346227943897247 1.7785725593566895 0.4231300950050354 train 22.0 0.116693778000772 0.05846270240843296 0.05822424773126841 1.8116915043719928e-06
    22.0    
0.24013887345790863 1.8177058696746826 0.419601172208786 train 23.0 0.11660540595650673 0.05844163602218032 0.05815696774050593 1.3969946621728013e-06
    23.0    
0.23912706971168518 1.8440719842910767 0.419131875038147 train 24.0 0.11667728137224913 0.058447225987911224 0.058223257809877395 1.6900833088584477e-06
    24.0    
0.2367660254240036 1.8907968997955322 0.4185302257537842 train 25.0 0.11609873659908772 0.05816634127870202 0.057925638593733314 1.34198864998325e-06
    25.0    
0.2328309267759323 1.9075636863708496 0.413297563791275 train 26.0 0.11644941113889218 0.058336677681654694 0.05810599679127335 1.1437090279287077e-06
    26.0    
0.23037981986999512 1.915683627128601 0.41182243824005127 train 27.0 0.11656198527663947 0.05834857884794473 0.05820667345076799 1.6003690461730002e-06
    27.0    
0.2290358990430832 1.9435336589813232 0.40939193964004517 train 28.0 0.11649357609450817 0.05832202197983861 0.058164812549948694 1.8119692413165467e-06
    28.0    
0.22628550231456757 1.9699491262435913 0.40883493423461914 train 29.0 0.11668902076780796 0.0584391425549984 0.058243152927607296 1.1353446325301775e-06
    29.0    
0.22663787007331848 1.9619462490081787 0.4048789441585541 train 30.0 0.11653589490801096 0.058312167413532734 0.058217034563422206 1.2389708672344568e-06
    30.0    
0.22509920597076416 1.96662437915802 0.3998071849346161 train 31.0 0.11647692419588566 0.058294000942260026 0.05817623572424054 1.4104123238212196e-06
    31.0    
0.2200699895620346 1.9732372760772705 0.3981952369213104 train 32.0 0.11648398663848639 0.0583073809184134 0.05816992066800594 1.2658346122407238e-06
    32.0    
0.2219359278678894 1.9641103744506836 0.399066299200058 train 33.0 0.1163190619647503 0.058243371453136204 0.058069017715752125 1.2115817753510782e-06
    33.0    
0.2195575088262558 1.9537098407745361 0.39649248123168945 train 34.0 0.11622151851654053 0.05817666720598936 0.05803821064531803 1.7429441641070298e-06
    34.0    
0.21930097043514252 1.9432300329208374 0.3954465985298157 train 35.0 0.11607906982302665 0.05808835195377469 0.05798413207754493 1.4618793784393347e-06
    35.0    
0.2175658941268921 1.9159032106399536 0.3956179618835449 train 36.0 0.11633126933127641 0.058198172319680455 0.05812651667743921 1.5441073628608137e-06
    36.0    
0.21612435579299927 1.896567463874817 0.3919200897216797 train 37.0 0.11600132461637258 0.05804012088105082 0.05795467611402273 1.2428253057805705e-06
    37.0    
0.21279354393482208 1.8862226009368896 0.3893360495567322 train 38.0 0.11574440892785788 0.0579113776423037 0.05782651538029313 1.3088923651594087e-06
    38.0    
0.21259281039237976 1.8557356595993042 0.3868851959705353 train 39.0 0.11614892158657313 0.058086188081651925 0.058056215420365334 1.9270871689514024e-06
    39.0    
0.21103248000144958 1.8333123922348022 0.3885529935359955 train 40.0 0.11603944364935159 0.05803957372903824 0.05799335911870003 1.5388225165224867e-06
    40.0    
0.20915788412094116 1.798663854598999 0.38414615392684937 train 41.0 0.11592593152076006 0.05797342073172331 0.05794606260955334 1.7180509530589916e-06
    41.0    
0.21095430850982666 1.7830191850662231 0.3847402334213257 train 42.0 0.11575480043888092 0.05786850782111287 0.057879882995039225 2.0323457192716887e-06
    42.0    
0.21010690927505493 1.7674989700317383 0.38501113653182983 train 43.0 0.11560382932424546 0.057793226242065426 0.05780425924807787 1.7119954236477497e-06
    43.0    
0.2121366709470749 1.7495479583740234 0.3843670189380646 train 44.0 0.11598362486809492 0.0579772968031466 0.05799998072907329 1.450958734494634e-06
    44.0    
0.21002990007400513 1.7226438522338867 0.38189297914505005 train 45.0 0.11562876798212528 0.057787840478122236 0.05783463126048446 2.1426214971143054e-06
    45.0    
0.2074926644563675 1.709813117980957 0.38137948513031006 train 46.0 0.11572225701063871 0.057832631096243856 0.057883338667452336 1.6939241049840348e-06
    46.0    
0.20445598661899567 1.6965657472610474 0.3824354410171509 train 47.0 0.11572616249322891 0.05782665040344 0.057893255557864905 1.6874670336619602e-06
    47.0    
0.20389020442962646 1.6838605403900146 0.38078683614730835 train 48.0 0.11577000379562379 0.05784409871324897 0.05791963178664446 1.6123734667417011e-06
    48.0    
0.20739905536174774 1.6760244369506836 0.3863246738910675 train 49.0 0.11536306791007518 0.05763394890353084 0.05772286249324679 1.3767956943411264e-06
    49.0    
