Corr-Diag Corr-Full Corr-Swap Data Epoch Loss MMD-Full MMD-Swap Mean
0.4815220236778259 0.28984302282333374 0.18383340537548065 train 0.0 0.7070957699418068 0.18524818159639836 0.1834915356338024 4.767636255564867e-06
    0.0    
0.45026451349258423 0.21255739033222198 0.16352905333042145 train 1.0 0.5235386501252651 0.18068919785320758 0.18181856825947762 7.804292181390338e-06
    1.0    
0.4411922097206116 0.17867733538150787 0.14884081482887268 train 2.0 0.5063546828925609 0.18002779819071293 0.18135231494903564 5.548592980630929e-06
    2.0    
0.43173909187316895 0.17147517204284668 0.13957174122333527 train 3.0 0.5008302928507328 0.18008331343531608 0.1814595089107752 4.4903886191605125e-06
    3.0    
0.43492406606674194 0.1611916571855545 0.13496966660022736 train 4.0 0.4970418006181717 0.18036919981241226 0.1817281287908554 3.522945917211473e-06
    4.0    
0.43136686086654663 0.15074816346168518 0.13006459176540375 train 5.0 0.4908693990111351 0.18004239857196808 0.18152624785900115 3.4366780710115563e-06
    5.0    
0.43048131465911865 0.16267956793308258 0.13316789269447327 train 6.0 0.4891176882386208 0.1798101641982794 0.18137107126414775 2.7263370157015743e-06
    6.0    
0.42729753255844116 0.15798702836036682 0.1319248229265213 train 7.0 0.4886804023385048 0.17977475725114345 0.18125544361770152 2.2576914489036426e-06
    7.0    
0.42224061489105225 0.14900293946266174 0.13128919899463654 train 8.0 0.48846771970391273 0.17973729640245437 0.18122952282428742 2.0176914858893724e-06
    8.0    
0.4235878884792328 0.14738145470619202 0.1285214126110077 train 9.0 0.4876451504230499 0.1800680649280548 0.18147893086075784 2.489883854650543e-06
    9.0    
0.4247611463069916 0.14762182533740997 0.129241943359375 train 10.0 0.4858390501141548 0.17932760111987592 0.18096840552985669 2.885513140427065e-06
    10.0    
0.4199478328227997 0.15203167498111725 0.12649165093898773 train 11.0 0.4835859076678753 0.17965577013790607 0.18124612495303155 2.254814717161935e-06
    11.0    
0.4202561676502228 0.15053655207157135 0.1289837807416916 train 12.0 0.4849532876908779 0.17952274784445763 0.1810639564692974 3.439240799707477e-06
    12.0    
0.4216359257698059 0.14387772977352142 0.12314656376838684 train 13.0 0.4842591029405594 0.17951852932572365 0.18107301831245423 1.951266767719062e-06
    13.0    
0.42284277081489563 0.14498957991600037 0.12930820882320404 train 14.0 0.48409350007772445 0.17952010922133924 0.18109548687934876 2.5097572233789833e-06
    14.0    
0.42199456691741943 0.14246727526187897 0.120060496032238 train 15.0 0.48444983512163164 0.1797464232891798 0.18132727690041064 2.3982890979823424e-06
    15.0    
0.4274117946624756 0.15207020938396454 0.12854978442192078 train 16.0 0.48218142852187157 0.17956586733460425 0.1812696946412325 2.5341396394651383e-06
    16.0    
0.42540085315704346 0.13914872705936432 0.12356554716825485 train 17.0 0.482991861552 0.17965525150299072 0.1812942835688591 2.5556078071531374e-06
    17.0    
0.42396143078804016 0.14578677713871002 0.12626293301582336 train 18.0 0.4814824894070625 0.17938546650111675 0.1809832800924778 5.087645149615128e-06
    18.0    
0.42110738158226013 0.14055299758911133 0.12454883009195328 train 19.0 0.4816395957767963 0.17946468964219092 0.18114547736942768 2.8954293611604953e-06
    19.0    
0.4243873059749603 0.14152176678180695 0.12298516929149628 train 20.0 0.48315513640642166 0.17991314083337784 0.18142877236008645 3.2400912459706888e-06
    20.0    
0.41846758127212524 0.1465838998556137 0.1278650164604187 train 21.0 0.4822813175618649 0.17970406718552112 0.18129119515419007 2.100194024023949e-06
    21.0    
0.4226991832256317 0.1414012312889099 0.12432168424129486 train 22.0 0.48443133249878884 0.17992416217923166 0.18147812210023404 1.828340714382648e-06
    22.0    
0.41970381140708923 0.14849404990673065 0.12339679896831512 train 23.0 0.48186839669942855 0.17997061476111412 0.18156421341001988 2.179400553359301e-06
    23.0    
0.42014601826667786 0.13988959789276123 0.12288377434015274 train 24.0 0.47954545557498934 0.17934958539903165 0.18088562205433845 2.49573804467218e-06
    24.0    
0.419461190700531 0.13965392112731934 0.1253153681755066 train 25.0 0.480660220682621 0.17991094693541526 0.1815849942713976 2.8441452286642743e-06
    25.0    
0.4255913197994232 0.14387774467468262 0.12608572840690613 train 26.0 0.4819467148184776 0.17980227254331113 0.18126580685377122 3.471194531812216e-06
    26.0    
0.42340701818466187 0.13660721480846405 0.12247687578201294 train 27.0 0.47929191336035726 0.1795946080237627 0.18117813095450402 2.550633553255466e-06
    27.0    
0.4239848852157593 0.1406220942735672 0.12491581588983536 train 28.0 0.4805186015367508 0.1799825197458267 0.1815922050178051 1.5894640910119051e-06
    28.0    
0.42318281531333923 0.14032024145126343 0.12405049055814743 train 29.0 0.4787602566182613 0.17946269169449805 0.18105081640183926 2.3385721306112828e-06
    29.0    
0.42205843329429626 0.145294189453125 0.12315575778484344 train 30.0 0.48035574078559873 0.17965279400348663 0.18123290851712226 2.0639658941945527e-06
    30.0    
0.4260164797306061 0.1439555585384369 0.1244511529803276 train 31.0 0.47958299800753595 0.17960587479174137 0.1811820401996374 2.8458207452786155e-06
    31.0    
0.42349666357040405 0.1399330347776413 0.1238284632563591 train 32.0 0.4800692763924599 0.17965482875704766 0.18125502333045007 2.700142658795812e-06
    32.0    
0.4243411123752594 0.14309848845005035 0.12487732619047165 train 33.0 0.47839716464281085 0.17985216297209264 0.18152538508176805 2.6246743800584227e-06
    33.0    
0.41722917556762695 0.13527314364910126 0.12173688411712646 train 34.0 0.4771625980734825 0.17963579334318638 0.18122081443667412 3.28937744598079e-06
    34.0    
0.4223092198371887 0.14333872497081757 0.12293466180562973 train 35.0 0.4778261563181877 0.17989893935620785 0.18138523191213607 2.3388286081171827e-06
    35.0    
0.4240495264530182 0.1390286237001419 0.12293238192796707 train 36.0 0.47636621177196503 0.18005493678152562 0.1816969694942236 2.666725777089596e-06
    36.0    
0.42427101731300354 0.13736607134342194 0.12189797312021255 train 37.0 0.47558487102389335 0.1792945785075426 0.1808918809145689 2.775302391455625e-06
    37.0    
0.42440780997276306 0.13549016416072845 0.1192384585738182 train 38.0 0.4817935459315777 0.18060074172914029 0.18214965015649795 2.9920538509031758e-06
    38.0    
0.4245425760746002 0.13897281885147095 0.12249143421649933 train 39.0 0.4793801236152649 0.17989568859338761 0.18146264515817165 2.5652655040175887e-06
    39.0    
0.4260401129722595 0.1351388692855835 0.11928173899650574 train 40.0 0.47952903658151624 0.1802093903720379 0.18168581649661064 1.7725625411912915e-06
    40.0    
0.42097872495651245 0.14547637104988098 0.12347661703824997 train 41.0 0.47836495041847227 0.17992725200951099 0.1814635080099106 2.4565570129198022e-06
    41.0    
0.4143992066383362 0.13386914134025574 0.11933280527591705 train 42.0 0.4776297289133072 0.17997128948569296 0.18142712354660034 2.5213776098098606e-06
    42.0    
0.4215642511844635 0.13979747891426086 0.12092895060777664 train 43.0 0.4783372454345226 0.17991023503243922 0.18145034044981004 2.4133485112542985e-06
    43.0    
0.4244806170463562 0.13640141487121582 0.1215553805232048 train 44.0 0.4790908870100975 0.1802075368911028 0.18165096543729306 3.1910276447888464e-06
    44.0    
0.42252564430236816 0.13706880807876587 0.11518535763025284 train 45.0 0.4734965734183788 0.17945729255676268 0.18103078201413156 2.302872644577292e-06
    45.0    
0.422664612531662 0.13253511488437653 0.11807423830032349 train 46.0 0.47635066002607346 0.17990351140499114 0.18143083445727826 2.195263732573949e-06
    46.0    
0.4204923212528229 0.13521580398082733 0.11586762219667435 train 47.0 0.47568546026945113 0.17970468044281007 0.18116749852895736 2.601221240183804e-06
    47.0    
0.4262600541114807 0.1253081113100052 0.11294607818126678 train 48.0 0.475789538025856 0.18023972116410733 0.18180727034807206 2.656621973073925e-06
    48.0    
0.4266906976699829 0.12746863067150116 0.1150508001446724 train 49.0 0.47592886120080946 0.18001641862094403 0.18150341756641863 2.3457416773453588e-06
    49.0    
0.4245756268501282 0.1268415004014969 0.1136404350399971 train 50.0 0.47753530740737915 0.18046942964196205 0.18190736673772334 2.0691684312623693e-06
    50.0    
0.42334944009780884 0.12639214098453522 0.11066961288452148 train 51.0 0.47452954843640327 0.1799756320565939 0.18153452299535275 3.2325203846994555e-06
    51.0    
0.4275340139865875 0.13262364268302917 0.11091412603855133 train 52.0 0.47378651052713394 0.17977721385657788 0.18122184418141843 2.3065515506459633e-06
    52.0    
0.42514342069625854 0.12670642137527466 0.11303608864545822 train 53.0 0.4781651271879673 0.18022169217467307 0.18158088326454164 1.9466453977656784e-06
    53.0    
0.42307400703430176 0.123592808842659 0.10708045214414597 train 54.0 0.47671150594949724 0.1803218813240528 0.18155971087515355 1.487332042415801e-06
    54.0    
0.42461350560188293 0.12485398352146149 0.10751685500144958 train 55.0 0.4755021607875824 0.18011749260127544 0.18149153523147107 2.6299001092411345e-06
    55.0    
0.42341116070747375 0.11989820003509521 0.10378663241863251 train 56.0 0.47609989523887636 0.18043218679726125 0.181653795465827 3.3923809041880304e-06
    56.0    
0.4258994460105896 0.12479505687952042 0.10734723508358002 train 57.0 0.4731320831179619 0.18047935090959072 0.1818273051083088 2.916306812039693e-06
    57.0    
0.42617982625961304 0.11762268096208572 0.10234662145376205 train 58.0 0.4736723266541958 0.18028134174644947 0.18150012880563737 2.527719971112674e-06
    58.0    
0.42414391040802 0.11898275464773178 0.099977508187294 train 59.0 0.4720298485457897 0.18048618100583552 0.18172473683953286 3.068482328671962e-06
    59.0    
0.42481881380081177 0.12155117094516754 0.09881482273340225 train 60.0 0.4716425096988678 0.18047095485031606 0.18174995556473733 2.668718252607505e-06
    60.0    
0.42485034465789795 0.11233262717723846 0.0956825464963913 train 61.0 0.4685248728096485 0.18020478017628194 0.18153666391968726 2.056496896329918e-06
    61.0    
0.4223720133304596 0.11417180299758911 0.09415789693593979 train 62.0 0.4708717823028564 0.18075701117515564 0.1819697194546461 2.0973739083274268e-06
    62.0    
0.4241800606250763 0.1120079830288887 0.08990439772605896 train 63.0 0.4687841087579727 0.18064093627035618 0.1819051256775856 2.3856587176851463e-06
    63.0    
0.4234399199485779 0.10993640869855881 0.08686696738004684 train 64.0 0.4672778791189194 0.18069154791533948 0.1818944054096937 1.6251090073637897e-06
    64.0    
0.42619895935058594 0.10629384219646454 0.08839824050664902 train 65.0 0.4694352602958679 0.18071058087050915 0.18183658964931965 2.075212250929326e-06
    65.0    
0.424068421125412 0.09699999541044235 0.08135218918323517 train 66.0 0.46658883199095724 0.1806981846690178 0.181877459064126 1.7800300611270359e-06
    66.0    
0.41986945271492004 0.095210961997509 0.07742617279291153 train 67.0 0.46533158034086225 0.1808099167048931 0.18200952254235744 2.515806727387826e-06
    67.0    
0.42031875252723694 0.09667077660560608 0.0760863870382309 train 68.0 0.4656551040709019 0.18089930437505244 0.1819936963915825 1.8784430722007528e-06
    68.0    
0.4204728305339813 0.09016653895378113 0.07386311143636703 train 69.0 0.46498685017228125 0.1809602642059326 0.18199645787477492 1.7433559378332575e-06
    69.0    
0.4177340269088745 0.0885242223739624 0.06904296576976776 train 70.0 0.46134412854909895 0.18082291834056377 0.18207514256238938 2.9400282528513344e-06
    70.0    
0.417593389749527 0.08489496260881424 0.06549184769392014 train 71.0 0.4621658262610435 0.180947208404541 0.18194011464715004 1.8372078329775832e-06
    71.0    
0.4180052876472473 0.0846683606505394 0.06428860872983932 train 72.0 0.4620744781196117 0.18076387137174607 0.18195339523255824 1.8461565787220025e-06
    72.0    
0.4177217483520508 0.08149324357509613 0.06162266433238983 train 73.0 0.45611243084073066 0.18028847321867944 0.18141344539821147 2.3849415811127983e-06
    73.0    
0.4149045944213867 0.07643672823905945 0.057338595390319824 train 74.0 0.45929625928401946 0.18099596060812473 0.1820822448283434 1.9620058537839213e-06
    74.0    
0.41710975766181946 0.07297991961240768 0.05603460222482681 train 75.0 0.45871471375226974 0.18076184123754502 0.1818446633964777 1.774383349584241e-06
    75.0    
0.41469624638557434 0.07252104580402374 0.053449735045433044 train 76.0 0.4573156201839447 0.1805800499767065 0.18172373302280903 1.8571621467344812e-06
    76.0    
0.41496092081069946 0.07030485570430756 0.05176633596420288 train 77.0 0.4556272341310978 0.18076908081769943 0.181902522072196 2.470982281010947e-06
    77.0    
0.41451749205589294 0.06582966446876526 0.050663091242313385 train 78.0 0.4560997858643532 0.18076106429100036 0.18190164342522622 2.492900193828973e-06
    78.0    
0.4137724041938782 0.0624762661755085 0.047944456338882446 train 79.0 0.4588886386156082 0.18099892243742943 0.18208406388759613 3.518174025884946e-06
    79.0    
0.4145675599575043 0.06369482725858688 0.04732324182987213 train 80.0 0.459892887622118 0.18118953108787536 0.18226585507392884 2.623871750984108e-06
    80.0    
0.4144494831562042 0.059570860117673874 0.04545602574944496 train 81.0 0.45484005704522135 0.1808535499870777 0.18200139842927457 1.8660508658285835e-06
    81.0    
0.41322216391563416 0.061974477022886276 0.04551074281334877 train 82.0 0.4561926178634167 0.18073878362774848 0.18184894800186158 2.728051867961767e-06
    82.0    
0.4127679467201233 0.06165149435400963 0.04518595337867737 train 83.0 0.4584269887208939 0.18128479197621344 0.18251203417778014 2.0239731384208426e-06
    83.0    
0.4136747419834137 0.057924170047044754 0.04342614859342575 train 84.0 0.45675805017352106 0.1809031216800213 0.18199070267379283 2.2422734673455125e-06
    84.0    
0.4140991270542145 0.0565938726067543 0.04137993976473808 train 85.0 0.4569958108663559 0.1812859081476927 0.18239654250442983 1.6925564523262437e-06
    85.0    
0.4138864278793335 0.05982167273759842 0.04256709665060043 train 86.0 0.4541605523228645 0.18085330821573734 0.18210092060267924 2.9100988285790663e-06
    86.0    
0.4130065441131592 0.056375209242105484 0.04173637926578522 train 87.0 0.4563017988204956 0.18089478522539137 0.18202530696988106 2.6907346182269976e-06
    87.0    
0.4128950536251068 0.05619310960173607 0.04143526405096054 train 88.0 0.45547664299607277 0.18116415224969387 0.18237642265856266 2.0059958387719234e-06
    88.0    
0.4130769371986389 0.05686144903302193 0.039813410490751266 train 89.0 0.4538466615974903 0.18076481208205222 0.1820673553645611 2.7406515528127784e-06
    89.0    
0.41193369030952454 0.055977094918489456 0.040272198617458344 train 90.0 0.457662450671196 0.18114167600870132 0.18231814712285996 1.7203897186846007e-06
    90.0    
0.4121793210506439 0.05420757830142975 0.03829576447606087 train 91.0 0.45593675002455714 0.18065914519131185 0.18170220151543617 1.4545971680490766e-06
    91.0    
0.4119228422641754 0.05492953956127167 0.04001075401902199 train 92.0 0.45823158487677573 0.18102067366242408 0.1821675158292055 2.531932523197611e-06
    92.0    
0.41354134678840637 0.05510474741458893 0.039603475481271744 train 93.0 0.4514807668328285 0.18060180090367794 0.18186666883528232 1.5701638176324195e-06
    93.0    
0.4130692780017853 0.05244048684835434 0.03744545951485634 train 94.0 0.45338988944888114 0.1808755598962307 0.1820052970200777 1.3884590543966624e-06
    94.0    
0.4120945930480957 0.054065603762865067 0.038141023367643356 train 95.0 0.4534093165397644 0.18061566084623337 0.18182231776416302 3.167728891639854e-06
    95.0    
0.4119959771633148 0.053761448711156845 0.03691788390278816 train 96.0 0.4525409072637558 0.18084786392748356 0.18213218487799168 2.5267834189435234e-06
    96.0    
0.41242673993110657 0.05374442785978317 0.03867258131504059 train 97.0 0.4535972347855568 0.18061350911855698 0.18178756408393382 2.561878318374511e-06
    97.0    
0.4107092618942261 0.04945984110236168 0.03539259731769562 train 98.0 0.4518775177001953 0.18104839235544204 0.18228644646704198 2.6210013857053127e-06
    98.0    
0.41221383213996887 0.05261671543121338 0.037238121032714844 train 99.0 0.4535362073779106 0.1807204670459032 0.18207548797130585 1.6420513020420913e-06
    99.0    
