Corr-Diag Corr-Full Corr-Swap Data Epoch Loss MMD-Full MMD-Swap Mean
0.07945610582828522 1.2596089839935303 0.8023908734321594 train 0.0 0.40435559168457985 0.19773388229310512 0.19184357576072217 7.549054316768888e-06
    0.0    
0.11087217926979065 1.3648197650909424 0.7840577363967896 train 1.0 0.38662632524967194 0.18975188799202442 0.1880122659355402 3.6066483062313637e-06
    1.0    
0.12399233132600784 1.322109341621399 0.7621592283248901 train 2.0 0.3818070533871651 0.1874397374689579 0.18755190268158914 3.4169922855653567e-06
    2.0    
0.1322081834077835 1.315683126449585 0.7453647255897522 train 3.0 0.38010109946131704 0.18662651672959327 0.1873137702792883 2.8333131467661588e-06
    3.0    
0.1350085288286209 1.3482060432434082 0.745370090007782 train 4.0 0.37960934802889823 0.18631962493062018 0.18737876012921334 2.6234697543259244e-06
    4.0    
0.14241787791252136 1.3446180820465088 0.7387821078300476 train 5.0 0.37920306861400604 0.18611715614795685 0.1873794262111187 1.9687593066919362e-06
    5.0    
0.1475932002067566 1.4220045804977417 0.7444161176681519 train 6.0 0.3786503674089909 0.18581100456416608 0.18726276263594627 2.3706975298409816e-06
    6.0    
0.154291033744812 1.4438374042510986 0.7462294697761536 train 7.0 0.37798175305128096 0.1854362131655216 0.18710451692342758 2.2979272671364015e-06
    7.0    
0.15901046991348267 1.4730257987976074 0.7464237213134766 train 8.0 0.3777921822667122 0.1853911965340376 0.1870541739463806 1.9025202391276252e-06
    8.0    
0.1636645644903183 1.4958829879760742 0.7500130534172058 train 9.0 0.37736244931817053 0.18522190555930138 0.18688857905566691 1.7566069345775759e-06
    9.0    
0.16198650002479553 1.5218769311904907 0.7480857372283936 train 10.0 0.37766811102628706 0.1854301418364048 0.18701078958809375 1.7991493450608687e-06
    10.0    
0.16482998430728912 1.514308214187622 0.7453177571296692 train 11.0 0.3773524893820286 0.185225086286664 0.18694745734333992 1.7594379642105196e-06
    11.0    
0.16955877840518951 1.559206485748291 0.7502325773239136 train 12.0 0.3770944844186306 0.18507146544754505 0.18688815221190452 2.1297639705153415e-06
    12.0    
0.1666119396686554 1.5671160221099854 0.7478095889091492 train 13.0 0.377029285132885 0.18501720793545245 0.1868773712962866 2.121810894095688e-06
    13.0    
0.16951175034046173 1.5740745067596436 0.7472472786903381 train 14.0 0.37694757342338564 0.18503439716994763 0.1868077924847603 1.742962467687903e-06
    14.0    
0.1713678240776062 1.5933853387832642 0.7498953342437744 train 15.0 0.3769796495139599 0.18506455168128014 0.18687219552695752 2.4931055122578982e-06
    15.0    
0.17714087665081024 1.5920416116714478 0.7454633712768555 train 16.0 0.3768612839281559 0.18502048462629317 0.18675581082701684 1.8333684010940487e-06
    16.0    
0.1694048047065735 1.6054344177246094 0.7481153011322021 train 17.0 0.37669936671853066 0.18487347461283207 0.18678615674376486 1.6551014141441556e-06
    17.0    
0.17630140483379364 1.6153165102005005 0.7482537627220154 train 18.0 0.3764843495190144 0.18480342522263526 0.1866559986770153 1.7003218317768187e-06
    18.0    
0.17614059150218964 1.612216591835022 0.7452231645584106 train 19.0 0.3763918189704418 0.18469331584870816 0.18667935326695442 1.7969230157177662e-06
    19.0    
0.1774519979953766 1.6165589094161987 0.7436886429786682 train 20.0 0.37679126173257826 0.18495342411100865 0.18682884521782397 1.5042396626085974e-06
    20.0    
0.17556490004062653 1.6526925563812256 0.7458242177963257 train 21.0 0.3765284366905689 0.18473020941019058 0.1868218845129013 1.2163303608758724e-06
    21.0    
0.18094033002853394 1.6425981521606445 0.7422953248023987 train 22.0 0.37681928619742394 0.18491725854575633 0.18684352919459343 1.657014081501984e-06
    22.0    
0.17519579827785492 1.6582746505737305 0.7426831126213074 train 23.0 0.37656218573451045 0.1846982402354479 0.1868292761594057 1.8111510371454642e-06
    23.0    
0.1818319708108902 1.648494005203247 0.7399478554725647 train 24.0 0.3763292871415615 0.1845868606120348 0.18670961536467076 1.4714609051225125e-06
    24.0    
0.18434925377368927 1.648054599761963 0.7380090951919556 train 25.0 0.37640192851424215 0.18467065669596194 0.1867451260983944 1.469449443902704e-06
    25.0    
0.18324437737464905 1.6534912586212158 0.7382532954216003 train 26.0 0.37657625511288645 0.18475110352039337 0.18681223444640638 1.3518776995624648e-06
    26.0    
0.18164712190628052 1.6788774728775024 0.7423499226570129 train 27.0 0.37604321107268335 0.1845290769636631 0.18651220798492432 1.5524254877163912e-06
    27.0    
0.18361124396324158 1.6785337924957275 0.7405377626419067 train 28.0 0.3756810550391674 0.1843298378586769 0.18639532826840877 1.1110926152468892e-06
    28.0    
0.18509222567081451 1.6863173246383667 0.7409672141075134 train 29.0 0.375141566991806 0.18408819004893304 0.18609260722994805 1.3489997172655421e-06
    29.0    
0.1848926991224289 1.684551477432251 0.7414164543151855 train 30.0 0.37611844480037687 0.18448467999696733 0.1866660575568676 1.1915318509636563e-06
    30.0    
0.18259118497371674 1.6724364757537842 0.7346218824386597 train 31.0 0.3756767812371254 0.18434648282825947 0.18637773022055626 1.4289036016634782e-06
    31.0    
0.18600115180015564 1.7120763063430786 0.7429734468460083 train 32.0 0.37578599989414213 0.1843521600961685 0.18647656992077827 1.371740495414997e-06
    32.0    
0.18585850298404694 1.6905370950698853 0.7365349531173706 train 33.0 0.3752265726029873 0.18412705183029174 0.18615710288286208 1.942102244356647e-06
    33.0    
0.18483537435531616 1.706462025642395 0.7393792867660522 train 34.0 0.376127383261919 0.18453015126287936 0.1866228223592043 1.2758463299178402e-06
    34.0    
0.18815761804580688 1.7035911083221436 0.7442349791526794 train 35.0 0.37483446300029755 0.18389875888824464 0.1859995700418949 1.3967909353596042e-06
    35.0    
0.18579867482185364 1.704412579536438 0.7362899780273438 train 36.0 0.3758643466234207 0.18439696475863457 0.18651404455304146 1.3391261290962575e-06
    36.0    
0.186764657497406 1.6950429677963257 0.7386810183525085 train 37.0 0.3755215348303318 0.1842156295478344 0.18636130541563034 1.2281055887797265e-06
    37.0    
0.18340861797332764 1.6915557384490967 0.7407404184341431 train 38.0 0.3759760281443596 0.18438238061964513 0.18663143374025823 1.1557717698451597e-06
    38.0    
0.18597029149532318 1.701292634010315 0.7381232976913452 train 39.0 0.3758740000426769 0.18432983003556727 0.1865797134488821 1.3540243344323244e-06
    39.0    
0.18588000535964966 1.72725248336792 0.7418490648269653 train 40.0 0.37546093344688414 0.1840957447141409 0.18638838306069375 9.645902991906041e-07
    40.0    
0.1881575733423233 1.7316323518753052 0.7360455393791199 train 41.0 0.3751568141579628 0.18396418675780296 0.18625504806637763 1.0684542530725594e-06
    41.0    
0.18806590139865875 1.7236398458480835 0.7395709156990051 train 42.0 0.37486041873693465 0.18385719746351242 0.18603746719658376 9.035895232045732e-07
    42.0    
0.19114981591701508 1.7575417757034302 0.7470497488975525 train 43.0 0.3745976261794567 0.18369659647345543 0.18596527785062789 1.1735943417079397e-06
    43.0    
0.18982335925102234 1.761728286743164 0.7436878681182861 train 44.0 0.3753976544737816 0.1841032449156046 0.18635366335511208 1.4320993386718328e-06
    44.0    
0.18933318555355072 1.734067678451538 0.7396626472473145 train 45.0 0.37505348354578016 0.1839369286596775 0.1861963976919651 1.2297889497858705e-06
    45.0    
0.19115059077739716 1.7530180215835571 0.7417197227478027 train 46.0 0.3742568576335907 0.18354798078536988 0.18577559418976308 1.0765537581391982e-06
    46.0    
0.18997786939144135 1.7749029397964478 0.7466118335723877 train 47.0 0.37520360872149466 0.18398842424154283 0.18629891686141492 1.0790523674586439e-06
    47.0    
0.19172793626785278 1.7522046566009521 0.7456274032592773 train 48.0 0.3750546833872795 0.18399403490126132 0.18613150149583815 1.175759507532348e-06
    48.0    
0.19020023941993713 1.774789810180664 0.7410994172096252 train 49.0 0.37551036760210993 0.18413686215877534 0.18640898838639258 1.2952688166478765e-06
    49.0    
0.1898001730442047 1.770119547843933 0.7459321022033691 train 50.0 0.3751906555891037 0.18395760506391526 0.18625703670084476 1.3867819461665931e-06
    50.0    
0.18700312077999115 1.7606806755065918 0.7411907315254211 train 51.0 0.37451124995946883 0.1836310513317585 0.18595495603978635 1.1587162589421496e-06
    51.0    
0.186945378780365 1.769212245941162 0.7432816028594971 train 52.0 0.37521489948034287 0.1839891067147255 0.1862508961558342 1.1913174375877134e-06
    52.0    
0.1893676519393921 1.7765545845031738 0.7416926026344299 train 53.0 0.3747616654634476 0.18371367447078227 0.186079189106822 1.1075979955421644e-06
    53.0    
0.19085171818733215 1.788258671760559 0.7431597113609314 train 54.0 0.3749992948770523 0.18389344789087772 0.18614570140838624 1.0860181873795227e-06
    54.0    
0.18537424504756927 1.7923318147659302 0.7435128092765808 train 55.0 0.3749237710237503 0.1837600117176771 0.18619831442832946 1.0250257673760643e-06
    55.0    
0.19006723165512085 1.7920584678649902 0.7416435480117798 train 56.0 0.37499032080173494 0.18383821301162243 0.18620415136218071 1.2440874570529559e-06
    56.0    
0.18866482377052307 1.7855693101882935 0.7423105835914612 train 57.0 0.37526669397950174 0.1839317161589861 0.1863525415211916 1.1955366971960757e-06
    57.0    
0.190567746758461 1.7914750576019287 0.7423558831214905 train 58.0 0.3749219284951687 0.18380205750465392 0.18612722761929035 1.1159118002979085e-06
    58.0    
0.1857554018497467 1.8016475439071655 0.7427661418914795 train 59.0 0.3751733709871769 0.1839320545643568 0.1862495794892311 1.1001679922628682e-06
    59.0    
0.18743446469306946 1.7838820219039917 0.7428425550460815 train 60.0 0.37515914931893346 0.18386359080672265 0.1863176193833351 1.183513404612313e-06
    60.0    
0.18754640221595764 1.7968634366989136 0.7401977181434631 train 61.0 0.3745515249669552 0.1835891991853714 0.1859950515627861 1.0229764484392945e-06
    61.0    
0.18923452496528625 1.8034462928771973 0.745841383934021 train 62.0 0.37479401886463165 0.18369277238845824 0.186138613820076 8.852272230797098e-07
    62.0    
0.19240184128284454 1.819900631904602 0.7441349625587463 train 63.0 0.3746665535867214 0.18365587137639522 0.1860357692092657 1.000207362267247e-06
    63.0    
0.18761272728443146 1.7974857091903687 0.7449551820755005 train 64.0 0.37523880138993265 0.18383750684559344 0.1864353559166193 8.919314495869912e-07
    64.0    
0.18924209475517273 1.796176791191101 0.7442173361778259 train 65.0 0.37518471375107765 0.18388817563652993 0.1863224569708109 1.2944012723892229e-06
    65.0    
0.18924956023693085 1.8160258531570435 0.7452917098999023 train 66.0 0.37428957015275954 0.1834464433044195 0.1858682432025671 9.007065386867907e-07
    66.0    
0.18901145458221436 1.7893767356872559 0.7455644011497498 train 67.0 0.3748596572875977 0.18369514651596547 0.18619393423199654 1.1343290680088103e-06
    67.0    
0.19226931035518646 1.8130351305007935 0.7468266487121582 train 68.0 0.37500553265213965 0.1838440715521574 0.1861667472869158 1.3060880519333296e-06
    68.0    
0.1915850043296814 1.8209660053253174 0.7450670599937439 train 69.0 0.3741068252921104 0.18336707375943662 0.1857679744064808 8.735305527807213e-07
    69.0    
0.19188359379768372 1.794370174407959 0.7493679523468018 train 70.0 0.37511414900422096 0.18385337494313717 0.18625034958124162 1.140782842412591e-06
    70.0    
0.19308041036128998 1.8279104232788086 0.7466351985931396 train 71.0 0.37385272696614263 0.18322424009442329 0.18566205486655235 1.038359982885595e-06
    71.0    
0.18948817253112793 1.8273805379867554 0.7435307502746582 train 72.0 0.37484143614768983 0.18369994699954986 0.18614037111401557 1.048944000103802e-06
    72.0    
0.1892835646867752 1.805174708366394 0.742108941078186 train 73.0 0.3745545220375061 0.1835445773601532 0.1860232499986887 1.0943908819172066e-06
    73.0    
0.19372834265232086 1.8233892917633057 0.7470160126686096 train 74.0 0.37416384533047675 0.18336889237165452 0.1858221935480833 1.2641338571484084e-06
    74.0    
0.1922043263912201 1.8419710397720337 0.7507722973823547 train 75.0 0.3747882887721062 0.18375920817255975 0.18606463462114334 1.0718745215854142e-06
    75.0    
0.1924668848514557 1.8493419885635376 0.7481744885444641 train 76.0 0.3742146773636341 0.18342046901583672 0.18584107086062432 1.0456346899445634e-06
    76.0    
0.19221565127372742 1.8453874588012695 0.7498481273651123 train 77.0 0.37404791861772535 0.18338791750371455 0.18569248162209986 1.057495069289871e-06
    77.0    
0.18975672125816345 1.8576287031173706 0.748970091342926 train 78.0 0.3752143120765686 0.18391027830541135 0.18634101830422878 1.3030796708335401e-06
    78.0    
0.19204269349575043 1.842457890510559 0.7489178776741028 train 79.0 0.37472457036376 0.18360326528549195 0.18611802570521832 1.600799578227452e-06
    79.0    
0.19689957797527313 1.8370188474655151 0.7491588592529297 train 80.0 0.37432377159595487 0.18338867396116257 0.18594939023256302 1.0976669955198304e-06
    80.0    
0.18972089886665344 1.8513495922088623 0.750537633895874 train 81.0 0.3751496171951294 0.18383876651525496 0.18627039812505244 8.721801236788451e-07
    81.0    
0.19323433935642242 1.8598787784576416 0.7511348724365234 train 82.0 0.3742349535226822 0.1833218351751566 0.185906103849411 1.0600514315228793e-06
    82.0    
0.19310539960861206 1.8422667980194092 0.7507405877113342 train 83.0 0.37462677478790285 0.18355359137058258 0.18604747399687768 8.796058068583079e-07
    83.0    
0.1919642984867096 1.8519742488861084 0.7487549185752869 train 84.0 0.3744175985455513 0.1835192422568798 0.1859010152518749 1.142875817095046e-06
    84.0    
0.19086909294128418 1.8382575511932373 0.751400351524353 train 85.0 0.37445649966597555 0.18348402626812457 0.18596031509339808 1.2444387493815157e-06
    85.0    
0.18940436840057373 1.8602087497711182 0.7497209310531616 train 86.0 0.37426331982016564 0.18340969003736973 0.1858743267506361 9.731706995808054e-07
    86.0    
0.19343510270118713 1.8486586809158325 0.7512567639350891 train 87.0 0.37425438955426216 0.18337493047118186 0.18588059075176716 9.881327969196718e-07
    87.0    
0.1909918487071991 1.873576283454895 0.7528063654899597 train 88.0 0.3745731420814991 0.18347266510128976 0.18607991375029087 9.720332627694006e-07
    88.0    
0.19236941635608673 1.86971914768219 0.7514051198959351 train 89.0 0.374467194378376 0.18348441660404205 0.18596722334623336 1.3272533578856383e-06
    89.0    
0.19459165632724762 1.8843379020690918 0.75702303647995 train 90.0 0.3748383046686649 0.18361367486417293 0.1862126327306032 9.896040182866273e-07
    90.0    
0.19295482337474823 1.8711909055709839 0.7531675696372986 train 91.0 0.3743214835226536 0.18340070925652982 0.18591201208531857 8.392641461796302e-07
    91.0    
0.18840911984443665 1.887197732925415 0.7543110847473145 train 92.0 0.37429548174142835 0.1833827222138643 0.1859146325290203 9.641224778533797e-07
    92.0    
0.19276830554008484 1.9030333757400513 0.7568310499191284 train 93.0 0.3742445747554302 0.1833195585757494 0.18591006264090537 1.2436331644494203e-06
    93.0    
0.1890002340078354 1.879111409187317 0.7540260553359985 train 94.0 0.3746159505844116 0.1835614763945341 0.18603006176650524 1.3613743021778646e-06
    94.0    
0.1940069943666458 1.88789701461792 0.753189742565155 train 95.0 0.3741236394643784 0.18326571948826312 0.18584525592625142 8.564180689063505e-07
    95.0    
0.19361649453639984 1.878191351890564 0.7530551552772522 train 96.0 0.3742796541750431 0.1834126253426075 0.18588131330907345 9.66266384239134e-07
    96.0    
0.19240161776542664 1.8905489444732666 0.7543461918830872 train 97.0 0.3748614129424095 0.18365758948028088 0.1861867368966341 6.89592013713991e-07
    97.0    
0.19652466475963593 1.8935281038284302 0.7543359398841858 train 98.0 0.37422383815050125 0.1833367072045803 0.1858854918181896 9.679703225629055e-07
    98.0    
0.1913003772497177 1.9112193584442139 0.7562060952186584 train 99.0 0.3740473459661007 0.18325145088136197 0.18581344708800315 1.178316324512707e-06
    99.0    
