Corr-Diag Corr-Full Corr-Swap Data Epoch Loss MMD-Full MMD-Swap Mean
0.22317171096801758 1.8883212804794312 0.5900993943214417 train 0.0 0.26342627495527265 0.1383761056140065 0.11140860460698604 3.758607272175141e-05
    0.0    
0.27043789625167847 1.5320899486541748 0.535682201385498 train 1.0 0.14603469520807266 0.07338672365993261 0.06861984807997942 3.376674067112617e-05
    1.0    
0.29072335362434387 1.3254674673080444 0.5093640089035034 train 2.0 0.13318534545600413 0.06621832232922316 0.06411083316430449 2.551876605139114e-05
    2.0    
0.30270594358444214 1.1957826614379883 0.4943583309650421 train 3.0 0.1279955591261387 0.06343036750331521 0.062201047893613574 2.2099900888861157e-05
    3.0    
0.30791839957237244 1.1271780729293823 0.4802980422973633 train 4.0 0.1254142928868532 0.06204302664846182 0.06131866086274385 1.9761258954531513e-05
    4.0    
0.3153926432132721 1.0647932291030884 0.47168728709220886 train 5.0 0.12331086054444312 0.061016742680221794 0.060451487712562084 1.799370875232853e-05
    5.0    
0.3189994990825653 1.0018876791000366 0.45854732394218445 train 6.0 0.12220788951963187 0.06051554953679442 0.0600159509293735 1.623594835109543e-05
    6.0    
0.3222402334213257 0.9633661508560181 0.44917863607406616 train 7.0 0.12134450752288103 0.06013446602970362 0.05966372076421976 1.5852045180508867e-05
    7.0    
0.3249113857746124 0.9280875325202942 0.4411115348339081 train 8.0 0.12065940078347921 0.05984104616567493 0.0593869112804532 1.483383857703302e-05
    8.0    
0.3261718153953552 0.9023196697235107 0.4338197112083435 train 9.0 0.11982198733836412 0.059477734845131636 0.059013283103704454 1.4535810805682559e-05
    9.0    
0.3291216194629669 0.8893214464187622 0.4263897240161896 train 10.0 0.11955388512462378 0.05939869843423366 0.05890628708526492 1.4338054825202562e-05
    10.0    
0.3310636878013611 0.8762201070785522 0.4192158877849579 train 11.0 0.11924955755472183 0.059287791810929774 0.05878472490236163 1.3371353816182818e-05
    11.0    
0.3326869010925293 0.8686177730560303 0.4144652187824249 train 12.0 0.11902434270828963 0.05919592620804906 0.0587096212990582 1.2505886843428016e-05
    12.0    
0.33408382534980774 0.8631161451339722 0.41093602776527405 train 13.0 0.11880049966275692 0.05909277820959687 0.058639785312116145 1.1070971595472656e-05
    13.0    
0.3384067416191101 0.8799605965614319 0.4094071686267853 train 14.0 0.11871604260057211 0.05906621580943465 0.05862399635836482 1.0710830792959314e-05
    14.0    
0.3420620262622833 0.8949871063232422 0.4105967581272125 train 15.0 0.11835723128169776 0.05893012799322605 0.05843221213668585 9.096783287532162e-06
    15.0    
0.3429243266582489 0.9096958637237549 0.41190266609191895 train 16.0 0.11818029463291169 0.05885430712252855 0.05836595993489027 8.341184184246231e-06
    16.0    
0.34747520089149475 0.9324972033500671 0.40944039821624756 train 17.0 0.11830251395702363 0.058912466131150726 0.058459059428423644 1.006120419333456e-05
    17.0    
0.34837085008621216 0.9641507267951965 0.4124737083911896 train 18.0 0.11819452576339246 0.05886446308344603 0.05842504750937223 8.896395229385234e-06
    18.0    
0.3518727123737335 0.9975708723068237 0.4161716401576996 train 19.0 0.11806349352002143 0.05881221543997526 0.05836882527917624 8.136822543747257e-06
    19.0    
0.3509780466556549 1.0275959968566895 0.4171364903450012 train 20.0 0.11812453787773848 0.058839631490409376 0.058426851518452165 6.4437745095347054e-06
    20.0    
0.3530770540237427 1.0660929679870605 0.42162176966667175 train 21.0 0.11785135418176651 0.05871100192889571 0.05830330148339272 6.266408490773756e-06
    21.0    
0.35542818903923035 1.1154147386550903 0.42789381742477417 train 22.0 0.11768211297690868 0.05861965784803033 0.05824084701016545 6.712235517625231e-06
    22.0    
0.3552875816822052 1.1555622816085815 0.43064919114112854 train 23.0 0.11775498773902654 0.05868870917707682 0.058259470984339715 5.625879111903487e-06
    23.0    
0.35684099793434143 1.1992177963256836 0.4358689486980438 train 24.0 0.11784412745386362 0.05870572030544281 0.0583469002135098 5.136967956786975e-06
    24.0    
0.35615453124046326 1.241644024848938 0.43944162130355835 train 25.0 0.11769581638276577 0.05867069017142058 0.05824771178886294 4.672961495089112e-06
    25.0    
0.3563222885131836 1.281355857849121 0.44424062967300415 train 26.0 0.117688431404531 0.0586730207875371 0.058251518812030556 5.7623656175564975e-06
    26.0    
0.35622701048851013 1.328046202659607 0.44882023334503174 train 27.0 0.11733141928911209 0.05847764831036329 0.058103459253907204 4.755337613460142e-06
    27.0    
0.35664263367652893 1.366201639175415 0.4567866623401642 train 28.0 0.11736512660980225 0.05850891303271055 0.0581161236949265 5.067933216196252e-06
    28.0    
0.3549499809741974 1.4035184383392334 0.46160781383514404 train 29.0 0.11740479540079832 0.0585208547860384 0.058154841475188734 3.883973931806395e-06
    29.0    
0.35523468255996704 1.4295923709869385 0.4659268856048584 train 30.0 0.1173656402528286 0.05849022006615996 0.058153545409440996 3.194185865140753e-06
    30.0    
0.35477524995803833 1.46772038936615 0.4697464108467102 train 31.0 0.11720291014760732 0.05840649787336588 0.05808615798130631 3.2610575999569846e-06
    31.0    
0.3530653119087219 1.4943556785583496 0.47649428248405457 train 32.0 0.11742578275501728 0.05851749025285244 0.058205541707575324 2.8481215395004256e-06
    32.0    
0.35173937678337097 1.5113351345062256 0.478395015001297 train 33.0 0.11709090027958155 0.05836627844721079 0.05803389674052596 3.846274466923205e-06
    33.0    
0.3511166572570801 1.5408169031143188 0.48462921380996704 train 34.0 0.11683635368943214 0.05824968375265598 0.057900612875819206 5.1382448873482645e-06
    34.0    
0.3510025441646576 1.5687812566757202 0.4895171821117401 train 35.0 0.11693209420889616 0.058284716624766586 0.05796656021848321 3.556926458259113e-06
    35.0    
0.3513508439064026 1.5861265659332275 0.4937931001186371 train 36.0 0.11694715078920126 0.058305158205330374 0.057968748658895494 3.92557512896019e-06
    36.0    
0.35165250301361084 1.6078864336013794 0.5000616908073425 train 37.0 0.11675369266420603 0.05818989284336567 0.05789686879143119 2.6602890557114733e-06
    37.0    
0.34820687770843506 1.6072145700454712 0.4997425973415375 train 38.0 0.11682985477149486 0.058251753114163876 0.0579167902842164 2.913518756031408e-06
    38.0    
0.34887605905532837 1.6338703632354736 0.506783127784729 train 39.0 0.11697617553174496 0.05830254085361958 0.0580175699852407 3.5287725950183813e-06
    39.0    
0.34687983989715576 1.6362651586532593 0.5107718706130981 train 40.0 0.11720436487346887 0.0584041765704751 0.05815208155661821 2.3177451566880336e-06
    40.0    
0.3480510115623474 1.6500545740127563 0.5161929130554199 train 41.0 0.11683427665382623 0.05824092986062169 0.05794899091124535 2.6743880425783573e-06
    41.0    
0.3438318371772766 1.6623601913452148 0.5211172103881836 train 42.0 0.11691519059240818 0.05825360018759966 0.058021966740489005 1.5097529058039072e-06
    42.0    
0.3449312746524811 1.6710264682769775 0.5251448154449463 train 43.0 0.11674696616828442 0.05817856874316931 0.05793453246355057 3.1766296615387546e-06
    43.0    
0.3446742594242096 1.6823582649230957 0.5307003855705261 train 44.0 0.11650321263819934 0.05805310910567641 0.05782108366489411 2.98316081170924e-06
    44.0    
0.3433346748352051 1.6946499347686768 0.5356752872467041 train 45.0 0.11653729844838381 0.05806417539715767 0.057848397754132745 2.8405845569068333e-06
    45.0    
0.3427453935146332 1.6998246908187866 0.538830041885376 train 46.0 0.11667670965194703 0.05811352534219623 0.05794071136042476 3.950137852370972e-06
    46.0    
0.3407210111618042 1.7092360258102417 0.5413933396339417 train 47.0 0.1165117434412241 0.05805352669209242 0.057841166853904724 2.8195408958708867e-06
    47.0    
0.33884409070014954 1.7182539701461792 0.5437092185020447 train 48.0 0.11639959175139665 0.05802025375887752 0.0577635201998055 3.274188884461182e-06
    48.0    
0.3390570282936096 1.7252894639968872 0.5477267503738403 train 49.0 0.11646500878036022 0.05801187217235565 0.057840287424623965 2.399958248133771e-06
    49.0    
0.3360639810562134 1.7395113706588745 0.5511623024940491 train 50.0 0.11657714765518903 0.05807026272639632 0.05789846189320087 3.01203431263275e-06
    50.0    
0.33525678515434265 1.7441668510437012 0.5538915395736694 train 51.0 0.11673092767596245 0.05814863556995988 0.05797364121302962 3.832230959233129e-06
    51.0    
0.33446264266967773 1.7481939792633057 0.5534562468528748 train 52.0 0.11621616445481778 0.0579013385809958 0.057711030412465336 2.8274444048292935e-06
    52.0    
0.33421286940574646 1.7619102001190186 0.5585851073265076 train 53.0 0.11605617042630911 0.05781710352748633 0.05763878321275115 3.574798029148951e-06
    53.0    
0.33129334449768066 1.7645573616027832 0.5601100325584412 train 54.0 0.11636366561055184 0.057950695641338826 0.05781437346711755 2.400806124569499e-06
    54.0    
0.3315017819404602 1.7681782245635986 0.5613086819648743 train 55.0 0.11608495123684406 0.057820701245218514 0.05766862276941538 2.7417438559496077e-06
    55.0    
0.33238741755485535 1.7762848138809204 0.5623267292976379 train 56.0 0.11603302039206027 0.05779180876910686 0.05764646474272013 2.61195850725926e-06
    56.0    
0.3311000168323517 1.7713664770126343 0.562221884727478 train 57.0 0.11621820956468581 0.057892145365476606 0.057733999956399204 4.498889666137984e-06
    57.0    
0.32859736680984497 1.7766814231872559 0.5634303092956543 train 58.0 0.11605422537773848 0.05780587520450354 0.05765811782330275 2.2877454739500536e-06
    58.0    
0.3280389904975891 1.7797664403915405 0.5646820664405823 train 59.0 0.11622788768261672 0.05788744961842895 0.05774880740791559 2.8703864245471777e-06
    59.0    
0.3259652853012085 1.7797340154647827 0.5629928112030029 train 60.0 0.11619100164622069 0.057858800329267976 0.05774267984554172 2.101098289131187e-06
    60.0    
0.32672810554504395 1.7811181545257568 0.5667116641998291 train 61.0 0.1160991645604372 0.057799869924783705 0.05771259183064103 3.96581890527159e-06
    61.0    
0.3249773383140564 1.7841365337371826 0.5660585165023804 train 62.0 0.11599658455699682 0.057763913534581664 0.05764593815430999 3.0576470635423902e-06
    62.0    
0.32536301016807556 1.7815111875534058 0.56548011302948 train 63.0 0.11614967588335276 0.05778791354969144 0.05777819799259305 1.940538595590624e-06
    63.0    
0.3249684274196625 1.7813538312911987 0.5653923749923706 train 64.0 0.11635769221931697 0.05792230410501361 0.05785189459100366 2.77920867119974e-06
    64.0    
0.32421398162841797 1.780440092086792 0.5666509866714478 train 65.0 0.1159914592653513 0.057735020406544206 0.05767398586496711 2.755973810053547e-06
    65.0    
0.3223331868648529 1.7785059213638306 0.5659748911857605 train 66.0 0.11602837659418583 0.05778237096965313 0.05766292713582516 3.0433445772359846e-06
    66.0    
0.3245828151702881 1.7739120721817017 0.5659152269363403 train 67.0 0.1161354511231184 0.057815972175449135 0.057735658418387174 2.7864191451953957e-06
    67.0    
0.32119685411453247 1.7772799730300903 0.5660364627838135 train 68.0 0.11593005731701851 0.05772526782006025 0.05762395273894071 2.6507623260840774e-06
    68.0    
0.32094302773475647 1.7683285474777222 0.5646145343780518 train 69.0 0.11595679871737957 0.05771766683086753 0.05765591315925121 3.3604749205551343e-06
    69.0    
0.31928926706314087 1.770480751991272 0.562978982925415 train 70.0 0.11589179277420043 0.057663123905658725 0.05765030181035399 2.306402620888548e-06
    70.0    
0.3223077058792114 1.7664953470230103 0.5636948347091675 train 71.0 0.11591442465782166 0.05769979104399681 0.05763321911916137 3.052571400985471e-06
    71.0    
0.3193018138408661 1.7613853216171265 0.5615447759628296 train 72.0 0.11577926486730576 0.05763288594782352 0.05756783220916986 3.656107310234802e-06
    72.0    
0.3204323351383209 1.7598010301589966 0.5627754330635071 train 73.0 0.11581370413303375 0.05764162627980113 0.057592987138777973 3.1567783480568323e-06
    73.0    
0.3194468319416046 1.7587703466415405 0.5618270635604858 train 74.0 0.11577583834528923 0.05761555070057511 0.05758224857971072 2.9787072435283335e-06
    74.0    
0.3179739713668823 1.7482719421386719 0.558843195438385 train 75.0 0.11591555558145046 0.05770013831555843 0.057636503633111714 4.745004389405949e-06
    75.0    
0.3184060752391815 1.7490713596343994 0.5594973564147949 train 76.0 0.11586903538554907 0.05766349269077182 0.057627451121807095 4.02639807361993e-06
    76.0    
0.3174477219581604 1.7458277940750122 0.5578140616416931 train 77.0 0.11597062565386296 0.057673975955694914 0.05772152541205287 3.0115154459053883e-06
    77.0    
0.31913039088249207 1.7427005767822266 0.5589706301689148 train 78.0 0.1157388074323535 0.05759566571563482 0.057565241008996966 4.954691576131154e-06
    78.0    
0.3190454840660095 1.736227035522461 0.5579854846000671 train 79.0 0.11594035811722278 0.05770261390134692 0.057660335991531614 2.9039845230727224e-06
    79.0    
0.318928599357605 1.7325443029403687 0.5572823882102966 train 80.0 0.11586645532399416 0.057661672104150054 0.057630809620022774 3.1183340070128907e-06
    80.0    
0.31736060976982117 1.725471019744873 0.5544817447662354 train 81.0 0.11570848047733306 0.05756033113226294 0.057573485113680364 2.337317482670187e-06
    81.0    
0.31587156653404236 1.7181040048599243 0.5533739924430847 train 82.0 0.11592777747660875 0.057701767235994336 0.05765091793611646 3.826834017672809e-06
    82.0    
0.31716787815093994 1.7108736038208008 0.5534411668777466 train 83.0 0.11579024504870176 0.05764155512675643 0.05757139613851905 2.4040557491389336e-06
    83.0    
0.31791654229164124 1.707900047302246 0.5519338846206665 train 84.0 0.11566542025655507 0.05752209635451436 0.05757053660228848 3.1086235594557365e-06
    84.0    
0.3170619308948517 1.7013922929763794 0.5495173335075378 train 85.0 0.11571851838380098 0.057572156991809606 0.05757657697424293 1.9995973161712755e-06
    85.0    
0.31750452518463135 1.6953023672103882 0.5484007000923157 train 86.0 0.11577578011900186 0.057600384540855885 0.0576041080057621 1.760214558998996e-06
    86.0    
0.31683486700057983 1.6920822858810425 0.5464834570884705 train 87.0 0.1156789955869317 0.057542306818068024 0.05756486309692264 2.5646975245763315e-06
    87.0    
0.31586945056915283 1.6855748891830444 0.5478455424308777 train 88.0 0.11567107670009136 0.05756013447418809 0.05753891894593835 2.5638828446972184e-06
    88.0    
0.316272109746933 1.6787601709365845 0.546107292175293 train 89.0 0.11546463180333376 0.05745072240009904 0.05744203880429268 3.27927159560204e-06
    89.0    
0.31413739919662476 1.6727403402328491 0.5441220998764038 train 90.0 0.11558272711932659 0.05750813653692603 0.05750410815700888 3.2701261716283625e-06
    90.0    
0.3146263659000397 1.6687719821929932 0.5434867739677429 train 91.0 0.11549523714929819 0.05746065754443407 0.057463450208306316 3.2368013762607006e-06
    91.0    
0.3160431981086731 1.662693977355957 0.5418799519538879 train 92.0 0.11553992830216885 0.05749291803687811 0.05747574483975768 3.75723470824596e-06
    92.0    
0.3163725435733795 1.6564772129058838 0.5401356220245361 train 93.0 0.11568828422576188 0.05755072463303804 0.057569765076041224 3.682050419229199e-06
    93.0    
0.31506019830703735 1.6466706991195679 0.5400527119636536 train 94.0 0.11592439971864224 0.057666176836937665 0.057688834834843876 3.5063069390162127e-06
    94.0    
0.31422388553619385 1.6457719802856445 0.5383818745613098 train 95.0 0.11574120178818703 0.057560686208307746 0.057613969184458255 3.653024805316818e-06
    95.0    
0.3129418194293976 1.6407837867736816 0.5363759994506836 train 96.0 0.11571361649781466 0.05755704859271646 0.057589059732854365 2.279036152685876e-06
    96.0    
0.31218305230140686 1.6372202634811401 0.5361839532852173 train 97.0 0.11560601472854615 0.05750169230625033 0.0575384583324194 2.776708925011917e-06
    97.0    
0.3140181303024292 1.6314374208450317 0.5364179015159607 train 98.0 0.11552333563566208 0.0574473269097507 0.0575113140232861 4.684874056692934e-06
    98.0    
0.3129810392856598 1.6236627101898193 0.5321465134620667 train 99.0 0.11564338400959968 0.05751590497791767 0.05755970578640699 2.162725422749645e-06
    99.0    
