Corr-Diag Corr-Full Corr-Swap Data Epoch Loss MMD-Full MMD-Swap Mean
0.480611115694046 0.6532050371170044 0.3248799443244934 train 0.0 0.49658754862844945 0.07849726336076855 0.07175109030678868 4.776895821123617e-06
    0.0    
0.4610367715358734 0.5918664932250977 0.3049612045288086 train 1.0 0.17627731032669544 0.059262165538966655 0.05897181734442711 4.975271622242872e-06
    1.0    
0.4608343541622162 0.6390026807785034 0.328023225069046 train 2.0 0.15859462283551692 0.05798763101920486 0.05770971475169063 3.863568508677417e-06
    2.0    
0.4597558081150055 0.7284052968025208 0.3578977882862091 train 3.0 0.1539460899680853 0.05771907936781645 0.057517786510288715 4.634915512724547e-06
    3.0    
0.4580828547477722 0.8208892941474915 0.38529250025749207 train 4.0 0.1514946089684963 0.05754729127511382 0.05746835837140679 4.23710343966377e-06
    4.0    
0.45822328329086304 0.8687819838523865 0.4007406532764435 train 5.0 0.14982852034270763 0.05748779069632292 0.057384803611785176 4.361510946182534e-06
    5.0    
0.4579494595527649 0.8839709758758545 0.40812948346138 train 6.0 0.14875841856002808 0.05740773100405931 0.05738260081037879 4.012520093965577e-06
    6.0    
0.45863455533981323 0.8866230249404907 0.4118953049182892 train 7.0 0.1477973035722971 0.057464949917048216 0.05742311747744679 6.088039299356751e-06
    7.0    
0.4580250680446625 0.8750989437103271 0.4114673435688019 train 8.0 0.14699855372309684 0.05742296127602458 0.05746256370097399 7.878215910750441e-06
    8.0    
0.460329532623291 0.8622756600379944 0.41006824374198914 train 9.0 0.14620417378842832 0.057280513048172 0.057317269444465635 4.464668108994374e-06
    9.0    
0.45809122920036316 0.8495986461639404 0.408195436000824 train 10.0 0.14571077421307563 0.057338671423494816 0.0573670569434762 4.318605078879045e-06
    10.0    
0.4592248201370239 0.8333380222320557 0.4036341905593872 train 11.0 0.14513285093009473 0.05732630955055356 0.05732347555458546 4.529671059572138e-06
    11.0    
0.460798442363739 0.8202023506164551 0.3998356759548187 train 12.0 0.14490324400365354 0.05724050927907229 0.05733500411733985 4.145815637457417e-06
    12.0    
0.4613133370876312 0.8067257404327393 0.39515188336372375 train 13.0 0.1447528025507927 0.05726059185341001 0.057366685308516026 5.53083918930497e-06
    13.0    
0.4614158868789673 0.7949444651603699 0.39017561078071594 train 14.0 0.14348489843308926 0.05703875541687012 0.05714263889938593 5.30419492861256e-06
    14.0    
0.4619565010070801 0.7813903093338013 0.38439804315567017 train 15.0 0.14407052047550678 0.05716151006519794 0.057229917775839564 5.280694495013449e-06
    15.0    
0.46053338050842285 0.7708582878112793 0.379163533449173 train 16.0 0.1436271107196808 0.05719816559925675 0.05730684561654925 4.414468548930017e-06
    16.0    
0.4610956609249115 0.7600138783454895 0.37317514419555664 train 17.0 0.1431877388805151 0.057136129066348074 0.05726621251553297 7.979477231856436e-06
    17.0    
0.4595700800418854 0.748313844203949 0.3652682900428772 train 18.0 0.14292680233716964 0.057068655733019114 0.057153811324387786 3.3501294183224672e-06
    18.0    
0.4613890051841736 0.736118495464325 0.3581620454788208 train 19.0 0.14320060305297375 0.05720375558361411 0.05736994432285428 5.193066954234382e-06
    19.0    
0.4620169699192047 0.7264084219932556 0.35108399391174316 train 20.0 0.1429115653783083 0.057215631268918515 0.057341078724712134 4.988580712961266e-06
    20.0    
0.46160995960235596 0.7166121602058411 0.3443118929862976 train 21.0 0.14239459432661533 0.05703146733343601 0.05718287166208029 4.564261871564668e-06
    21.0    
0.46135061979293823 0.7051941752433777 0.33679431676864624 train 22.0 0.14210475891828536 0.05708089517429471 0.05725133491680026 5.637061804009136e-06
    22.0    
0.4613419473171234 0.6941956877708435 0.330827921628952 train 23.0 0.14200239397585393 0.05716382883489132 0.0573350559361279 3.4446356949047185e-06
    23.0    
0.46235397458076477 0.6823200583457947 0.32426899671554565 train 24.0 0.1418963822722435 0.057120727878063916 0.05731210259720683 4.360253569757333e-06
    24.0    
0.46114063262939453 0.6719033718109131 0.3183708190917969 train 25.0 0.14160715721547604 0.05704467529430986 0.05722458964213729 5.798900474474067e-06
    25.0    
0.4614928066730499 0.6614328026771545 0.3115960359573364 train 26.0 0.1409165472537279 0.056926320232450964 0.05709352122619748 6.17400564806303e-06
    26.0    
0.46259310841560364 0.6500470042228699 0.30443236231803894 train 27.0 0.1412166564166546 0.05713401917368174 0.05729345483705402 5.343583779904293e-06
    27.0    
0.46221986413002014 0.6394741535186768 0.29968422651290894 train 28.0 0.1409881154447794 0.05693282894790173 0.057100617196410894 3.1311885777540738e-06
    28.0    
0.46197593212127686 0.628344714641571 0.29292723536491394 train 29.0 0.14066489711403846 0.05703647464513779 0.05720760457217693 6.702969130856218e-06
    29.0    
0.46203136444091797 0.6206321716308594 0.28765159845352173 train 30.0 0.14051198124885558 0.05693444652482867 0.05708693720400333 3.7755928588012466e-06
    30.0    
0.46226075291633606 0.6108823418617249 0.2839793264865875 train 31.0 0.14053693048655988 0.05706310274079442 0.0572986389324069 4.844147042604163e-06
    31.0    
0.4613499939441681 0.6011800765991211 0.277793824672699 train 32.0 0.13975964389741422 0.05697317963466048 0.05722304182127118 5.014644102629973e-06
    32.0    
0.4627872705459595 0.5916607975959778 0.27331244945526123 train 33.0 0.13965886265039443 0.05694235486909747 0.05713486893102527 5.222615527600283e-06
    33.0    
0.46118447184562683 0.5840531587600708 0.26938992738723755 train 34.0 0.13925799913704395 0.05688397599384189 0.05709596255794167 4.708328560809605e-06
    34.0    
0.46324098110198975 0.5740123987197876 0.26521408557891846 train 35.0 0.13966413788497448 0.056964030880481006 0.05719096552580595 4.224126314511523e-06
    35.0    
0.4628598988056183 0.5682842135429382 0.2612389922142029 train 36.0 0.13934720285236835 0.05693266931921244 0.05720974158495665 5.026746293879114e-06
    36.0    
0.46245837211608887 0.5618672966957092 0.25792625546455383 train 37.0 0.1394393167644739 0.05702019238844514 0.05723316125571728 7.477748567907838e-06
    37.0    
0.46282294392585754 0.5538227558135986 0.25438734889030457 train 38.0 0.1391171856969595 0.05690704794600606 0.05712037220597267 5.426269581221277e-06
    38.0    
0.46179527044296265 0.5482909679412842 0.2514592707157135 train 39.0 0.1389745907485485 0.05695540523156524 0.05720053724944592 6.188676707097329e-06
    39.0    
0.4602466821670532 0.5434752106666565 0.24964532256126404 train 40.0 0.13872288085520268 0.05699280109256506 0.05724742367863655 2.1161888525966788e-06
    40.0    
0.4612341821193695 0.5386530160903931 0.24680601060390472 train 41.0 0.13853527046740055 0.05687829112634063 0.05711121693253517 4.450644155440386e-06
    41.0    
0.46181079745292664 0.5301212668418884 0.24424982070922852 train 42.0 0.13832130022346972 0.05685234999284148 0.05707287169992924 3.8091202441137284e-06
    42.0    
0.4611078202724457 0.5239068865776062 0.24084794521331787 train 43.0 0.13861773967742919 0.05700345644727349 0.05721201281994581 4.743661520478781e-06
    43.0    
0.46243152022361755 0.5181275606155396 0.2383968085050583 train 44.0 0.13832398906350135 0.05685756493359804 0.0571309975720942 5.7613201533968095e-06
    44.0    
0.4613197147846222 0.5137419104576111 0.23590253293514252 train 45.0 0.1384184853732586 0.05691286062821746 0.05717129228636622 7.092742180248024e-06
    45.0    
0.4618992209434509 0.5067318081855774 0.23306110501289368 train 46.0 0.13806439578533172 0.056878812797367576 0.05715656578540802 3.787508376262849e-06
    46.0    
0.46136337518692017 0.5046995282173157 0.2320713847875595 train 47.0 0.1381270580738783 0.05701803717762232 0.0572924936376512 4.452290795597946e-06
    47.0    
0.462429016828537 0.4980904757976532 0.2281852513551712 train 48.0 0.1377918469160795 0.05683749698102474 0.05707673104479909 3.1687034152128035e-06
    48.0    
0.46189722418785095 0.4944995045661926 0.2273487001657486 train 49.0 0.13768097095191478 0.05683240544050932 0.05713056948035956 6.642771950282622e-06
    49.0    
0.4607439339160919 0.4871275722980499 0.22403495013713837 train 50.0 0.13743965089321136 0.05693701209500432 0.05724177902564406 4.6208697312977165e-06
    50.0    
0.46221548318862915 0.4833754897117615 0.2219284474849701 train 51.0 0.13719139695167543 0.05680935651063919 0.05709982132539153 6.871386631246423e-06
    51.0    
0.4617898166179657 0.4813375771045685 0.22032445669174194 train 52.0 0.13737512186169623 0.05681880421936512 0.05708682049065828 7.152617399697192e-06
    52.0    
0.46081307530403137 0.473392516374588 0.21717426180839539 train 53.0 0.13704644493758678 0.05683929085731507 0.057167162299156186 7.578604254376842e-06
    53.0    
0.46249905228614807 0.46688395738601685 0.2165011763572693 train 54.0 0.1367645275592804 0.056756212450563906 0.057054866179823874 5.801550742035033e-06
    54.0    
0.4626123607158661 0.4662571847438812 0.21371155977249146 train 55.0 0.1369049321115017 0.05677960308268666 0.05707344049587846 8.270401849586051e-06
    55.0    
0.45988669991493225 0.46057480573654175 0.2116852104663849 train 56.0 0.13691808708012104 0.056759595349431036 0.05705983379855752 3.964788447774481e-06
    56.0    
0.46158668398857117 0.4568459391593933 0.20897196233272552 train 57.0 0.13712491989135742 0.05690640667453408 0.057220412623137235 4.809950951312203e-06
    57.0    
0.4623413383960724 0.4522625803947449 0.20853471755981445 train 58.0 0.13684365577995777 0.056897896882146595 0.05720493545755744 5.43806481800857e-06
    58.0    
0.4600120484828949 0.4476337730884552 0.20572592318058014 train 59.0 0.13669735960662366 0.056785620152950286 0.0570920829474926 4.4443413571571e-06
    59.0    
0.461890310049057 0.4422364830970764 0.20320048928260803 train 60.0 0.13683423072099685 0.056889132671058176 0.05718329470604658 4.405136678542476e-06
    60.0    
0.459600567817688 0.43781596422195435 0.2018403857946396 train 61.0 0.136607780829072 0.05685072354972363 0.05715227195993066 4.4000448724546e-06
    61.0    
0.4619338810443878 0.4345487058162689 0.19960111379623413 train 62.0 0.13666676349937915 0.0569372845813632 0.05723743222653866 3.7461743431776995e-06
    62.0    
0.46077078580856323 0.4328552484512329 0.19886165857315063 train 63.0 0.13603751845657824 0.05669970352202654 0.05705815145745873 4.384361545817228e-06
    63.0    
0.462667852640152 0.42785340547561646 0.19685521721839905 train 64.0 0.13654073350131513 0.0568083786405623 0.05711359156295657 5.2215550567780156e-06
    64.0    
0.46181851625442505 0.42178452014923096 0.19370032846927643 train 65.0 0.13639783516526222 0.05690195806324482 0.057191286645829675 5.276663159747841e-06
    65.0    
0.4615791141986847 0.41922837495803833 0.19378039240837097 train 66.0 0.13627859018743038 0.05680711885914207 0.057076953239738944 8.295683073811233e-06
    66.0    
0.4622142016887665 0.4142614006996155 0.19180630147457123 train 67.0 0.13628128223121166 0.05684065954759717 0.05712157994508743 3.729936906893272e-06
    67.0    
0.4615536034107208 0.41054049134254456 0.19044935703277588 train 68.0 0.13627401486039162 0.056823514830321074 0.057132474184036254 8.440159035671968e-06
    68.0    
0.4614175856113434 0.40760689973831177 0.18862199783325195 train 69.0 0.13581675723195075 0.05679633680731058 0.05711130432784557 6.296383617154788e-06
    69.0    
0.46160614490509033 0.40363746881484985 0.1872151643037796 train 70.0 0.1358139719069004 0.05679491233080625 0.05714594654738903 3.6564902075042482e-06
    70.0    
0.46052899956703186 0.4009239375591278 0.18586741387844086 train 71.0 0.13570341244339942 0.05672383489087224 0.057047754246741536 8.241429895861074e-06
    71.0    
0.4611390233039856 0.3958819508552551 0.1839253157377243 train 72.0 0.1355945148319006 0.0567541528865695 0.057084047961980106 3.5221962662035367e-06
    72.0    
0.4613308012485504 0.3937218189239502 0.18317805230617523 train 73.0 0.13556402064859868 0.056735813952982425 0.05709320992231369 4.456885562831303e-06
    73.0    
0.461452841758728 0.3908930718898773 0.181576669216156 train 74.0 0.13549057744443416 0.056745416317135096 0.057140606865286825 5.036883521825075e-06
    74.0    
0.461647629737854 0.38589397072792053 0.18016646802425385 train 75.0 0.1353039799630642 0.05676497118547559 0.057105483692139386 4.246733624313492e-06
    75.0    
0.4617283046245575 0.38249990344047546 0.17849916219711304 train 76.0 0.1354973465949297 0.05680317807942629 0.05717345112934709 3.092666702286806e-06
    76.0    
0.4616982936859131 0.3797065317630768 0.1785716563463211 train 77.0 0.13566945046186446 0.0567742139659822 0.05707827173173428 8.667318979860283e-06
    77.0    
0.46058955788612366 0.3756118416786194 0.1756502389907837 train 78.0 0.13528853453695774 0.0566772136464715 0.057019196767359975 5.2474938456725795e-06
    78.0    
0.46028944849967957 0.37366732954978943 0.17466475069522858 train 79.0 0.13506317928433417 0.05665482280775905 0.05701033677905798 7.440700301231118e-06
    79.0    
0.46113869547843933 0.37049368023872375 0.17399285733699799 train 80.0 0.13499981813132764 0.05671331929042935 0.05705400295555592 2.9757436550426064e-06
    80.0    
0.4612135589122772 0.3673059940338135 0.1730877310037613 train 81.0 0.1352783279120922 0.056771185025572775 0.05711677599698305 8.009703378775157e-06
    81.0    
0.4620392918586731 0.36446839570999146 0.17120639979839325 train 82.0 0.1348732004314661 0.056657190751284364 0.05701941950246692 5.341953965398716e-06
    82.0    
0.4629131257534027 0.3616040050983429 0.17107948660850525 train 83.0 0.13448619991540908 0.056676774211227895 0.05705173024907708 4.827627890335862e-06
    83.0    
0.4627053439617157 0.35667115449905396 0.16976237297058105 train 84.0 0.13481316454708575 0.0566916242800653 0.05704468907788396 6.552256763825426e-06
    84.0    
0.4614048898220062 0.3550347089767456 0.16925755143165588 train 85.0 0.13506361961364746 0.05675381738692522 0.05711236249655485 6.7204573497292586e-06
    85.0    
0.4602983295917511 0.35109996795654297 0.16771218180656433 train 86.0 0.1348528479039669 0.056680572740733626 0.05705514688044786 4.222502411721507e-06
    86.0    
0.46252304315567017 0.34692129492759705 0.16716226935386658 train 87.0 0.13482206352055073 0.05674283819273114 0.057064060252159834 5.121123194840038e-06
    87.0    
0.4614917039871216 0.3467378318309784 0.16640318930149078 train 88.0 0.13458042524755 0.056653390321880576 0.05704209858551621 7.3061792136286385e-06
    88.0    
0.46098700165748596 0.3414577841758728 0.16499176621437073 train 89.0 0.13539073690772058 0.05693973422050476 0.057260033916682 3.965229552704841e-06
    89.0    
0.4628845453262329 0.3396396040916443 0.16431432962417603 train 90.0 0.13453415282070635 0.056699406560510396 0.05707673013210297 4.8037968554126564e-06
    90.0    
0.461791068315506 0.3353317081928253 0.1633669137954712 train 91.0 0.13466217704117298 0.05680401151999831 0.057109789587557316 4.746361810248345e-06
    91.0    
0.46292078495025635 0.3319060802459717 0.16203266382217407 train 92.0 0.13442493617534637 0.05673812689259648 0.05709048930555582 4.919230832456378e-06
    92.0    
0.46228110790252686 0.3283025920391083 0.16169385612010956 train 93.0 0.13449356757104397 0.0568046217225492 0.05719770584255457 5.399873316491721e-06
    93.0    
0.4594186544418335 0.32910460233688354 0.16194498538970947 train 94.0 0.13476488970220088 0.0567263194732368 0.05711497059091926 4.3921581891481765e-06
    94.0    
0.46167507767677307 0.32432305812835693 0.1602395921945572 train 95.0 0.1345859268307686 0.05682891303673387 0.057190432883799075 4.2339156607340556e-06
    95.0    
0.4605858027935028 0.3227427005767822 0.15977928042411804 train 96.0 0.13440650463104248 0.056714863646775485 0.05706099376082421 7.417197593895253e-06
    96.0    
0.4626562297344208 0.3205168843269348 0.15982495248317719 train 97.0 0.13404635459184647 0.05666693395003677 0.05706619631499052 7.1459667196904775e-06
    97.0    
0.46050316095352173 0.3176540434360504 0.15897439420223236 train 98.0 0.13412240959703922 0.05664372719824314 0.05703001504763961 6.369565198838245e-06
    98.0    
0.46116241812705994 0.31849321722984314 0.1589663326740265 train 99.0 0.1345712311565876 0.05679907729849219 0.05716258840635419 5.804202828585403e-06
    99.0    
