Corr-Diag Corr-Full Corr-Swap Data Epoch Loss MMD-Full MMD-Swap Mean
0.251260370016098 1.0462431907653809 0.5793702602386475 train 0.0 0.19124844208359718 0.09788730889558792 0.08550119783729315 1.4692966942675412e-05
    0.0    
0.26239439845085144 0.8249390125274658 0.5228186249732971 train 1.0 0.12907150834798814 0.06401388367637992 0.06298960890620947 1.0929041309282184e-05
    1.0    
0.264382928609848 0.7604589462280273 0.4988050162792206 train 2.0 0.12343517564237118 0.061138195972889664 0.06072891257703304 8.312813406519126e-06
    2.0    
0.2598915994167328 0.7607939839363098 0.4914509654045105 train 3.0 0.1213714573904872 0.06013909041881561 0.05985437419265509 7.032323082967196e-06
    3.0    
0.25467386841773987 0.8081355690956116 0.4861272871494293 train 4.0 0.12039594035595655 0.05970892895013094 0.059414610899984836 5.292883088259259e-06
    4.0    
0.2552458941936493 0.8762778639793396 0.48060885071754456 train 5.0 0.11936736956238747 0.05922077825292945 0.058934667967259886 3.7573834106297e-06
    5.0    
0.2485189139842987 0.9567759037017822 0.4757596552371979 train 6.0 0.1191012216731906 0.05913496375083924 0.05881866756826639 2.485564891685499e-06
    6.0    
0.24744968116283417 1.0487854480743408 0.47266337275505066 train 7.0 0.11895565859973431 0.059075311589986086 0.05874983971938491 1.805791953302105e-06
    7.0    
0.24368058145046234 1.122969150543213 0.47148042917251587 train 8.0 0.1186977246031165 0.05895838923752308 0.05865619068965316 1.2473865353967994e-06
    8.0    
0.24164019525051117 1.2116868495941162 0.4685874581336975 train 9.0 0.1186567572504282 0.05891487242653966 0.05865738362073898 1.0001131158787757e-06
    9.0    
0.24032296240329742 1.2843819856643677 0.46655723452568054 train 10.0 0.118565266802907 0.058904951736330986 0.05858809281140566 9.158260922959016e-07
    10.0    
0.23793882131576538 1.3435436487197876 0.4657650589942932 train 11.0 0.11833037789911031 0.05876149464398622 0.05851376973092556 7.16626061603165e-07
    11.0    
0.23452328145503998 1.3958672285079956 0.46369677782058716 train 12.0 0.11828907754272222 0.058773664180189374 0.058467460684478285 7.785924367453845e-07
    12.0    
0.23065847158432007 1.4578790664672852 0.46565163135528564 train 13.0 0.11842118076980114 0.05883424490690231 0.0585506078414619 9.643041494200588e-07
    13.0    
0.23100358247756958 1.4873452186584473 0.4651361405849457 train 14.0 0.11820294488221407 0.05872519139200449 0.05845271922647953 1.413111590409244e-06
    14.0    
0.2295856922864914 1.5332903861999512 0.4626108705997467 train 15.0 0.11821852676570416 0.05872719632461667 0.05847649512812495 1.0727953849709593e-06
    15.0    
0.22435249388217926 1.552025318145752 0.4624008536338806 train 16.0 0.11784854620695114 0.05853157017379999 0.05830056151375174 1.5789661347298534e-06
    16.0    
0.22296105325222015 1.6079189777374268 0.4623446762561798 train 17.0 0.1178578058630228 0.05856021119281649 0.058294444642961026 1.1696769206537283e-06
    17.0    
0.2192937433719635 1.626023292541504 0.46260109543800354 train 18.0 0.11780547179281711 0.058534444198012354 0.05828468732535839 1.4324629091788665e-06
    18.0    
0.2172008603811264 1.6543482542037964 0.46073493361473083 train 19.0 0.11796385936439037 0.05862056439742446 0.058351321313530206 1.7679151369520696e-06
    19.0    
0.21500229835510254 1.7000442743301392 0.45955830812454224 train 20.0 0.11772814109921455 0.05848611615598202 0.05824971554800868 1.5408368199132383e-06
    20.0    
0.21475595235824585 1.7257936000823975 0.4577752947807312 train 21.0 0.11773795280605555 0.058488982021808626 0.058255500942468647 1.8767944993669516e-06
    21.0    
0.21105217933654785 1.7677689790725708 0.45874321460723877 train 22.0 0.11776420198380948 0.05851339248940349 0.058277261033654215 1.9057421241086558e-06
    22.0    
0.20760998129844666 1.7817858457565308 0.4594740867614746 train 23.0 0.11755553986877203 0.058370877392590045 0.05819401757791638 1.4781102208871744e-06
    23.0    
0.20857319235801697 1.7949024438858032 0.4564913511276245 train 24.0 0.117427265830338 0.05830575795844197 0.058137562051415445 1.7903981870404095e-06
    24.0    
0.20695163309574127 1.8211971521377563 0.4549299478530884 train 25.0 0.11744002800434827 0.058329854346811774 0.05812579445540905 1.8142945918953046e-06
    25.0    
0.20431295037269592 1.83436119556427 0.4551558792591095 train 26.0 0.11768953867256642 0.05843690495938063 0.05827237052842975 1.7838319763541222e-06
    26.0    
0.20035190880298615 1.8554632663726807 0.4557570219039917 train 27.0 0.11753991849720478 0.05837083915248513 0.058201510515064 1.5738444290036568e-06
    27.0    
0.19894056022167206 1.850986123085022 0.4576307237148285 train 28.0 0.11743986789137124 0.05831156492233276 0.05815261010080576 1.56186126787361e-06
    28.0    
0.19725845754146576 1.8797602653503418 0.4534572660923004 train 29.0 0.11728694833815098 0.05823818504810333 0.0580772889778018 1.64655216394749e-06
    29.0    
0.19526386260986328 1.8852418661117554 0.4554368853569031 train 30.0 0.11762776218354702 0.05840243693441152 0.058257642798125744 1.8554900407252717e-06
    30.0    
0.19394759833812714 1.9045017957687378 0.45010143518447876 train 31.0 0.11753822315484286 0.05835334647446871 0.05822526222094893 1.7656348063610494e-06
    31.0    
0.19292527437210083 1.8916196823120117 0.45013687014579773 train 32.0 0.11721070758998393 0.05819703448563814 0.058037660606205466 1.8405684159006341e-06
    32.0    
0.1899777352809906 1.8999971151351929 0.4506363272666931 train 33.0 0.11723360478878021 0.05821373945102096 0.05804994568228722 1.7795133544495911e-06
    33.0    
0.18602409958839417 1.8944125175476074 0.45003387331962585 train 34.0 0.1172603814303875 0.05820172656327486 0.0580815289542079 1.3285655313666211e-06
    34.0    
0.18382428586483002 1.8838863372802734 0.4495418667793274 train 35.0 0.11722607232630253 0.05815875099971891 0.05810048868879676 1.8052290897685452e-06
    35.0    
0.18279919028282166 1.8778306245803833 0.448386013507843 train 36.0 0.1170856462419033 0.0581093953922391 0.05799469251185656 1.5400448774016695e-06
    36.0    
0.1804599016904831 1.8573436737060547 0.44726020097732544 train 37.0 0.11731079492717982 0.058191863931715486 0.058140871953219174 1.421981210114609e-06
    37.0    
0.17961646616458893 1.8471424579620361 0.449109822511673 train 38.0 0.11703832939267159 0.05805832942947745 0.058015197589993475 1.3814851627103053e-06
    38.0    
0.17711882293224335 1.8247270584106445 0.44749224185943604 train 39.0 0.11699606034904718 0.058023239355534315 0.05799707416445017 1.7129968910012394e-06
    39.0    
0.17692416906356812 1.801456093788147 0.44607773423194885 train 40.0 0.1170397862792015 0.05805622024461627 0.05801030945032835 1.769855202837789e-06
    40.0    
0.17605029046535492 1.7877979278564453 0.4445827007293701 train 41.0 0.11702303402125835 0.0580451893247664 0.057999881003052 1.409777951266733e-06
    41.0    
0.17590147256851196 1.7781367301940918 0.4423413872718811 train 42.0 0.1169021312519908 0.05796280385926366 0.057970600835978985 1.243383735527459e-06
    42.0    
0.1738387495279312 1.7469758987426758 0.4419349730014801 train 43.0 0.11675782617181539 0.057883447818458084 0.05789863524958491 1.1586542996155913e-06
    43.0    
0.17228436470031738 1.7153098583221436 0.44136911630630493 train 44.0 0.11683635622262954 0.05792149681597948 0.057946362271904944 1.5365133094746852e-06
    44.0    
0.17265677452087402 1.6978696584701538 0.4378047287464142 train 45.0 0.11644851058721542 0.057715053632855416 0.05776298357173801 1.4503859802061925e-06
    45.0    
0.16915477812290192 1.6863316297531128 0.43802863359451294 train 46.0 0.11685883756726981 0.057888428326696155 0.05799564551562071 1.35591369598842e-06
    46.0    
0.1698640137910843 1.6675257682800293 0.43548473715782166 train 47.0 0.11692467376589775 0.057929078899323944 0.058028883021324876 1.423118533239176e-06
    47.0    
0.16824842989444733 1.6487993001937866 0.43240833282470703 train 48.0 0.11667685873806477 0.057793932855129244 0.05790806476026773 1.429791495866084e-06
    48.0    
0.16949883103370667 1.631778359413147 0.4321567118167877 train 49.0 0.11667889714241028 0.05778638932853937 0.057925607990473506 1.329472979705315e-06
    49.0    
0.16820259392261505 1.6213651895523071 0.42565613985061646 train 50.0 0.11654841244220733 0.05772908214479685 0.057848216872662304 1.385733298775449e-06
    50.0    
0.1668974906206131 1.6113252639770508 0.4247582256793976 train 51.0 0.1166529456526041 0.05776560638099909 0.057903327122330664 1.1805099120465457e-06
    51.0    
0.16541695594787598 1.5981351137161255 0.42008984088897705 train 52.0 0.11663157127797603 0.05776746558025479 0.057873478513211014 1.6280881709462847e-06
    52.0    
0.16378527879714966 1.5813419818878174 0.42020636796951294 train 53.0 0.11665621250867844 0.0577649693377316 0.05791545901447535 1.00030251815042e-06
    53.0    
0.16263499855995178 1.5705609321594238 0.4189442992210388 train 54.0 0.11685533527284861 0.057843925077468154 0.058026889748871324 1.1712708101185854e-06
    54.0    
0.16158732771873474 1.5558258295059204 0.4170669913291931 train 55.0 0.11644040055572986 0.05765073763206601 0.0578140464797616 1.1823461818494252e-06
    55.0    
0.1597004532814026 1.5387458801269531 0.4190995693206787 train 56.0 0.11652509275823832 0.05768346855416894 0.0578517509996891 1.027155576593941e-06
    56.0    
0.16220492124557495 1.5227456092834473 0.4120842218399048 train 57.0 0.11625639595091343 0.057574189864099026 0.05771060138940811 1.1188091093572439e-06
    57.0    
0.15934880077838898 1.5082709789276123 0.4122682511806488 train 58.0 0.11643363043665886 0.057612163797020916 0.05784449117258191 1.4346326224767836e-06
    58.0    
0.15855221450328827 1.4892276525497437 0.4138650894165039 train 59.0 0.1161521963775158 0.05749920401722193 0.05768191285431385 1.3553159305956797e-06
    59.0    
0.15682972967624664 1.466835618019104 0.41366711258888245 train 60.0 0.11634424779564143 0.05758436907082796 0.057796790208667514 1.2774985407304484e-06
    60.0    
0.15719722211360931 1.4508519172668457 0.411422461271286 train 61.0 0.11635351903736592 0.05756649868562817 0.05780086943879723 1.2510840861068573e-06
    61.0    
0.15705737471580505 1.4355088472366333 0.4093911349773407 train 62.0 0.11614362731575965 0.0574486131966114 0.05771923879161477 1.131716317104292e-06
    62.0    
0.15667298436164856 1.4141595363616943 0.4110123813152313 train 63.0 0.11639917228370905 0.05759886158630252 0.057819529063999654 1.1223357887502061e-06
    63.0    
0.15602843463420868 1.3967515230178833 0.40838873386383057 train 64.0 0.1162785616144538 0.057534214053303 0.05777941530570388 1.2157925084466115e-06
    64.0    
0.155727356672287 1.3831530809402466 0.4057868421077728 train 65.0 0.11633940834552049 0.05752612179145217 0.057840474881231785 1.044819327944424e-06
    65.0    
0.1495918184518814 1.360440969467163 0.4093555510044098 train 66.0 0.1163887496292591 0.057556085977703335 0.05784826410934329 8.778677624832198e-07
    66.0    
0.15195591747760773 1.3511205911636353 0.4070712625980377 train 67.0 0.11620773524045944 0.057468220721930266 0.057761189825832844 1.0165334742850973e-06
    67.0    
0.15203064680099487 1.3295186758041382 0.4023752510547638 train 68.0 0.1162151849269867 0.05745140302926302 0.0577877976000309 1.0684783546821564e-06
    68.0    
0.15214678645133972 1.3200722932815552 0.40540191531181335 train 69.0 0.11606609057635069 0.05739653270691633 0.057699146401137116 1.1084194966315408e-06
    69.0    
0.15148968994617462 1.2995723485946655 0.4028583765029907 train 70.0 0.11612288393080235 0.057393087986856696 0.057761417999863625 1.3712850659430842e-06
    70.0    
0.1472434252500534 1.2809981107711792 0.4055190682411194 train 71.0 0.11607006911188364 0.05739990953356028 0.05770465616136789 1.0168320159209543e-06
    71.0    
0.14968639612197876 1.2632240056991577 0.4036349654197693 train 72.0 0.1160262980684638 0.057372582200914624 0.057680772989988326 1.4252891560317948e-06
    72.0    
0.1510602831840515 1.2509211301803589 0.4028972387313843 train 73.0 0.11602536503225565 0.057355428393930194 0.057710559591650966 1.3929287661085255e-06
    73.0    
0.1503412425518036 1.2287460565567017 0.40277963876724243 train 74.0 0.11601403042674065 0.057319370154291394 0.057716864738613365 1.033719513543474e-06
    74.0    
0.14991864562034607 1.2210134267807007 0.4019589424133301 train 75.0 0.11630570229142904 0.05746885595843196 0.05787676941603422 1.0332895499232109e-06
    75.0    
0.14691142737865448 1.1997549533843994 0.4008327126502991 train 76.0 0.11643063735216856 0.057545256577432154 0.05790917372331023 1.0083548431794043e-06
    76.0    
0.14593930542469025 1.1881357431411743 0.40100112557411194 train 77.0 0.11614774819463491 0.057395782805979255 0.05777545193210244 1.0394720675321878e-06
    77.0    
0.14930061995983124 1.1691926717758179 0.40109962224960327 train 78.0 0.11586860381066799 0.057248581815510985 0.05764104276895523 1.4267185406424687e-06
    78.0    
0.14936059713363647 1.1552388668060303 0.4014907479286194 train 79.0 0.11567163154482842 0.057150818444788455 0.05755340537056327 9.258152431357303e-07
    79.0    
0.14776074886322021 1.1358577013015747 0.40052568912506104 train 80.0 0.11592716202139855 0.05727209433913231 0.057681140918284655 1.1162798045916134e-06
    80.0    
0.14594653248786926 1.121220588684082 0.3993592858314514 train 81.0 0.11574093528091907 0.05718252563849092 0.057582198213785886 8.63314198795706e-07
    81.0    
0.14450596272945404 1.1119203567504883 0.4007154703140259 train 82.0 0.11598907306790351 0.057315701581537724 0.057709086928516624 1.3352636187846656e-06
    82.0    
0.14513874053955078 1.1006234884262085 0.4012391269207001 train 83.0 0.11590859115123749 0.05726907292380929 0.057674358673393725 1.5486854181290255e-06
    83.0    
0.14457307755947113 1.0941510200500488 0.3971238434314728 train 84.0 0.11597918465733528 0.057280709464102984 0.05772079665213823 1.2347410347501864e-06
    84.0    
0.1459776908159256 1.0751044750213623 0.4000163674354553 train 85.0 0.11548486545681953 0.05704319968819618 0.05748289531096816 1.0745543477241881e-06
    85.0    
0.14562764763832092 1.0675607919692993 0.4002900719642639 train 86.0 0.11571934558451176 0.05712930088862777 0.05761584369465709 1.3723738447879441e-06
    86.0    
0.14402715861797333 1.0511229038238525 0.3986233174800873 train 87.0 0.11584527626633644 0.05721052970737219 0.05766343703493476 9.864323828878696e-07
    87.0    
0.1447492092847824 1.0399740934371948 0.39848679304122925 train 88.0 0.11564250320196151 0.05710313737392426 0.05758422259241343 1.5664267039028346e-06
    88.0    
0.14774198830127716 1.0319103002548218 0.39678505063056946 train 89.0 0.11574813041836024 0.057146079670637846 0.057640042789280414 1.0739498748080223e-06
    89.0    
0.143570676445961 1.0174232721328735 0.3999233841896057 train 90.0 0.11573368955403567 0.05715003866702318 0.05761881912127137 1.1149570582347224e-06
    90.0    
0.14473912119865417 1.008817434310913 0.3972660303115845 train 91.0 0.1154483923688531 0.057006716281175616 0.05747988415881991 1.3401430578596774e-06
    91.0    
0.1440645009279251 0.9989818334579468 0.3991211950778961 train 92.0 0.11583615746349096 0.057194249015301464 0.05768775025382638 1.3208676818976528e-06
    92.0    
0.14132043719291687 0.9862967133522034 0.40320056676864624 train 93.0 0.11565793085843325 0.057092117071151735 0.05760515606030822 1.0717106988522573e-06
    93.0    
0.14175614714622498 0.9772067666053772 0.3994361460208893 train 94.0 0.11579347353428603 0.05716255459934473 0.05766786769032478 1.0699067161112907e-06
    94.0    
0.14231181144714355 0.9689878821372986 0.3990974724292755 train 95.0 0.11554669227451086 0.057030118368566037 0.05755170725286007 1.225492951562046e-06
    95.0    
0.141032412648201 0.9598639607429504 0.397434264421463 train 96.0 0.11585431694984435 0.05717486036941409 0.057705077305436135 8.565854159314767e-07
    96.0    
0.1392381638288498 0.9523589611053467 0.39832615852355957 train 97.0 0.11554512299597264 0.057036158237606285 0.057556893937289716 1.2855562090408057e-06
    97.0    
0.14358218014240265 0.9423324465751648 0.39602142572402954 train 98.0 0.11569475941359997 0.057091476246714595 0.057646396942436694 1.2011541912215762e-06
    98.0    
0.1430816948413849 0.9334189891815186 0.39742550253868103 train 99.0 0.11572270538657904 0.05708422914147377 0.05767724378034472 1.7164693417726085e-06
    99.0    
