Corr-Diag Corr-Full Corr-Swap Data Epoch Loss MMD-Full MMD-Swap Mean
0.32922202348709106 1.1873341798782349 0.5061255693435669 train 0.0 0.40979317590594294 0.20429337099194528 0.19302151970565318 3.108108649030328e-05
    0.0    
0.38168519735336304 0.8418779969215393 0.404457151889801 train 1.0 0.37400032237172126 0.1848379059135914 0.18311590678989886 2.0448344002943486e-05
    1.0    
0.3905653953552246 0.6892522573471069 0.3590388000011444 train 2.0 0.3672009138762951 0.18116752937436104 0.18156373746693133 1.1448184523032978e-05
    2.0    
0.3996990919113159 0.6251626014709473 0.33076897263526917 train 3.0 0.3640988300740719 0.1795511943101883 0.18071426294744014 1.0398940503364429e-05
    3.0    
0.37741222977638245 0.565205991268158 0.3218463063240051 train 4.0 0.3636007200181484 0.1793707039952278 0.1806672228872776 1.2475569747039117e-05
    4.0    
0.3738413155078888 0.5337774157524109 0.31912553310394287 train 5.0 0.3616151936352253 0.1782995944470167 0.1799394278228283 7.902333891252056e-06
    5.0    
0.36378100514411926 0.4906354546546936 0.3076643645763397 train 6.0 0.36165417209267614 0.17825630716979504 0.18010069347918034 1.0085126632475294e-05
    6.0    
0.34846529364585876 0.4540993869304657 0.29926449060440063 train 7.0 0.3618096536397934 0.178290503770113 0.18028443105518818 8.571315447625238e-06
    7.0    
0.3533731997013092 0.4471828043460846 0.30241116881370544 train 8.0 0.3609508430957794 0.17784065268933774 0.17997456058859826 7.196961632871535e-06
    8.0    
0.3354724943637848 0.4216488003730774 0.303345650434494 train 9.0 0.3602421127259731 0.17740419387817383 0.17979199513792993 5.984310973872198e-06
    9.0    
0.3348085582256317 0.40750250220298767 0.3028770387172699 train 10.0 0.3613821515440941 0.17792351193726064 0.1803853801637888 7.225217359518865e-06
    10.0    
0.32976534962654114 0.3963623642921448 0.2952847182750702 train 11.0 0.3592588897049427 0.17694318875670434 0.17932577058672905 5.4736260608478915e-06
    11.0    
0.32307517528533936 0.3971346318721771 0.29848000407218933 train 12.0 0.3597093619406223 0.17714414976537227 0.17958560958504677 6.967412446101662e-06
    12.0    
0.31222355365753174 0.3850962519645691 0.29285526275634766 train 13.0 0.3609804035723209 0.17766484148800374 0.18032940067350864 7.853317583794706e-06
    13.0    
0.30779483914375305 0.38104018568992615 0.28635847568511963 train 14.0 0.35911467581987383 0.1767694952338934 0.1793903999775648 5.2191162467352115e-06
    14.0    
0.30068644881248474 0.369485080242157 0.29525983333587646 train 15.0 0.3594418166577816 0.17699704483151435 0.17946974165737628 7.469715001207078e-06
    15.0    
0.2897557020187378 0.35911452770233154 0.2900885045528412 train 16.0 0.35946905478835106 0.17683860957622527 0.1796434824168682 7.485014975827653e-06
    16.0    
0.2974707782268524 0.3628157377243042 0.29429736733436584 train 17.0 0.35843086838722227 0.1763996237516403 0.17904104456305503 7.846930202504154e-06
    17.0    
0.2860490679740906 0.35195401310920715 0.29380056262016296 train 18.0 0.35873624563217166 0.17652446210384368 0.17925564505159855 6.6334300754533615e-06
    18.0    
0.27841082215309143 0.33289027214050293 0.2885035276412964 train 19.0 0.35884057193994523 0.17657944552600383 0.1793167508393526 8.127819455694407e-06
    19.0    
0.274620920419693 0.33776935935020447 0.2824615240097046 train 20.0 0.35943086102604865 0.17678385809063912 0.17965690046548843 6.911786385899177e-06
    20.0    
0.2628779411315918 0.31665918231010437 0.28509846329689026 train 21.0 0.35910623654723167 0.176692852973938 0.17940229311585426 6.982826562307309e-06
    21.0    
0.268632173538208 0.31843313574790955 0.28530386090278625 train 22.0 0.3584096352756023 0.17634008169174195 0.17906018406152724 7.052335149637656e-06
    22.0    
0.2566485106945038 0.3155672252178192 0.2894099950790405 train 23.0 0.3586819325387478 0.1764567619562149 0.17924804374575615 6.381645562214544e-06
    23.0    
0.2544952630996704 0.3137612044811249 0.2832505702972412 train 24.0 0.35866437926888467 0.17639424800872802 0.17926751188933848 8.131584763759747e-06
    24.0    
0.24551452696323395 0.2984541356563568 0.2864590287208557 train 25.0 0.35918853551149366 0.17666939198970794 0.17947863280773163 6.829544872744009e-06
    25.0    
0.23721905052661896 0.298345148563385 0.28143590688705444 train 26.0 0.3585313752293587 0.17634615935385228 0.17915044263005256 7.0269388743327e-06
    26.0    
0.24296098947525024 0.29355373978614807 0.2816777229309082 train 27.0 0.3583339165151119 0.17622488141059875 0.17903932996094227 6.875506642245455e-06
    27.0    
0.2336294800043106 0.29661110043525696 0.27937158942222595 train 28.0 0.35806372463703157 0.17602501168847084 0.1790301027148962 5.792953743366525e-06
    28.0    
0.23113030195236206 0.301434725522995 0.2783868908882141 train 29.0 0.35827231377363206 0.17617545515298844 0.17905962824821473 7.0376950134232175e-06
    29.0    
0.21847432851791382 0.2837013304233551 0.27974164485931396 train 30.0 0.35817413583397867 0.17601999215781688 0.17905610129237176 6.635923455178272e-06
    30.0    
0.22814950346946716 0.29002800583839417 0.2749032974243164 train 31.0 0.35833254233002665 0.17612506739795208 0.1791485247015953 1.0124766959052067e-05
    31.0    
0.2195364236831665 0.2852790355682373 0.27276095747947693 train 32.0 0.357604796141386 0.17583007492125036 0.17870694622397423 6.7932942329207435e-06
    32.0    
0.21762818098068237 0.2760270833969116 0.2754862904548645 train 33.0 0.35793194472789763 0.17596399419009687 0.17893198810517788 7.670675586268771e-06
    33.0    
0.21178476512432098 0.26973631978034973 0.27399352192878723 train 34.0 0.3578076596558094 0.1759166730195284 0.17886885039508343 6.453019977925578e-06
    34.0    
0.22555609047412872 0.2967827022075653 0.27766716480255127 train 35.0 0.35742570281028746 0.1757780610024929 0.17859040856361388 1.1970494597335346e-05
    35.0    
0.20940765738487244 0.2697215676307678 0.26846757531166077 train 36.0 0.3570245103538036 0.17560686282813548 0.17838166147470474 6.261720045586117e-06
    36.0    
0.20891261100769043 0.2702028453350067 0.2735036015510559 train 37.0 0.3575495630502701 0.17576978005468846 0.17874917812645436 6.983492312429007e-06
    37.0    
0.2043008953332901 0.27026185393333435 0.2661464810371399 train 38.0 0.35727282747626304 0.17558831498026847 0.17859128780663014 8.58825023897225e-06
    38.0    
0.20550018548965454 0.2726714313030243 0.27566757798194885 train 39.0 0.3568885292112827 0.1754556580632925 0.17840022519230841 7.164247563196113e-06
    39.0    
0.202860027551651 0.2712426483631134 0.26740899682044983 train 40.0 0.35842240244150164 0.1761972428113222 0.179159579500556 8.051848453760613e-06
    40.0    
0.19736456871032715 0.26639166474342346 0.2679959535598755 train 41.0 0.35797187268733976 0.1759661889821291 0.17891518719494343 6.020945420459611e-06
    41.0    
0.1942516714334488 0.2666029632091522 0.26728662848472595 train 42.0 0.3575209544599056 0.17567819297313692 0.1787583853304386 5.625824996968731e-06
    42.0    
0.19857671856880188 0.2579159736633301 0.2632744014263153 train 43.0 0.35706153690814973 0.17551970541477202 0.17844011381268501 7.027669198578224e-06
    43.0    
0.19492843747138977 0.274454802274704 0.2674182951450348 train 44.0 0.35738080441951753 0.17571413218975068 0.17854759812355042 8.85226563696051e-06
    44.0    
0.1882745325565338 0.2556357979774475 0.2627120912075043 train 45.0 0.3569061955809593 0.17546730540692806 0.1783509064465761 6.4552573348919395e-06
    45.0    
0.18832167983055115 0.2694457173347473 0.2732386887073517 train 46.0 0.35710403457283973 0.17562021903693675 0.1783810132741928 6.41437236481579e-06
    46.0    
0.18233105540275574 0.2596723735332489 0.26390334963798523 train 47.0 0.35703288987278936 0.175438981205225 0.17851754911243917 6.999702691246057e-06
    47.0    
0.1868409663438797 0.25592124462127686 0.25713852047920227 train 48.0 0.35692168921232226 0.17543581895530225 0.1783905666321516 7.2283519330085255e-06
    48.0    
0.18393339216709137 0.27142372727394104 0.25750118494033813 train 49.0 0.3563327544927597 0.175189505815506 0.17803759030997754 7.822969564585947e-06
    49.0    
0.18886062502861023 0.24945950508117676 0.2569711208343506 train 50.0 0.3567092801630497 0.17533555686473845 0.17829162910580634 6.872444373584585e-06
    50.0    
0.1784590780735016 0.26619118452072144 0.2602243423461914 train 51.0 0.357290294021368 0.1756700400263071 0.17849197901785374 6.881388799229171e-06
    51.0    
0.17862001061439514 0.2563895881175995 0.25946688652038574 train 52.0 0.3573976558446884 0.17568026080727578 0.17858399875462055 7.480799922632286e-06
    52.0    
0.17701102793216705 0.2448972761631012 0.25650104880332947 train 53.0 0.3566455301642418 0.17523401066660882 0.17829238668084144 7.281968009920092e-06
    53.0    
0.175415500998497 0.25369030237197876 0.25557395815849304 train 54.0 0.35713197737932206 0.17547346584498882 0.17852582529187203 7.117788754840149e-06
    54.0    
0.1624508947134018 0.23473666608333588 0.25380709767341614 train 55.0 0.3576443462073803 0.17578435212373733 0.17871696546673774 7.011132311163237e-06
    55.0    
0.17087726294994354 0.2514304220676422 0.2567048668861389 train 56.0 0.3567351332306862 0.175307212471962 0.17827282272279263 7.954924512887374e-06
    56.0    
0.16996198892593384 0.2508181035518646 0.25436931848526 train 57.0 0.3560300889611244 0.17495664171874523 0.1779015326499939 1.0110816219821572e-05
    57.0    
0.16343334317207336 0.24255290627479553 0.24851341545581818 train 58.0 0.35772367894649504 0.17579388029873372 0.17872203953564167 8.535176675650291e-06
    58.0    
0.15566201508045197 0.23789268732070923 0.24996662139892578 train 59.0 0.35679839566349986 0.17530546069145203 0.17830140851438045 6.382161245710449e-06
    59.0    
0.16280284523963928 0.2502012550830841 0.25161176919937134 train 60.0 0.35667661130428313 0.17520292840898036 0.17831122413277625 8.476152288494632e-06
    60.0    
0.15652364492416382 0.24005334079265594 0.25053870677948 train 61.0 0.35729384288191796 0.17554315388202668 0.17852087311446665 8.315641025546938e-06
    61.0    
0.15484534204006195 0.24794603884220123 0.2527122497558594 train 62.0 0.35682546481490135 0.17533314794301988 0.17827116020023823 6.009681328578154e-06
    62.0    
0.1438618153333664 0.23988555371761322 0.255835622549057 train 63.0 0.3572475282847881 0.17546590767800807 0.1785490506142378 8.019460437935777e-06
    63.0    
0.14878906309604645 0.24622772634029388 0.25230318307876587 train 64.0 0.35629827901721 0.17507109194993972 0.17800929449498654 7.699353773205075e-06
    64.0    
0.15823134779930115 0.25323817133903503 0.2541438937187195 train 65.0 0.3574482378363609 0.1755909038335085 0.17861390084028245 7.738718522887211e-06
    65.0    
0.15214791893959045 0.2431667447090149 0.2500704228878021 train 66.0 0.3565350753068924 0.17523739948868752 0.17803817562758922 8.375530342163984e-06
    66.0    
0.15228410065174103 0.24073264002799988 0.2473265379667282 train 67.0 0.35642699599266053 0.17511886887252331 0.17807912655174732 7.304114660655614e-06
    67.0    
0.15713532269001007 0.24436978995800018 0.24504679441452026 train 68.0 0.3562401628494263 0.175025023445487 0.17801523201167582 5.9966882872686256e-06
    68.0    
0.1481432318687439 0.22987672686576843 0.24586233496665955 train 69.0 0.3565739867091179 0.1752348554879427 0.17811656318604946 8.031626748561393e-06
    69.0    
0.1408841907978058 0.239101842045784 0.24923746287822723 train 70.0 0.3566160862147808 0.17519665695726871 0.17819805555045604 6.770911568310112e-06
    70.0    
0.1409747302532196 0.23546580970287323 0.2452845722436905 train 71.0 0.3574847547709942 0.17560522973537446 0.1786505026370287 8.156728654284962e-06
    71.0    
0.15847159922122955 0.2441578507423401 0.24955196678638458 train 72.0 0.35550271332263944 0.17473473384976387 0.17751714393496512 8.872994840203319e-06
    72.0    
0.15101245045661926 0.24165719747543335 0.25220561027526855 train 73.0 0.3554906463623047 0.17468791954219343 0.1775904109328985 7.883620128268376e-06
    73.0    
0.1493186354637146 0.2440718114376068 0.24277132749557495 train 74.0 0.3558001942932606 0.17481137298047542 0.17779922880232335 6.212496373336762e-06
    74.0    
0.14343257248401642 0.23934835195541382 0.2455841451883316 train 75.0 0.3561969818174839 0.1749938142299652 0.17800959691405296 6.880902219563723e-06
    75.0    
0.14580197632312775 0.24285057187080383 0.24648115038871765 train 76.0 0.35573904514312743 0.1747670516371727 0.17776472605764865 5.669945039699087e-06
    76.0    
0.14097031950950623 0.24543456733226776 0.24889884889125824 train 77.0 0.35652790442109106 0.17518035888671876 0.17811155214905738 8.006286407180596e-06
    77.0    
0.1387936919927597 0.24965105950832367 0.25088921189308167 train 78.0 0.3559252163767815 0.17480260834097863 0.1778751266002655 5.228191639616853e-06
    78.0    
0.14760802686214447 0.2469794601202011 0.24889779090881348 train 79.0 0.3562082476913929 0.17496386758983135 0.17797818683087827 7.81805192673346e-06
    79.0    
0.14823436737060547 0.23911090195178986 0.24535256624221802 train 80.0 0.35561967864632604 0.17472037829458714 0.17767858684062957 5.969758149149129e-06
    80.0    
0.1395636647939682 0.23460087180137634 0.24954964220523834 train 81.0 0.3564276126027107 0.17517133355140685 0.17802419036626815 8.437729775323533e-06
    81.0    
0.14322881400585175 0.24776087701320648 0.2512458562850952 train 82.0 0.35622981429100037 0.17502325139939784 0.17795173853635787 6.832420694991015e-06
    82.0    
0.13817892968654633 0.23163892328739166 0.24495938420295715 train 83.0 0.3566574017703533 0.1751995040476322 0.1782000357657671 6.818614110670751e-06
    83.0    
0.142153799533844 0.23839761316776276 0.24835310876369476 train 84.0 0.3559845216572285 0.17480026245117186 0.1779400759190321 6.480129741248675e-06
    84.0    
0.14012935757637024 0.23166732490062714 0.241860032081604 train 85.0 0.3560271184146404 0.1749139529466629 0.1778275106102228 6.284395567490719e-06
    85.0    
0.13852651417255402 0.24223601818084717 0.24834972620010376 train 86.0 0.3565812858939171 0.17512443646788597 0.17819748379290104 7.413084404106485e-06
    86.0    
0.14172998070716858 0.22657045722007751 0.24608932435512543 train 87.0 0.3558798292279243 0.1747638923674822 0.17784195236861705 6.595105787710054e-06
    87.0    
0.14022453129291534 0.23217755556106567 0.24304617941379547 train 88.0 0.35675170585513116 0.17525697648525237 0.17822640664875508 6.950032911845483e-06
    88.0    
0.13099822402000427 0.22967620193958282 0.24328279495239258 train 89.0 0.3565203043818474 0.17516941033303737 0.17807208940386773 6.262458555283956e-06
    89.0    
0.14344638586044312 0.23105087876319885 0.24222740530967712 train 90.0 0.35664815425872803 0.17512815199792386 0.17826735734939575 6.159204986033728e-06
    90.0    
0.1370772272348404 0.23103022575378418 0.24103406071662903 train 91.0 0.3566939230263233 0.1752713308483362 0.1781655202805996 5.753093773819273e-06
    91.0    
0.13699601590633392 0.23658131062984467 0.2414541244506836 train 92.0 0.3565103632211685 0.17514197111129762 0.17808738209307193 5.98093674852862e-06
    92.0    
0.14022527635097504 0.24069207906723022 0.23957228660583496 train 93.0 0.3556292481720448 0.17467672884464264 0.17770068123936653 5.968576715531526e-06
    93.0    
0.14025765657424927 0.22769752144813538 0.24140340089797974 train 94.0 0.35620479106903075 0.175016058832407 0.17794424794614316 9.363192475575488e-06
    94.0    
0.14200806617736816 0.2439430207014084 0.24143099784851074 train 95.0 0.35607027158141136 0.17493123024702073 0.17787813395261765 6.584126822417602e-06
    95.0    
0.1359466165304184 0.2292802631855011 0.2385718822479248 train 96.0 0.35642295584082606 0.1750833045691252 0.17808820381760598 5.858840722794412e-06
    96.0    
0.1291579008102417 0.22481344640254974 0.2398425191640854 train 97.0 0.35650281682610513 0.1750976801663637 0.17813072346150874 6.755670256097801e-06
    97.0    
0.13004139065742493 0.23103468120098114 0.24340087175369263 train 98.0 0.3566963109374046 0.17522769346833228 0.17812977716326714 8.044441528909374e-06
    98.0    
0.12837792932987213 0.23024441301822662 0.24241381883621216 train 99.0 0.35659670442342756 0.17509603276848792 0.17817567884922028 6.593248144781683e-06
    99.0    
