Corr-Diag Corr-Full Corr-Swap Data Epoch Loss MMD-Full MMD-Swap Mean
0.22652794420719147 1.804429292678833 0.6129738092422485 train 0.0 0.2602099022269249 0.13729755204170943 0.11001502968370915 3.91779285564553e-05
    0.0    
0.265972375869751 1.4093793630599976 0.5661705732345581 train 1.0 0.1475576303899288 0.07459105428308249 0.06918819725513459 3.0907838663551956e-05
    1.0    
0.28296440839767456 1.245600700378418 0.5376488566398621 train 2.0 0.13228675447404384 0.06585365004837512 0.06396806551143527 2.361793849559035e-05
    2.0    
0.29502761363983154 1.1702436208724976 0.5193634629249573 train 3.0 0.12735459081828593 0.06321416445076465 0.06212766220793128 2.1454903617268428e-05
    3.0    
0.30065616965293884 1.1081963777542114 0.5070958137512207 train 4.0 0.12508724391460418 0.06203703254461288 0.06125489916652441 2.0245513951522298e-05
    4.0    
0.306955486536026 1.060114860534668 0.4966132342815399 train 5.0 0.12382222030311824 0.06146992608904839 0.06070044061169028 1.858220639405772e-05
    5.0    
0.3098897635936737 1.0334810018539429 0.48748287558555603 train 6.0 0.12269931554794311 0.060933294147253035 0.06023739706724882 1.8130083844880573e-05
    6.0    
0.3134322166442871 1.004515290260315 0.4766908586025238 train 7.0 0.12160129394382238 0.060393679905682805 0.059785719458013774 1.6033212887123227e-05
    7.0    
0.3131049871444702 0.9888271689414978 0.4692252278327942 train 8.0 0.12083874270319939 0.0600397858209908 0.05946606881916523 1.5456129403901286e-05
    8.0    
0.31204378604888916 0.9587825536727905 0.4637226462364197 train 9.0 0.12082435481250287 0.06006861682981253 0.059497775305062534 1.5187185454124119e-05
    9.0    
0.3132724463939667 0.9554042220115662 0.45715832710266113 train 10.0 0.12005322299897671 0.059690092355012894 0.05917293405160308 1.3958519957668614e-05
    10.0    
0.3145849406719208 0.9388654828071594 0.4513580799102783 train 11.0 0.11962299305945635 0.05948920162394643 0.05900377249345183 1.3860565559298266e-05
    11.0    
0.3139042556285858 0.9397919774055481 0.44313371181488037 train 12.0 0.11930370058864355 0.05938311716541648 0.05883883906528354 1.1274192729615606e-05
    12.0    
0.31619518995285034 0.937061071395874 0.4401470422744751 train 13.0 0.11918713103979826 0.05931492874398828 0.05883933020755649 1.1122484465886373e-05
    13.0    
0.31069478392601013 0.9507856369018555 0.4360199570655823 train 14.0 0.11896814577281475 0.059225070849061014 0.05875295266509056 1.0000450856750831e-05
    14.0    
0.31343016028404236 0.9589744806289673 0.43647831678390503 train 15.0 0.11875447958707809 0.059120206926018 0.058680082596838476 8.713335773791187e-06
    15.0    
0.3127911388874054 0.993391752243042 0.4328320026397705 train 16.0 0.11844026170670986 0.058991615250706675 0.05852625526487827 7.280592399183661e-06
    16.0    
0.31339913606643677 1.0327646732330322 0.4314880669116974 train 17.0 0.11844906847923994 0.05900239894166589 0.058550352472811935 7.794622433721088e-06
    17.0    
0.3132309019565582 1.0754246711730957 0.43270236253738403 train 18.0 0.11830088458955287 0.05893909428268671 0.05848566222935915 6.2618246374768205e-06
    18.0    
0.31339746713638306 1.1299829483032227 0.4338683784008026 train 19.0 0.117803675532341 0.058698538057506085 0.0582502725161612 7.072781045280863e-06
    19.0    
0.3138652741909027 1.1858912706375122 0.4352789521217346 train 20.0 0.11796715456992388 0.05877591980621219 0.05835403345525265 5.8377377172291745e-06
    20.0    
0.3121519982814789 1.2427526712417603 0.43842124938964844 train 21.0 0.11815715093165637 0.05886352581903338 0.058472716268152 4.809695383301005e-06
    21.0    
0.31435078382492065 1.2999309301376343 0.4408356845378876 train 22.0 0.11763581357896329 0.05860784089192748 0.05822292448952794 4.4502230593934655e-06
    22.0    
0.3132918179035187 1.3641836643218994 0.4447430968284607 train 23.0 0.11815062627196311 0.05888857157900929 0.05846713023260236 4.15114709539921e-06
    23.0    
0.3131699562072754 1.41311776638031 0.44986018538475037 train 24.0 0.11793373052030802 0.05876620393246412 0.058386085536330935 4.329837793193292e-06
    24.0    
0.3124071955680847 1.4755176305770874 0.4498775005340576 train 25.0 0.11781392816454173 0.058707970343530175 0.058334966208785775 4.7153230298135895e-06
    25.0    
0.31185978651046753 1.5445181131362915 0.4550177752971649 train 26.0 0.11777178168296815 0.05866842174902558 0.0583463304489851 3.214261369066662e-06
    26.0    
0.31201842427253723 1.5926780700683594 0.4630376398563385 train 27.0 0.11780693721026182 0.05872090602293611 0.058336893524974585 3.0654955480713397e-06
    27.0    
0.30990466475486755 1.6333081722259521 0.46458351612091064 train 28.0 0.1174678710475564 0.058529573790729046 0.058201975971460346 2.9230207019281806e-06
    28.0    
0.3083776831626892 1.6853969097137451 0.4680551290512085 train 29.0 0.11732527177780866 0.05846157131716609 0.058132928255945446 3.3024969070538646e-06
    29.0    
0.30930113792419434 1.7301653623580933 0.4707365036010742 train 30.0 0.11746698025614023 0.058536526132375005 0.05820521293208003 4.053854809171753e-06
    30.0    
0.30809810757637024 1.7750474214553833 0.4739606976509094 train 31.0 0.11765529207885266 0.05860262781381607 0.0583383622393012 5.50287586520426e-06
    31.0    
0.30542099475860596 1.8053245544433594 0.47753506898880005 train 32.0 0.11759851828217506 0.05860464837402105 0.05828378938138485 3.215892093066941e-06
    32.0    
0.30700206756591797 1.8365117311477661 0.4845091700553894 train 33.0 0.11758451703935861 0.05859030460938811 0.05829455431550741 4.452425400813809e-06
    33.0    
0.3061520755290985 1.8637253046035767 0.48266735672950745 train 34.0 0.11716760795563459 0.05840135630220175 0.05807231403887272 2.5608869691495784e-06
    34.0    
0.3049822449684143 1.8923228979110718 0.4858318865299225 train 35.0 0.11708651036024094 0.05834911622107029 0.05805134013295174 2.6874263312492985e-06
    35.0    
0.3031301200389862 1.9110748767852783 0.487569659948349 train 36.0 0.11707793802022934 0.058352544959634545 0.05804554359987378 2.1816267690155655e-06
    36.0    
0.30165836215019226 1.9377785921096802 0.4920046627521515 train 37.0 0.11716975849121809 0.05836604030802846 0.05812801923602819 3.0223079647839768e-06
    37.0    
0.30190175771713257 1.9561071395874023 0.4943036735057831 train 38.0 0.11729508895426989 0.05844441717490554 0.058177925907075406 2.5652968815848e-06
    38.0    
0.3005928695201874 1.9783555269241333 0.4946533441543579 train 39.0 0.11713204421103 0.05835732663050294 0.058108015544712545 3.11767189487e-06
    39.0    
0.2993150055408478 1.9803612232208252 0.4992463290691376 train 40.0 0.11720175504684448 0.05839530203491449 0.058145347125828264 3.325107627460966e-06
    40.0    
0.2985496520996094 2.0020244121551514 0.4992403984069824 train 41.0 0.11702024791389704 0.05830880720168352 0.05805305065587163 1.756913547978911e-06
    41.0    
0.2966017425060272 2.018371820449829 0.5017822980880737 train 42.0 0.11702812988311052 0.058307246584445235 0.058064975589513776 3.2980221931211418e-06
    42.0    
0.29491502046585083 2.01397967338562 0.5005971193313599 train 43.0 0.1171186738461256 0.058344269022345546 0.058123629204928876 2.8129297788836993e-06
    43.0    
0.2931624948978424 2.0250866413116455 0.4998956024646759 train 44.0 0.11709571063518524 0.05836259674280882 0.058085259459912775 2.862556357285939e-06
    44.0    
0.2937076985836029 2.020362377166748 0.5014866590499878 train 45.0 0.11687507804483176 0.05823123766109348 0.05800106421113014 2.5569663648639107e-06
    45.0    
0.2927258014678955 2.019674777984619 0.5024611353874207 train 46.0 0.11695261623710394 0.05826907342299819 0.05804167687892914 3.0501025776175084e-06
    46.0    
0.2911299467086792 2.0195744037628174 0.49859854578971863 train 47.0 0.11681803788989782 0.05820551443845034 0.05797232858836651 3.51004791809828e-06
    47.0    
0.291625440120697 2.0113234519958496 0.501470685005188 train 48.0 0.11669408526271581 0.05812727212905884 0.057934264671057466 3.257600155848195e-06
    48.0    
0.2903119921684265 2.005784511566162 0.5004158020019531 train 49.0 0.11651604350656271 0.058067202679812906 0.05781742308288813 2.6793281904247124e-06
    49.0    
0.28928008675575256 2.0056772232055664 0.500236451625824 train 50.0 0.11668967802077532 0.05813961181789637 0.05791971363127232 3.195092403984745e-06
    50.0    
0.287606418132782 2.0014235973358154 0.5013934373855591 train 51.0 0.11678600955754519 0.05816251700744033 0.05799714632332325 3.904242475982755e-06
    51.0    
0.28715306520462036 1.9816302061080933 0.5036580562591553 train 52.0 0.1165798394382 0.058088893741369246 0.057865910474210976 2.4082303298200713e-06
    52.0    
0.286188006401062 1.9729230403900146 0.5010586380958557 train 53.0 0.1165506998449564 0.05806238688528538 0.05786708697676659 3.2374045986216515e-06
    53.0    
0.28585928678512573 1.9639372825622559 0.5033320188522339 train 54.0 0.11638909593224525 0.05798164490610361 0.05778718002140522 5.055468591308454e-06
    54.0    
0.2850657105445862 1.9522126913070679 0.5041295289993286 train 55.0 0.11665822230279446 0.0580955576710403 0.05794578110799194 2.409008402537438e-06
    55.0    
0.284821093082428 1.9357903003692627 0.5001376271247864 train 56.0 0.11647529471665621 0.058018492422997954 0.05784160427749157 4.097502369404538e-06
    56.0    
0.2839531898498535 1.9347014427185059 0.505576491355896 train 57.0 0.1167526089772582 0.0581506858766079 0.05799069430679083 2.6702302875492023e-06
    57.0    
0.2815280854701996 1.9280855655670166 0.5037733912467957 train 58.0 0.11667684983462095 0.058107123598456385 0.057960219886153935 2.596960712253349e-06
    58.0    
0.2806718945503235 1.9198280572891235 0.5014512538909912 train 59.0 0.11628979939967393 0.057897018492221834 0.057784035485237834 2.4438802483928157e-06
    59.0    
0.279385507106781 1.9105443954467773 0.5010503530502319 train 60.0 0.11640903372317553 0.05796331001445651 0.057839701883494854 2.6984823762177257e-06
    60.0    
0.2788555324077606 1.9042503833770752 0.5001541972160339 train 61.0 0.11620643738657237 0.05785220397636295 0.05774973811581731 3.74698765881476e-06
    61.0    
0.27806246280670166 1.9044792652130127 0.5067099332809448 train 62.0 0.11622680027037859 0.05786087643355131 0.057768658101558686 2.4752237095526652e-06
    62.0    
0.2762257754802704 1.9030591249465942 0.5047919154167175 train 63.0 0.11645933747291565 0.057992246467620134 0.05786648292094469 2.5882725367409876e-06
    63.0    
0.2751692831516266 1.905091404914856 0.5055877566337585 train 64.0 0.11642463065683842 0.057932886518538 0.05789502691477537 3.961823949794052e-06
    64.0    
0.2764493227005005 1.8996446132659912 0.5053570866584778 train 65.0 0.11639737766236066 0.057937811501324175 0.05786304665729403 3.924138127331389e-06
    65.0    
0.2747232913970947 1.8983707427978516 0.5044329166412354 train 66.0 0.11628066677600145 0.05789469344541431 0.05779292427003384 2.8712654511764413e-06
    66.0    
0.27282774448394775 1.900522232055664 0.5006338357925415 train 67.0 0.11618931729346514 0.057838838770985605 0.05775954758748412 2.7323437734594336e-06
    67.0    
0.27218160033226013 1.8994905948638916 0.5022163987159729 train 68.0 0.11616418000310659 0.057825564835220576 0.0577473227865994 2.949444024125114e-06
    68.0    
0.27360597252845764 1.9005818367004395 0.5040116310119629 train 69.0 0.11558086168020963 0.057523960955440996 0.05747506357729435 2.6328359581384575e-06
    69.0    
0.27042847871780396 1.8991289138793945 0.49952951073646545 train 70.0 0.11611931629478932 0.05780263727530837 0.057728265672922136 2.892994643843849e-06
    70.0    
0.2669529318809509 1.901158094406128 0.4989456236362457 train 71.0 0.11599272254854441 0.057718420252203945 0.05768827604129911 3.562607844287413e-06
    71.0    
0.2686653137207031 1.901095986366272 0.49830079078674316 train 72.0 0.11611064910888672 0.05778078515082598 0.057742359675467016 2.90532739199989e-06
    72.0    
0.26813408732414246 1.897759199142456 0.4939902722835541 train 73.0 0.1158429767563939 0.05763700049370527 0.05762201696634293 3.903604010702111e-06
    73.0    
0.26738834381103516 1.9027177095413208 0.49617815017700195 train 74.0 0.11603163342922926 0.057753717638552186 0.05769525647163391 2.4788855625956785e-06
    74.0    
0.26570621132850647 1.8980040550231934 0.49608808755874634 train 75.0 0.1163140519335866 0.05787629900500178 0.057852293588221075 2.959282028314192e-06
    75.0    
0.2660689651966095 1.9000544548034668 0.4937223494052887 train 76.0 0.11601388446986675 0.05771109379827976 0.05772336855530739 3.019588802999351e-06
    76.0    
0.2659529149532318 1.8973016738891602 0.4927832782268524 train 77.0 0.11592909209430217 0.0576810391433537 0.05766818856820464 3.882672444888158e-06
    77.0    
0.2656427323818207 1.8949764966964722 0.49330517649650574 train 78.0 0.1158920679986477 0.05766426116228104 0.057647017985582354 4.0934373828349635e-06
    78.0    
0.26489022374153137 1.8902103900909424 0.49243009090423584 train 79.0 0.11558687530457973 0.05751189786940813 0.05749732781201601 3.886565536959097e-06
    79.0    
0.26407304406166077 1.8924462795257568 0.49226057529449463 train 80.0 0.11599776711314917 0.05768851663917303 0.057730740215629336 3.786836259678239e-06
    80.0    
0.2643512487411499 1.8902376890182495 0.4932684898376465 train 81.0 0.11578464340418577 0.057612195406109096 0.057595012988895175 2.5573485800123308e-06
    81.0    
0.26395273208618164 1.8879822492599487 0.4932171106338501 train 82.0 0.11591883566230536 0.05767221594229341 0.05766886573284864 2.845426934072748e-06
    82.0    
0.263980895280838 1.8850771188735962 0.48955580592155457 train 83.0 0.11604607008397579 0.05771621573716402 0.057752047069370746 2.492979774615378e-06
    83.0    
0.2645774781703949 1.8834385871887207 0.49242711067199707 train 84.0 0.11598622187972069 0.05767648424953222 0.05773163976147771 3.333952236062032e-06
    84.0    
0.26296061277389526 1.8780226707458496 0.4878142774105072 train 85.0 0.11575913604348897 0.05759663097560406 0.057584472466260195 2.2423637346946634e-06
    85.0    
0.26257234811782837 1.8789013624191284 0.4880424439907074 train 86.0 0.11591888714581727 0.05767304580658674 0.05766930958256125 3.395916792214848e-06
    86.0    
0.2641269564628601 1.8758125305175781 0.4896005094051361 train 87.0 0.11582942735403776 0.057634163592010734 0.05761757306754589 3.189520839441684e-06
    87.0    
0.2623767852783203 1.8741027116775513 0.4889494776725769 train 88.0 0.11591546010226011 0.057673951294273135 0.05766664845868945 2.4058722374320496e-06
    88.0    
0.2591918706893921 1.8683418035507202 0.486875981092453 train 89.0 0.11602114927023649 0.05769843876361847 0.057745433058589694 3.997066869487753e-06
    89.0    
0.26179835200309753 1.865972876548767 0.48603981733322144 train 90.0 0.11575436934828759 0.057574208732694386 0.05760441113263368 4.356378212833079e-06
    90.0    
0.26022031903266907 1.861098051071167 0.4828585982322693 train 91.0 0.11569208294153213 0.05756099570542574 0.05755556061863899 2.6134250674658688e-06
    91.0    
0.26149478554725647 1.858281135559082 0.4878706932067871 train 92.0 0.11568222906440497 0.0575323136895895 0.057576280925422905 3.5242389913037186e-06
    92.0    
0.26122164726257324 1.848671555519104 0.48208633065223694 train 93.0 0.11570307523012162 0.05754045682027936 0.057591710705310106 2.6530958621151512e-06
    93.0    
0.26280179619789124 1.8493558168411255 0.4849143326282501 train 94.0 0.11560727968811989 0.05747997280210257 0.05755597461014986 2.4367341211473104e-06
    94.0    
0.25888100266456604 1.8419933319091797 0.48017337918281555 train 95.0 0.11582388281822205 0.057613616175949574 0.05763701809570193 4.051723863085499e-06
    95.0    
0.2614407539367676 1.837365746498108 0.48165518045425415 train 96.0 0.11576376017183065 0.05757161423563957 0.05761873833835125 2.546416908444371e-06
    96.0    
0.2599555552005768 1.836877465248108 0.47944897413253784 train 97.0 0.11587202850729227 0.05760451290756464 0.057694120109081266 1.9544070255506085e-06
    97.0    
0.2596534788608551 1.828162670135498 0.48055797815322876 train 98.0 0.11559639010578394 0.05747706711292267 0.057545622270554306 2.11450424103532e-06
    98.0    
0.25963884592056274 1.8239017724990845 0.4764900207519531 train 99.0 0.11569625027477741 0.05752959880977869 0.05759517349302769 3.1197801035887096e-06
    99.0    
