Corr-Diag Corr-Full Corr-Swap Data Epoch Loss MMD-Full MMD-Swap Mean
0.20279592275619507 1.3058719635009766 0.65107262134552 train 0.0 0.39966961413621904 0.19874569363892078 0.1897816500812769 3.799553451244719e-05
    0.0    
0.23904262483119965 1.0872594118118286 0.583835780620575 train 1.0 0.3666740794479847 0.18105342447757722 0.18081902645528317 2.3440297809429467e-05
    1.0    
0.2518770098686218 1.0604159832000732 0.5720182061195374 train 2.0 0.36192806258797644 0.17843827053904535 0.17966587476432325 1.9398668882786296e-05
    2.0    
0.2424619048833847 1.0261486768722534 0.5638859272003174 train 3.0 0.3610330818593502 0.17794264897704123 0.17961911149322987 1.7191796359838918e-05
    3.0    
0.24726742506027222 0.9871766567230225 0.5521856546401978 train 4.0 0.3598211905360222 0.17732051365077495 0.1791935720294714 1.653155777603388e-05
    4.0    
0.24472609162330627 1.0062904357910156 0.5523692965507507 train 5.0 0.3590235257148743 0.17685891561210154 0.17896029800176622 1.432671706425026e-05
    5.0    
0.2386941760778427 0.9996971487998962 0.5517714023590088 train 6.0 0.3590010638535023 0.17689382836222647 0.1789727858453989 1.433471970813116e-05
    6.0    
0.251116544008255 0.9943254590034485 0.5462315678596497 train 7.0 0.3586956733465195 0.17663334019482135 0.17893563136458396 1.5712848835391924e-05
    7.0    
0.23972611129283905 0.9996384382247925 0.5561345815658569 train 8.0 0.357948377430439 0.1762203101068735 0.17865976326167585 1.3626725376525428e-05
    8.0    
0.2364412546157837 1.0149614810943604 0.5593400001525879 train 9.0 0.35725855469703677 0.17606669753789903 0.17818990767002105 1.1782882211264223e-05
    9.0    
0.236100435256958 0.9927573204040527 0.5581632256507874 train 10.0 0.3579985739290714 0.17627545095980168 0.1786935567110777 1.249420802196255e-05
    10.0    
0.2357456535100937 0.9972721934318542 0.5565254092216492 train 11.0 0.35711706593632697 0.17593379341065885 0.17819377087056637 1.2860715287388302e-05
    11.0    
0.24014364182949066 1.0172563791275024 0.5550041794776917 train 12.0 0.357882679104805 0.17620007067918778 0.17869303740561007 1.1789989912358578e-05
    12.0    
0.22593480348587036 1.0003749132156372 0.5504556894302368 train 13.0 0.35716314017772677 0.17590986773371697 0.1782436505705118 9.969062375603244e-06
    13.0    
0.22854121029376984 1.0072988271713257 0.546410322189331 train 14.0 0.3572324392199516 0.1758220861107111 0.17841055035591125 8.819262802717276e-06
    14.0    
0.22231391072273254 1.0034549236297607 0.5456445217132568 train 15.0 0.35657414838671686 0.17556409060955047 0.17799782991409302 9.550062713969965e-06
    15.0    
0.21608290076255798 1.0154783725738525 0.5538307428359985 train 16.0 0.35618327036499975 0.1753626235574484 0.17782148495316505 8.86711677594576e-06
    16.0    
0.21268700063228607 0.9804051518440247 0.5434781312942505 train 17.0 0.3565540587902069 0.1754827056080103 0.17803684003651143 9.030105502461083e-06
    17.0    
0.21447016298770905 0.9911946654319763 0.5448585152626038 train 18.0 0.3560975927114487 0.17527701452374458 0.17780460372567178 9.758720807440113e-06
    18.0    
0.20784065127372742 1.011765956878662 0.5470454096794128 train 19.0 0.3575343884527683 0.1759969735145569 0.1784807064384222 8.249011443695053e-06
    19.0    
0.2107548713684082 1.0009785890579224 0.5414928197860718 train 20.0 0.3568615044653416 0.17558817215263844 0.1782025108486414 8.154035640473012e-06
    20.0    
0.20060253143310547 1.0119690895080566 0.5470654368400574 train 21.0 0.35629430949687957 0.17529623121023177 0.17794314309954642 8.259931746579241e-06
    21.0    
0.20339421927928925 1.0230144262313843 0.5482024550437927 train 22.0 0.3554049088060856 0.17485648810863494 0.17750286236405372 8.07996366347652e-06
    22.0    
0.20233438909053802 1.0216593742370605 0.5411750674247742 train 23.0 0.356055222004652 0.1751725385338068 0.17784182727336884 7.5444158937898465e-06
    23.0    
0.20100341737270355 1.0210659503936768 0.5348036885261536 train 24.0 0.3559854343533516 0.17516989059746266 0.17776248924434185 6.592544650629861e-06
    24.0    
0.19235727190971375 1.023986577987671 0.5405128598213196 train 25.0 0.35589129731059077 0.17511698111891746 0.17771971881389617 6.957295681786491e-06
    25.0    
0.19956235587596893 1.0425974130630493 0.5403626561164856 train 26.0 0.3555119131505489 0.1749298645555973 0.17750972785055638 6.606922397622839e-06
    26.0    
0.19502824544906616 1.0615394115447998 0.5430359244346619 train 27.0 0.35555885210633276 0.17489347137510777 0.1775901173055172 6.216191195562715e-06
    27.0    
0.1979406476020813 1.076069951057434 0.5487178564071655 train 28.0 0.35557610765099523 0.17489504747092724 0.17759113997220993 5.7489555729262065e-06
    28.0    
0.18859662115573883 1.0475484132766724 0.539833664894104 train 29.0 0.35552415505051616 0.17485792748630047 0.17758842095732688 7.091005045367638e-06
    29.0    
0.18730083107948303 1.0742719173431396 0.5384145379066467 train 30.0 0.35576174780726433 0.17493624068796634 0.1777125137299299 6.939517334103584e-06
    30.0    
0.18700437247753143 1.0591752529144287 0.539864718914032 train 31.0 0.35563003420829775 0.1748818252235651 0.1776346017420292 6.700836820527911e-06
    31.0    
0.1814916878938675 1.0991986989974976 0.5432760715484619 train 32.0 0.35523112654685973 0.17471429102122785 0.1773663417249918 5.730888460675487e-06
    32.0    
0.18893541395664215 1.0805531740188599 0.5403443574905396 train 33.0 0.354321691095829 0.1742732924222946 0.17692989334464074 5.136108029546449e-06
    33.0    
0.17910079658031464 1.0971616506576538 0.5399001240730286 train 34.0 0.35512825950980187 0.1746060985326767 0.17739561274647714 4.957254986948101e-06
    34.0    
0.1871241331100464 1.108720064163208 0.5405018925666809 train 35.0 0.35463264644145964 0.1743618542701006 0.17713355503976344 5.0947387535416055e-06
    35.0    
0.17861612141132355 1.12217116355896 0.5441080331802368 train 36.0 0.35490439996123313 0.17447970524430276 0.17727433748543261 5.450726803246653e-06
    36.0    
0.18179257214069366 1.1174225807189941 0.543305516242981 train 37.0 0.35447962865233423 0.1742743893712759 0.17704687580466272 5.723457434214652e-06
    37.0    
0.17920807003974915 1.1455122232437134 0.547362208366394 train 38.0 0.35458083331584933 0.1742924888432026 0.177157386764884 5.287075509841088e-06
    38.0    
0.1774788498878479 1.1105468273162842 0.5368412733078003 train 39.0 0.3547986863553524 0.17444201044738292 0.17716419771313668 5.423781203717226e-06
    39.0    
0.1798500120639801 1.1482532024383545 0.5503326654434204 train 40.0 0.35505413442850114 0.17453283742070197 0.1773519640415907 5.17882017447846e-06
    40.0    
0.1775132566690445 1.1475231647491455 0.5471965074539185 train 41.0 0.3549978077411652 0.1744827025383711 0.17733126491308213 4.524835730990162e-06
    41.0    
0.1748957484960556 1.1563466787338257 0.5518037676811218 train 42.0 0.3550491864979267 0.17445123367011547 0.1774396075308323 4.312551027396694e-06
    42.0    
0.17553184926509857 1.1396589279174805 0.5448340773582458 train 43.0 0.3553834481537342 0.1746331276744604 0.17757203072309494 4.662714673031587e-06
    43.0    
0.17712746560573578 1.147200345993042 0.5462334156036377 train 44.0 0.35423252165317537 0.1740799306333065 0.17694469831883908 4.518390142038697e-06
    44.0    
0.16686013340950012 1.1181716918945312 0.5490117073059082 train 45.0 0.3545249445736408 0.17423340432345868 0.177099853977561 4.315731985116145e-06
    45.0    
0.16957296431064606 1.1263928413391113 0.5415195226669312 train 46.0 0.35497482925653456 0.17444961436092854 0.17732855156064034 4.331804575485876e-06
    46.0    
0.16771149635314941 1.1412461996078491 0.552223265171051 train 47.0 0.3541670483350754 0.1740481362491846 0.17694561168551445 4.366532721178373e-06
    47.0    
0.17615753412246704 1.164191722869873 0.5458521246910095 train 48.0 0.3550478671491146 0.17447210535407065 0.17737116783857346 3.879440100718057e-06
    48.0    
0.17554643750190735 1.1269041299819946 0.5378111004829407 train 49.0 0.3546158416569233 0.17429855704307556 0.17706576116383077 4.211372925055912e-06
    49.0    
0.17002896964550018 1.1513179540634155 0.5395702719688416 train 50.0 0.3545652371644974 0.17416392512619494 0.177162149772048 4.314289526519133e-06
    50.0    
0.1684432029724121 1.1383830308914185 0.5492186546325684 train 51.0 0.3552620220184326 0.17454924806952477 0.17744984939694405 5.880387561774114e-06
    51.0    
0.17012345790863037 1.1489763259887695 0.5475917458534241 train 52.0 0.35469960659742356 0.17425995469093322 0.17718279615044594 4.233962044963846e-06
    52.0    
0.16362567245960236 1.1412748098373413 0.5404945015907288 train 53.0 0.35505237013101576 0.17443087235093116 0.17733042366802693 5.148724540049443e-06
    53.0    
0.1669692099094391 1.1703290939331055 0.5488094687461853 train 54.0 0.3543960194289684 0.1741026494652033 0.1770525686442852 4.793052539753262e-06
    54.0    
0.15722763538360596 1.1498318910598755 0.545625627040863 train 55.0 0.3551751528680325 0.17448377579450608 0.17740114517509936 4.1166604205500335e-06
    55.0    
0.16667555272579193 1.1531784534454346 0.5480154156684875 train 56.0 0.3548325903713703 0.17425051294267177 0.17729631625115871 3.963598373957211e-06
    56.0    
0.16016601026058197 1.1551018953323364 0.5498517751693726 train 57.0 0.3547272577881813 0.1742508701980114 0.17720454961061477 4.231984348734841e-06
    57.0    
0.16486646234989166 1.1648149490356445 0.549231767654419 train 58.0 0.35375371620059015 0.17378146037459374 0.17671592235565187 4.002711193606956e-06
    58.0    
0.16100946068763733 1.1654332876205444 0.553165078163147 train 59.0 0.354146386384964 0.17391528464853764 0.1769693100452423 3.359034735694877e-06
    59.0    
0.1611558496952057 1.161421537399292 0.5525047183036804 train 60.0 0.3550044630467892 0.17441927574574947 0.17728204980492593 4.334512141213054e-06
    60.0    
0.16291533410549164 1.1901822090148926 0.5497228503227234 train 61.0 0.35397245958447454 0.17379093907773493 0.17686558552086354 4.957797500537708e-06
    61.0    
0.16203370690345764 1.1703972816467285 0.5490840077400208 train 62.0 0.3544059845805168 0.17411216489970685 0.17700724124908448 4.720139259006828e-06
    62.0    
0.15358836948871613 1.1671693325042725 0.5507435202598572 train 63.0 0.35464932307600977 0.17416726879775524 0.1771990789473057 4.489175807975698e-06
    63.0    
0.16056056320667267 1.1706607341766357 0.5527780055999756 train 64.0 0.3542456403374672 0.17399483166635035 0.17695796839892863 4.192818778392393e-06
    64.0    
0.15899938344955444 1.1758034229278564 0.5521337985992432 train 65.0 0.35474016770720485 0.1742420282959938 0.17716396816074848 4.196720510662999e-06
    65.0    
0.16104696691036224 1.1749204397201538 0.5554189682006836 train 66.0 0.3539250721037388 0.17389741860330105 0.1767373699694872 3.89483147955616e-06
    66.0    
0.16299687325954437 1.2067750692367554 0.5580300092697144 train 67.0 0.35363553270697595 0.17374713599681854 0.17661612041294575 3.5519101402314845e-06
    67.0    
0.164872944355011 1.1940096616744995 0.5580400228500366 train 68.0 0.35425496712327004 0.17405129969120026 0.17693584710359572 4.172291937720729e-06
    68.0    
0.15846213698387146 1.2022182941436768 0.558370053768158 train 69.0 0.3539797902107239 0.17388098366558552 0.17683303445577622 3.706663619595929e-06
    69.0    
0.15718615055084229 1.2017408609390259 0.5567655563354492 train 70.0 0.3541928884387016 0.17392945751547814 0.17700425393879413 2.3894765490695136e-06
    70.0    
0.1588095873594284 1.1871898174285889 0.5587452054023743 train 71.0 0.3549215106666088 0.1743813406676054 0.17725089840590955 2.975286861328641e-06
    71.0    
0.1576090008020401 1.1967650651931763 0.5621652007102966 train 72.0 0.35381560370326043 0.17377606011927127 0.17671095132827758 4.144576905673603e-06
    72.0    
0.1617552638053894 1.2240420579910278 0.5589865446090698 train 73.0 0.3543584296107292 0.1740332169830799 0.17701992936432362 3.984423074143706e-06
    73.0    
0.15340417623519897 1.2067530155181885 0.5528956055641174 train 74.0 0.3553422638773918 0.17448224879801275 0.17751568637788295 2.983482318086317e-06
    74.0    
0.1534011960029602 1.1867867708206177 0.554027259349823 train 75.0 0.3536241565644741 0.17370333723723888 0.1766162683814764 4.249248831911245e-06
    75.0    
0.1516794115304947 1.2025009393692017 0.5496498346328735 train 76.0 0.354803562015295 0.17427926808595656 0.1771438728272915 4.1293251342722215e-06
    76.0    
0.15316003561019897 1.2204062938690186 0.5513728857040405 train 77.0 0.35430643454194066 0.17399484924972058 0.17691977426409722 3.328925913592684e-06
    77.0    
0.15419140458106995 1.2168707847595215 0.5545735955238342 train 78.0 0.354319356828928 0.1739643170684576 0.17697278261184693 3.3251160402869573e-06
    78.0    
0.16293759644031525 1.2082605361938477 0.5516769886016846 train 79.0 0.3531825509667397 0.1734817460924387 0.1764063487201929 3.879575615428621e-06
    79.0    
0.16448244452476501 1.2134190797805786 0.5553262829780579 train 80.0 0.3537583972513676 0.17373924016952513 0.1767378932982683 4.465283836907474e-06
    80.0    
0.1606006622314453 1.2260286808013916 0.5556040406227112 train 81.0 0.35311446592211726 0.17347616329789162 0.1763674771040678 4.607381015375722e-06
    81.0    
0.15688446164131165 1.2090964317321777 0.5478112697601318 train 82.0 0.3551554185152054 0.1745253560692072 0.17731636509299278 4.158652700425591e-06
    82.0    
0.15983328223228455 1.2331117391586304 0.5498810410499573 train 83.0 0.3540997838973999 0.17391201004385948 0.17689695581793785 3.3274984616582515e-06
    83.0    
0.15766319632530212 1.2068699598312378 0.5453429818153381 train 84.0 0.3547140687704086 0.17420962534844875 0.17719243049621583 2.830617404470104e-06
    84.0    
0.15270556509494781 1.2166463136672974 0.5517978072166443 train 85.0 0.3541804476082325 0.17386046409606934 0.17700535401701928 3.3914061532414053e-06
    85.0    
0.1560274064540863 1.2181364297866821 0.5530125498771667 train 86.0 0.3542252553999424 0.1739221566170454 0.17694085344672203 2.0548684460663935e-06
    86.0    
0.1606501191854477 1.2320942878723145 0.5555296540260315 train 87.0 0.3534583269059658 0.17351079240441322 0.17662703529000282 3.3785661344154505e-06
    87.0    
0.1618695706129074 1.2197270393371582 0.5467332005500793 train 88.0 0.35322840228676794 0.1734468547999859 0.17649577371776104 2.8669307994277915e-06
    88.0    
0.15308701992034912 1.2379549741744995 0.5471838712692261 train 89.0 0.35543699145317076 0.174578625112772 0.17751615539193152 2.924971340689808e-06
    89.0    
0.15861409902572632 1.2208442687988281 0.5494381189346313 train 90.0 0.35374532207846643 0.17366798385977744 0.17675394497811794 2.3010022687230958e-06
    90.0    
0.1506759226322174 1.2234984636306763 0.5522496104240417 train 91.0 0.35390764474868774 0.1737303287535906 0.1768972810357809 2.4279318040498765e-06
    91.0    
0.15191879868507385 1.2165305614471436 0.5498870611190796 train 92.0 0.3536685453355312 0.1737144262343645 0.17662318885326386 3.3426665595470695e-06
    92.0    
0.1598777323961258 1.2303467988967896 0.548004686832428 train 93.0 0.3539005675911903 0.17377394795417786 0.17679857172071933 2.4151522666215897e-06
    93.0    
0.15915456414222717 1.2092008590698242 0.5473915934562683 train 94.0 0.35441156432032583 0.17399192318320275 0.17707510247826577 3.6370522593642818e-06
    94.0    
0.15082842111587524 1.2213070392608643 0.5470098257064819 train 95.0 0.35463549569249153 0.17405553005635738 0.17724991343915464 4.904202342004282e-06
    95.0    
0.1619189828634262 1.2299113273620605 0.5498347878456116 train 96.0 0.35323858067393304 0.1734833687543869 0.17643670693039895 2.9651248496520566e-06
    96.0    
0.16186244785785675 1.2220286130905151 0.5441373586654663 train 97.0 0.3543257662653923 0.17405280523002148 0.17697861082851887 4.854927738051629e-06
    97.0    
0.1604052633047104 1.234587550163269 0.5543084740638733 train 98.0 0.353745571821928 0.17373277314007282 0.17673938952386378 3.4388660878903465e-06
    98.0    
0.15610092878341675 1.2348144054412842 0.5533407926559448 train 99.0 0.35400113940238953 0.17385697722434998 0.17684379421174526 2.901634843510692e-06
    99.0    
