Corr-Diag Corr-Full Corr-Swap Data Epoch Loss MMD-Full MMD-Swap Mean
0.2973707318305969 1.210898756980896 0.5201871991157532 train 0.0 0.4190108186006546 0.20964244447648525 0.1966609887778759 4.404973515192978e-05
    0.0    
0.3659200668334961 0.8021237850189209 0.40006929636001587 train 1.0 0.3758856576681137 0.18609449274837972 0.1839375427365303 2.1490226572495885e-05
    1.0    
0.3787649869918823 0.6554297804832458 0.3568064272403717 train 2.0 0.3683341959118843 0.18184089951217175 0.18241023257374764 1.5154972061282024e-05
    2.0    
0.36362335085868835 0.5839798450469971 0.33221933245658875 train 3.0 0.3658004771173 0.18050321526825427 0.1817394818365574 1.2465387953852769e-05
    3.0    
0.3514760136604309 0.5367724895477295 0.32169321179389954 train 4.0 0.36388520777225497 0.17952023439109324 0.18108230397105218 8.357607839570846e-06
    4.0    
0.34530729055404663 0.4830363690853119 0.3067070543766022 train 5.0 0.3637978306412697 0.17933141618967055 0.18136330254375935 8.817692105367314e-06
    5.0    
0.3479284644126892 0.47003647685050964 0.30539870262145996 train 6.0 0.3619357495009899 0.17840768463909626 0.18060049921274185 5.6864923863031436e-06
    6.0    
0.3345728814601898 0.4483106732368469 0.30198702216148376 train 7.0 0.36227232664823533 0.17864792481064795 0.18073191486299037 5.629161933029536e-06
    7.0    
0.3157438039779663 0.42238104343414307 0.2995457351207733 train 8.0 0.36302473276853564 0.1788871342688799 0.18126705311238767 7.886331331974361e-06
    8.0    
0.3077753186225891 0.39075514674186707 0.3003350794315338 train 9.0 0.3622823023796082 0.17842580921947956 0.18106816790997982 5.313559540809365e-06
    9.0    
0.3075728118419647 0.3880731165409088 0.30080506205558777 train 10.0 0.36086210325360296 0.1777422096580267 0.18037512056529523 4.34354387834901e-06
    10.0    
0.292601078748703 0.3653756082057953 0.2950378358364105 train 11.0 0.36146642014384267 0.17800787292420864 0.1807320850342512 3.535264795573312e-06
    11.0    
0.2858889400959015 0.3546924293041229 0.2947511374950409 train 12.0 0.3601671738922596 0.17738020196557044 0.18007840968668462 3.837836629827507e-06
    12.0    
0.2767242193222046 0.3527643084526062 0.3020577132701874 train 13.0 0.36028496354818346 0.1773915006965399 0.18020021475851536 4.604674813890597e-06
    13.0    
0.2737922668457031 0.34023258090019226 0.2923203706741333 train 14.0 0.3600225023925304 0.1772700921446085 0.18006057128310204 2.754223487499985e-06
    14.0    
0.24665717780590057 0.31515753269195557 0.29837432503700256 train 15.0 0.36155308574438094 0.1779842619597912 0.18086556285619737 3.399506567802746e-06
    15.0    
0.2537907660007477 0.3216172158718109 0.28958234190940857 train 16.0 0.36074351996183396 0.17750248827040196 0.18050479859113694 2.263144324388122e-06
    16.0    
0.2411491870880127 0.318998247385025 0.2853805124759674 train 17.0 0.3597699473798275 0.17698081329464913 0.18009871564805507 3.5075620417046594e-06
    17.0    
0.2390795797109604 0.3080374002456665 0.2845534682273865 train 18.0 0.360451337993145 0.17732808947563172 0.18036262586712837 2.631462393765105e-06
    18.0    
0.23093843460083008 0.3049003779888153 0.28811001777648926 train 19.0 0.3598220920562744 0.177033716365695 0.18004662550985814 3.134021426376421e-06
    19.0    
0.22527143359184265 0.29713496565818787 0.284550279378891 train 20.0 0.3605510103702545 0.17742510832846164 0.18038934014737606 4.440043539943872e-06
    20.0    
0.22763167321681976 0.29709678888320923 0.2826041877269745 train 21.0 0.35894534379243853 0.17656307116150857 0.17965229876339436 4.159065156272845e-06
    21.0    
0.22948580980300903 0.2946935296058655 0.280777245759964 train 22.0 0.35957674160599706 0.17689718060195447 0.1799541334807873 3.1280587791115977e-06
    22.0    
0.21100439131259918 0.2902994453907013 0.2828313410282135 train 23.0 0.35931684002280234 0.17672674380242825 0.1798583397269249 3.063821850446402e-06
    23.0    
0.20758284628391266 0.2771971523761749 0.2805916368961334 train 24.0 0.3599732893705368 0.17702715925872325 0.18016538076102734 4.195145720586879e-06
    24.0    
0.21784010529518127 0.28654131293296814 0.2764796018600464 train 25.0 0.35810096353292464 0.17613865055143832 0.17926849745213985 2.8129072688898304e-06
    25.0    
0.2153676152229309 0.27759864926338196 0.27162015438079834 train 26.0 0.35863831371068955 0.17641744650900365 0.17952682726085187 4.050577445013914e-06
    26.0    
0.20232820510864258 0.280826598405838 0.27666133642196655 train 27.0 0.3595481416583061 0.17689375579357147 0.179882899671793 5.100203907204559e-06
    27.0    
0.19243162870407104 0.26519685983657837 0.2709345519542694 train 28.0 0.3599416428804398 0.1771006938815117 0.18006378076970578 3.890388597937999e-06
    28.0    
0.19973307847976685 0.25705990195274353 0.26577886939048767 train 29.0 0.35845280095934867 0.17632881633937358 0.17937676139175893 2.9962125154270325e-06
    29.0    
0.19344720244407654 0.2663934528827667 0.26736757159233093 train 30.0 0.35836775436997415 0.1763237799704075 0.17930394671857358 3.6406008803169243e-06
    30.0    
0.19713009893894196 0.2578909695148468 0.2665172517299652 train 31.0 0.3577226209640503 0.17600450322031974 0.17901668541133403 4.183690634818049e-06
    31.0    
0.18061119318008423 0.25769397616386414 0.26905015110969543 train 32.0 0.35787460699677465 0.1760908978432417 0.17906614437699317 2.9520285806938773e-06
    32.0    
0.1783512383699417 0.26355189085006714 0.26694461703300476 train 33.0 0.35835412338376044 0.17626435428857803 0.17933628432452678 2.6773984700412257e-06
    33.0    
0.17240667343139648 0.2570483982563019 0.2680681645870209 train 34.0 0.3583949571847916 0.17625973835587502 0.17933747939765454 3.5491593735059723e-06
    34.0    
0.17092394828796387 0.254129558801651 0.26749932765960693 train 35.0 0.3577755005657673 0.175945053845644 0.179074779227376 3.040481260541128e-06
    35.0    
0.16425421833992004 0.2599053382873535 0.26302969455718994 train 36.0 0.3568044754862785 0.17553049452602865 0.17850810825824737 2.8082838525733678e-06
    36.0    
0.1615181565284729 0.2560022473335266 0.26176905632019043 train 37.0 0.3580867624282837 0.1760663355886936 0.17922729305922985 3.1278561891667778e-06
    37.0    
0.16799147427082062 0.24784868955612183 0.260496586561203 train 38.0 0.35794813349843024 0.17605557009577752 0.17908915661275387 3.744415607798146e-06
    38.0    
0.16371499001979828 0.24764056503772736 0.2572813928127289 train 39.0 0.3580878905951977 0.1761493468284607 0.17917136199772357 2.6875791263591964e-06
    39.0    
0.16136953234672546 0.24809345602989197 0.2610415816307068 train 40.0 0.35787903547286987 0.17600315123796462 0.17906996265053748 3.5132659377268283e-06
    40.0    
0.15549559891223907 0.2398882657289505 0.2579336166381836 train 41.0 0.35791292488574983 0.17599204868078233 0.17911603443324567 3.011997932844679e-06
    41.0    
0.1575917750597 0.24507029354572296 0.2575807273387909 train 42.0 0.3586228258907795 0.17633214809000491 0.17946422308683396 3.5570933505368885e-06
    42.0    
0.14318494498729706 0.236624613404274 0.2590624988079071 train 43.0 0.3587036918103695 0.17640153765678407 0.17947170458734035 4.41153042629594e-06
    43.0    
0.14300429821014404 0.22545106709003448 0.255872517824173 train 44.0 0.35887689113616944 0.17650314308702947 0.17949099503457547 2.184934373872238e-06
    44.0    
0.1551443487405777 0.233125701546669 0.25156837701797485 train 45.0 0.3570669089257717 0.17560717910528184 0.1786151649802923 3.1272502383217216e-06
    45.0    
0.15015706419944763 0.22836290299892426 0.2520943582057953 train 46.0 0.3581797084212303 0.17613544061779976 0.17920850448310374 3.2846703561517643e-06
    46.0    
0.13780143857002258 0.22463321685791016 0.24680857360363007 train 47.0 0.35854228913784025 0.176302138119936 0.17934810929000378 2.5200185973517364e-06
    47.0    
0.13792869448661804 0.23407338559627533 0.25124165415763855 train 48.0 0.3582590052485466 0.1761876781284809 0.17919380232691764 2.445305426590494e-06
    48.0    
0.13185782730579376 0.2393968552350998 0.2537209689617157 train 49.0 0.35705714955925943 0.17556759655475618 0.17864619843661786 3.0064747988944873e-06
    49.0    
0.1311691403388977 0.2260454148054123 0.2512977719306946 train 50.0 0.3583143854141235 0.17621588826179505 0.179207474142313 3.6652274957305053e-06
    50.0    
0.13461709022521973 0.2351357489824295 0.24245597422122955 train 51.0 0.35806568309664727 0.17601014584302901 0.17919113121926786 3.914388344128383e-06
    51.0    
0.1325448751449585 0.2303900122642517 0.2488798052072525 train 52.0 0.35678414955735205 0.17542798027396203 0.17851105488836766 2.8702836516458774e-06
    52.0    
0.12750548124313354 0.22564761340618134 0.24907030165195465 train 53.0 0.35787621334195135 0.17595261052250863 0.17904358670115472 3.0270293791545555e-06
    53.0    
0.11830267310142517 0.21915677189826965 0.24850383400917053 train 54.0 0.35780849859118463 0.17589894473552703 0.17902393899858 3.6599806207959773e-06
    54.0    
0.12685242295265198 0.2282474935054779 0.24794884026050568 train 55.0 0.3573999236524105 0.17572817757725714 0.17877417474985122 2.6621651159075554e-06
    55.0    
0.11445435136556625 0.22579814493656158 0.24470512568950653 train 56.0 0.3572862234711647 0.1756816741079092 0.17868123441934586 3.025944579349016e-06
    56.0    
0.1341134011745453 0.215581014752388 0.24409924447536469 train 57.0 0.3564155189692974 0.17518544524908067 0.17835866287350655 2.849876636901172e-06
    57.0    
0.12148970365524292 0.21032950282096863 0.24197567999362946 train 58.0 0.3578597469627857 0.1759488318860531 0.1790133935958147 3.3308210731775034e-06
    58.0    
0.1171317920088768 0.22793717682361603 0.24142670631408691 train 59.0 0.3579449750483036 0.17598436251282693 0.17902724638581277 3.473748165561119e-06
    59.0    
0.11454477906227112 0.22614149749279022 0.24598535895347595 train 60.0 0.3571092763543129 0.17557918794453145 0.17861103884875773 3.6899207316309912e-06
    60.0    
0.11444283276796341 0.2183309644460678 0.24252596497535706 train 61.0 0.35764027535915377 0.17578752249479293 0.17890134379267691 3.1570791634294437e-06
    61.0    
0.11498850584030151 0.20753830671310425 0.23459367454051971 train 62.0 0.35785008341073987 0.17587709814310074 0.17901693128049373 3.2771324640634703e-06
    62.0    
0.11353187263011932 0.2179878205060959 0.23595541715621948 train 63.0 0.35768374174833295 0.17580162063241006 0.17889845542609692 3.978737822762923e-06
    63.0    
0.11389726400375366 0.21572767198085785 0.23859603703022003 train 64.0 0.3570132492482662 0.17551978684961797 0.17853936485946179 3.0527144190273248e-06
    64.0    
0.11634435504674911 0.22940154373645782 0.24011267721652985 train 65.0 0.3566180641949177 0.17533627159893514 0.17833906173706054 2.978683369292412e-06
    65.0    
0.11156062036752701 0.2102726697921753 0.2344815731048584 train 66.0 0.35679822370409964 0.17540288910269738 0.1784417001903057 3.221322003810201e-06
    66.0    
0.10672968626022339 0.2215861827135086 0.2402423620223999 train 67.0 0.35686169102787973 0.1754099813848734 0.17847833715379238 4.740521944768261e-06
    67.0    
0.11031927168369293 0.215458482503891 0.23602506518363953 train 68.0 0.35670522063970567 0.17528690740466119 0.17844675906002522 2.8786494112864602e-06
    68.0    
0.10139511525630951 0.21273289620876312 0.2378077208995819 train 69.0 0.3563138550519943 0.17514679864048957 0.17824678093194962 3.4577324186102487e-06
    69.0    
0.1099415197968483 0.21373632550239563 0.23689648509025574 train 70.0 0.3572891956567764 0.17562129303812982 0.17871796496212483 2.9793811791023472e-06
    70.0    
0.10384319722652435 0.21854069828987122 0.24006475508213043 train 71.0 0.35694288566708565 0.17540921203792095 0.1785575894266367 3.7058619000163162e-06
    71.0    
0.10994847118854523 0.20734447240829468 0.2378792017698288 train 72.0 0.35681473687291143 0.17537238597869872 0.1784758295863867 3.223428393539507e-06
    72.0    
0.10068430751562119 0.22569341957569122 0.2445026934146881 train 73.0 0.357056917399168 0.17542061388492583 0.17866303227841854 2.65072526417498e-06
    73.0    
0.10282382369041443 0.21026918292045593 0.24023695290088654 train 74.0 0.35672080352902413 0.1753265369683504 0.17841381452977656 3.012664819834754e-06
    74.0    
0.10547128319740295 0.22171606123447418 0.23841780424118042 train 75.0 0.3569628776609898 0.17547585994005202 0.1785374540090561 4.032618107885355e-06
    75.0    
0.09736185520887375 0.21186067163944244 0.23768673837184906 train 76.0 0.35793850183486936 0.17593049876391886 0.17907419465482236 2.484425522197853e-06
    76.0    
0.09464136511087418 0.20670802891254425 0.23652328550815582 train 77.0 0.3567463193833828 0.1754011208564043 0.17837479412555696 3.1409551866090624e-06
    77.0    
0.0983031839132309 0.2066350281238556 0.2380354255437851 train 78.0 0.35701644331216814 0.1753481700271368 0.1786763337254524 2.959237917821156e-06
    78.0    
0.1020367369055748 0.21393126249313354 0.23334309458732605 train 79.0 0.35665579631924627 0.175209232121706 0.17848721109330654 3.0929686545277946e-06
    79.0    
0.10638535022735596 0.2243853360414505 0.2307101935148239 train 80.0 0.3570419628918171 0.17548485338687897 0.17859147995710373 2.8106378522352315e-06
    80.0    
0.09273296594619751 0.2054041475057602 0.23604802787303925 train 81.0 0.3576142293214798 0.1757554928958416 0.17883830197155476 3.857171122945147e-06
    81.0    
0.09869849681854248 0.20783226191997528 0.2327382117509842 train 82.0 0.355981927216053 0.1749416131526232 0.17807729817926884 3.416794925215072e-06
    82.0    
0.08598354458808899 0.21551798284053802 0.2326636165380478 train 83.0 0.3572931244969368 0.17557952895760537 0.17872729495167733 4.591778633766808e-06
    83.0    
0.09623102098703384 0.20148193836212158 0.22829268872737885 train 84.0 0.3562898661196232 0.17509872041642666 0.1782298270612955 3.496579211059725e-06
    84.0    
0.10574457049369812 0.2245844602584839 0.23121041059494019 train 85.0 0.35646638736128805 0.17522413089871405 0.17825677208602428 3.7080351376062026e-06
    85.0    
0.09206698089838028 0.19748197495937347 0.23366513848304749 train 86.0 0.3567971621453762 0.17537869691848754 0.17842054069042207 3.6746221212524688e-06
    86.0    
0.09938554465770721 0.212847501039505 0.23548191785812378 train 87.0 0.35716646060347557 0.1755152103304863 0.1786564365029335 3.0344426704687066e-06
    87.0    
0.08376453071832657 0.21072633564472198 0.2349279820919037 train 88.0 0.35749340295791626 0.17565449625253676 0.17881250873208046 2.846420102287084e-06
    88.0    
0.09540244191884995 0.20761537551879883 0.23160286247730255 train 89.0 0.35675435394048693 0.17534317284822465 0.17836055614054203 3.392512098798761e-06
    89.0    
0.09072951227426529 0.212908536195755 0.23149630427360535 train 90.0 0.3564397272467613 0.17501728527247906 0.17844621442258357 2.958979393952177e-06
    90.0    
0.09408330172300339 0.21709109842777252 0.23926737904548645 train 91.0 0.35628743797540663 0.17516150794923305 0.17812738701701164 3.2149137041415088e-06
    91.0    
0.09360463917255402 0.22611556947231293 0.23434603214263916 train 92.0 0.3565484367311001 0.17524971261620523 0.17829515010118485 3.2046373235061765e-06
    92.0    
0.0888969898223877 0.20361316204071045 0.235695019364357 train 93.0 0.35610567912459373 0.17489722363650798 0.17821529969573022 3.5191069400752895e-06
    93.0    
0.09030446410179138 0.2075374573469162 0.23422826826572418 train 94.0 0.3571004755795002 0.17544199302792549 0.17864733710885047 3.555779358066502e-06
    94.0    
0.0835748091340065 0.19586941599845886 0.2312052845954895 train 95.0 0.3564663411676884 0.17513204023241996 0.17829750128090383 2.291522378072841e-06
    95.0    
0.08375222235918045 0.2070404291152954 0.22958756983280182 train 96.0 0.35647742316126824 0.17513794966042043 0.17831866845488548 3.5033601761824684e-06
    96.0    
0.09638577699661255 0.22974960505962372 0.23411430418491364 train 97.0 0.35625864639878274 0.17510806016623973 0.17813926570117475 3.2964301226456882e-06
    97.0    
0.09361989796161652 0.21430964767932892 0.23239776492118835 train 98.0 0.35632598742842675 0.17515671476721764 0.17817706055939198 2.3075920125847915e-06
    98.0    
0.08948319405317307 0.2138633280992508 0.2357143759727478 train 99.0 0.3572565859556198 0.17557831145823002 0.1786556262522936 2.7118287562188925e-06
    99.0    
