Corr-Diag Corr-Full Corr-Swap Data Epoch Loss MMD-Full MMD-Swap Mean
0.20039813220500946 1.2664304971694946 0.6415125727653503 train 0.0 0.39980101078748703 0.19890875808894634 0.1898196939378977 4.621578045771457e-05
    0.0    
0.23631195724010468 1.0920970439910889 0.5962616801261902 train 1.0 0.36480230748653414 0.18006267309188842 0.1799638544023037 2.527768629079219e-05
    1.0    
0.2444443255662918 1.0142191648483276 0.5730165243148804 train 2.0 0.3604543042182922 0.1777270381897688 0.1789754841476679 2.162291457352694e-05
    2.0    
0.24117638170719147 0.9860216379165649 0.5642320513725281 train 3.0 0.36029328882694245 0.17755037426948547 0.17928336791694163 1.6562438759137876e-05
    3.0    
0.24558231234550476 0.9772898554801941 0.5565357208251953 train 4.0 0.3603412865102291 0.17745939999818802 0.17959812574088574 1.5187432836683001e-05
    4.0    
0.24616776406764984 0.9808892607688904 0.5562792420387268 train 5.0 0.3589353781938553 0.17681707993149756 0.1789816887676716 1.557604809931945e-05
    5.0    
0.23845785856246948 0.9754045605659485 0.5541513562202454 train 6.0 0.35843953385949134 0.1766189693659544 0.17876302137970923 1.3177964319766033e-05
    6.0    
0.24330082535743713 0.9830284714698792 0.5565139651298523 train 7.0 0.3582875095307827 0.17645792305469513 0.17879780605435372 1.311446430918295e-05
    7.0    
0.24963578581809998 1.0033106803894043 0.5532862544059753 train 8.0 0.35669225320219994 0.17573742516338825 0.1779768033325672 1.3567174391937442e-05
    8.0    
0.2418033629655838 1.0090621709823608 0.5577037334442139 train 9.0 0.35752775058150293 0.1760429759323597 0.17855685524642467 1.2176647942396812e-05
    9.0    
0.23692218959331512 1.0095075368881226 0.5518377423286438 train 10.0 0.3577763618528843 0.17623616576194764 0.1785913860797882 1.1328605978633277e-05
    10.0    
0.24163302779197693 1.0417399406433105 0.5556500554084778 train 11.0 0.35668846383690833 0.1756533981114626 0.17809117369353772 9.290789421356749e-06
    11.0    
0.24017104506492615 1.0456571578979492 0.5534337162971497 train 12.0 0.35677397504448893 0.17571279361844064 0.1781743921339512 9.599590157449711e-06
    12.0    
0.22704435884952545 1.0503195524215698 0.5507054924964905 train 13.0 0.3570930898189545 0.175876160338521 0.17832005806267262 8.812263331492431e-06
    13.0    
0.22794310748577118 1.0534757375717163 0.547524631023407 train 14.0 0.3565913185477257 0.1755569912493229 0.17811907701194285 8.122505278151948e-06
    14.0    
0.2195843756198883 1.0622165203094482 0.5506175756454468 train 15.0 0.3581452485918999 0.17628184109926223 0.1789144305884838 9.83945392363239e-06
    15.0    
0.22344444692134857 1.0777548551559448 0.5484240651130676 train 16.0 0.3560374777019024 0.1752477102726698 0.1778413412719965 7.666941201023292e-06
    16.0    
0.2228340059518814 1.0812766551971436 0.5464093685150146 train 17.0 0.35705014154314996 0.1757982335984707 0.17833629831671716 6.91797458785004e-06
    17.0    
0.21577706933021545 1.1018686294555664 0.5427109599113464 train 18.0 0.35614858418703077 0.17526423051953316 0.17792159885168077 7.151466888899449e-06
    18.0    
0.2076531946659088 1.142668604850769 0.5476228594779968 train 19.0 0.35525873497128485 0.1748659934848547 0.17747332155704498 7.148071745177731e-06
    19.0    
0.21342025697231293 1.1495823860168457 0.5418838262557983 train 20.0 0.35700593918561935 0.1756692760437727 0.17835510313510894 6.3783395489735994e-06
    20.0    
0.2038269340991974 1.134334921836853 0.5458331108093262 train 21.0 0.35634967133402823 0.17533290468156337 0.1780471181124449 5.944008535152534e-06
    21.0    
0.20512479543685913 1.1800243854522705 0.5496100187301636 train 22.0 0.35512109979987144 0.17475408770143985 0.17738836288452148 5.266419975669123e-06
    22.0    
0.20626625418663025 1.1714532375335693 0.5509377121925354 train 23.0 0.35508037626743316 0.1747106932103634 0.17742405816912651 5.160972705198219e-06
    23.0    
0.20499064028263092 1.1800795793533325 0.5489692687988281 train 24.0 0.35562568515539167 0.17503441028296948 0.17760274991393088 4.679257926909486e-06
    24.0    
0.19719718396663666 1.1776227951049805 0.543488621711731 train 25.0 0.35608010515570643 0.1751760359108448 0.17794640235602854 5.1671067922143266e-06
    25.0    
0.20355097949504852 1.187430739402771 0.5456097722053528 train 26.0 0.35477071270346644 0.17458562321960927 0.17725624196231365 3.924117208953248e-06
    26.0    
0.1963714361190796 1.2150263786315918 0.5427942276000977 train 27.0 0.3549293287098408 0.17461276486515998 0.17735482588410378 4.285626800992759e-06
    27.0    
0.19536003470420837 1.224549651145935 0.544733464717865 train 28.0 0.35611872479319573 0.17523606799542904 0.17787288315594196 5.291663001116831e-06
    28.0    
0.19292865693569183 1.2351555824279785 0.5465002059936523 train 29.0 0.3556100231409073 0.17495360255241393 0.17764779806137085 4.2897258936136495e-06
    29.0    
0.19100826978683472 1.2642889022827148 0.5485554933547974 train 30.0 0.35547563642263413 0.1748865083605051 0.1775648321211338 4.497991994867334e-06
    30.0    
0.1899034082889557 1.2670623064041138 0.5505833029747009 train 31.0 0.3549523252248764 0.17454342514276505 0.17740249671041966 4.643100965040503e-06
    31.0    
0.19183534383773804 1.2590185403823853 0.546463668346405 train 32.0 0.3554422260820866 0.17484989516437055 0.1775382850319147 3.7652564515155973e-06
    32.0    
0.18324901163578033 1.2896379232406616 0.5540216565132141 train 33.0 0.3547947609424591 0.1744436828047037 0.1773013761639595 3.8695643524988554e-06
    33.0    
0.17654550075531006 1.2889007329940796 0.5453578233718872 train 34.0 0.35427369341254233 0.17423274949193002 0.17697853334248065 4.061756044393405e-06
    34.0    
0.1768142729997635 1.2882933616638184 0.5552278757095337 train 35.0 0.3548116298019886 0.17451555639505387 0.17720352113246918 4.318666469771415e-06
    35.0    
0.18100397288799286 1.2949539422988892 0.5506987571716309 train 36.0 0.3554000237584114 0.17470434583723546 0.17759173341095447 3.2041632493928773e-06
    36.0    
0.17834171652793884 1.2994232177734375 0.5468958020210266 train 37.0 0.35434930473566056 0.1741759669780731 0.17706265434622764 4.42736154582235e-06
    37.0    
0.17691655457019806 1.3063912391662598 0.5562286972999573 train 38.0 0.3558426235616207 0.17494740173220635 0.177766173183918 3.995282440882875e-06
    38.0    
0.1712116152048111 1.2963461875915527 0.5553562045097351 train 39.0 0.35502622842788695 0.17452419564127922 0.17739545710384846 2.887542450480396e-06
    39.0    
0.16958679258823395 1.3082005977630615 0.5502610206604004 train 40.0 0.3549815692007542 0.17452717758715153 0.17729961678385733 4.211163741274504e-06
    40.0    
0.16657869517803192 1.3113011121749878 0.5536644458770752 train 41.0 0.35513174265623093 0.17450969591736792 0.17745149329304696 2.6789280127559323e-06
    41.0    
0.17331239581108093 1.3520891666412354 0.556808352470398 train 42.0 0.3545962078869343 0.17425966262817383 0.17719941288232804 3.1614974886906566e-06
    42.0    
0.16571317613124847 1.3311762809753418 0.5614248514175415 train 43.0 0.35445871993899347 0.17428998611867427 0.17703494787216187 3.806329914368689e-06
    43.0    
0.1688399314880371 1.3406035900115967 0.5629550218582153 train 44.0 0.3549407422542572 0.17440978683531283 0.17738864436745644 3.154647174596903e-06
    44.0    
0.16248181462287903 1.319661021232605 0.5534444451332092 train 45.0 0.3551230764389038 0.17449584431946277 0.17745451733469964 3.1491179015574744e-06
    45.0    
0.16734643280506134 1.3239128589630127 0.5589883923530579 train 46.0 0.3545170113444328 0.17416318736970424 0.17715310223400593 3.3898165838763816e-06
    46.0    
0.16824762523174286 1.3492765426635742 0.5559784770011902 train 47.0 0.35444857746362685 0.1741410717368126 0.17713029637932778 3.609907480495167e-06
    47.0    
0.17109200358390808 1.353611946105957 0.5598270893096924 train 48.0 0.35344173431396486 0.17357209794223308 0.17670683652162553 2.4288340227940353e-06
    48.0    
0.17478881776332855 1.3746740818023682 0.5576518177986145 train 49.0 0.3542477242648602 0.17406309567391873 0.17702529862523078 2.5555964384693652e-06
    49.0    
0.16983753442764282 1.351166009902954 0.560771107673645 train 50.0 0.35518825724720954 0.174522435516119 0.17748250581324101 2.3252111986948876e-06
    50.0    
0.16949570178985596 1.36195707321167 0.5580875873565674 train 51.0 0.35426264479756353 0.17413692876696588 0.17694485537707805 2.961141262858291e-06
    51.0    
0.16670788824558258 1.3509446382522583 0.5523447394371033 train 52.0 0.35488676503300665 0.17425369456410408 0.17744352281093598 3.059931259485893e-06
    52.0    
0.16139762103557587 1.3543579578399658 0.5622672438621521 train 53.0 0.353755027204752 0.1737679985910654 0.17680464528501033 3.3400544907635776e-06
    53.0    
0.1717149019241333 1.3382188081741333 0.5520462393760681 train 54.0 0.3539484876394272 0.17395234763622283 0.1768550941348076 2.782469209705596e-06
    54.0    
0.15819022059440613 1.3600183725357056 0.5650424957275391 train 55.0 0.35408824622631074 0.17394059859216213 0.17701588481664657 2.773562755464809e-06
    55.0    
0.16602562367916107 1.3439006805419922 0.5596418976783752 train 56.0 0.3545964340865612 0.17424523323774338 0.1771639171987772 2.355646529395017e-06
    56.0    
0.16576850414276123 1.3628878593444824 0.5559307336807251 train 57.0 0.3532316167652607 0.17361173257231713 0.17646857880055905 2.994229134856141e-06
    57.0    
0.1655241847038269 1.3641704320907593 0.5631408095359802 train 58.0 0.35393774047493937 0.1738712002336979 0.17692280560731888 3.343595835758606e-06
    58.0    
0.1626162827014923 1.345659852027893 0.5611159801483154 train 59.0 0.3536790019273758 0.17376088798046113 0.1767857675999403 3.322174961795099e-06
    59.0    
0.16169151663780212 1.3799408674240112 0.5627593994140625 train 60.0 0.3548837876319885 0.17433631286025048 0.1773707463592291 3.6963870115869213e-06
    60.0    
0.16316001117229462 1.3619775772094727 0.567496120929718 train 61.0 0.35408554553985594 0.1739721702039242 0.17692214839160442 3.292314204372815e-06
    61.0    
0.16695810854434967 1.3758431673049927 0.562376856803894 train 62.0 0.3546427385509014 0.17415969960391522 0.17729632019996644 2.896422756748507e-06
    62.0    
0.16238993406295776 1.3847979307174683 0.5645257830619812 train 63.0 0.3536126080155373 0.17369573816657066 0.17669605620205403 3.0628530112153385e-06
    63.0    
0.16160006821155548 1.3958287239074707 0.5724830031394958 train 64.0 0.3532277372479439 0.17346413865685462 0.17658148743212224 3.6989083582739113e-06
    64.0    
0.15987202525138855 1.3765051364898682 0.5635395050048828 train 65.0 0.35464967966079713 0.1742232369631529 0.17719408072531223 2.0387647055031266e-06
    65.0    
0.15897974371910095 1.3656426668167114 0.5646839141845703 train 66.0 0.3542228615283966 0.17395497977733612 0.17703384324908256 2.628700485729496e-06
    66.0    
0.15719357132911682 1.3731565475463867 0.5682456493377686 train 67.0 0.3532593044638634 0.17357927545905114 0.17646769292652606 3.074913138334523e-06
    67.0    
0.16434922814369202 1.377342939376831 0.5681400299072266 train 68.0 0.353030062019825 0.173419818431139 0.17640830017626286 2.6510424504522234e-06
    68.0    
0.15745779871940613 1.397711157798767 0.5684662461280823 train 69.0 0.3539345468580723 0.1738933926075697 0.17685760647058488 3.902490789187141e-06
    69.0    
0.16481313109397888 1.3777265548706055 0.56766676902771 train 70.0 0.3532633191347122 0.17351825803518295 0.17653407134115695 3.3025316952262074e-06
    70.0    
0.15771102905273438 1.3715308904647827 0.5669969320297241 train 71.0 0.35425362557172774 0.1739565472304821 0.17714317299425603 2.715223899940611e-06
    71.0    
0.16215695440769196 1.3805713653564453 0.5695357322692871 train 72.0 0.3539502303302288 0.17389466598629952 0.17684389248490334 2.9296679713297635e-06
    72.0    
0.16305048763751984 1.3960665464401245 0.5627652406692505 train 73.0 0.3547947297990322 0.1742333970963955 0.17733746707439424 2.0889626739517553e-06
    73.0    
0.1572570949792862 1.4019935131072998 0.5733492970466614 train 74.0 0.3535568858683109 0.1736503404378891 0.17668797828257085 2.8478686999733327e-06
    74.0    
0.15463262796401978 1.375805377960205 0.564073383808136 train 75.0 0.35413563415408134 0.17391698241233824 0.1769712372124195 2.789958443827345e-06
    75.0    
0.1554597169160843 1.4042117595672607 0.5699096918106079 train 76.0 0.3541805000603199 0.17391753524541856 0.17699571669101716 3.1334311643149704e-06
    76.0    
0.15817132592201233 1.4123250246047974 0.5735807418823242 train 77.0 0.3529154796898365 0.17327973507344724 0.17640856355428697 2.543124082876602e-06
    77.0    
0.1658976823091507 1.396942377090454 0.5682781338691711 train 78.0 0.35491755574941636 0.17422903448343277 0.1774232193082571 2.8415336146281334e-06
    78.0    
0.15522800385951996 1.3797328472137451 0.5694533586502075 train 79.0 0.35353630617260934 0.1735786561667919 0.17670776098966598 2.7666289952321677e-06
    79.0    
0.16048219799995422 1.3841632604599 0.5648860931396484 train 80.0 0.35406519934535025 0.1739100753515959 0.1769102478772402 2.238155957456911e-06
    80.0    
0.16148357093334198 1.387843370437622 0.5673292875289917 train 81.0 0.3544752113521099 0.17405679114162922 0.17715167291462422 2.8187005227664486e-06
    81.0    
0.1604905128479004 1.4079986810684204 0.5714091658592224 train 82.0 0.3543406757712364 0.1740025619417429 0.17706314377486707 2.092548356813495e-06
    82.0    
0.1588761955499649 1.3876110315322876 0.5673972368240356 train 83.0 0.35385117515921594 0.17379753783345223 0.17679326243698598 2.201616098318482e-06
    83.0    
0.1566089242696762 1.4128013849258423 0.5698659420013428 train 84.0 0.3547984254360199 0.17419463217258455 0.1773589812964201 2.562980853326735e-06
    84.0    
0.15761147439479828 1.389835000038147 0.5676040649414062 train 85.0 0.3544882023334503 0.1740454016625881 0.17719453789293765 2.926985871454235e-06
    85.0    
0.15681833028793335 1.3993221521377563 0.5703058242797852 train 86.0 0.35371813535690305 0.17360563941299914 0.17689980879426004 2.3423162929248065e-06
    86.0    
0.15961943566799164 1.4100680351257324 0.5691326856613159 train 87.0 0.3539810714125633 0.17375189632177354 0.17702262625098228 2.3643165150133427e-06
    87.0    
0.16002096235752106 1.377437710762024 0.5592359900474548 train 88.0 0.35376999974250795 0.17372509978711606 0.17683579608798028 2.6115926630154718e-06
    88.0    
0.15696705877780914 1.3955422639846802 0.5663812160491943 train 89.0 0.35334707498550416 0.17351075537502766 0.1766401407122612 2.7061023502028547e-06
    89.0    
0.15721005201339722 1.397947072982788 0.5746936798095703 train 90.0 0.35362729817628863 0.17356262743473053 0.1768606623262167 3.0288454127003206e-06
    90.0    
0.15902219712734222 1.409501314163208 0.5768976211547852 train 91.0 0.35427394673228263 0.1740017130970955 0.17705742105841638 2.3331551801675232e-06
    91.0    
0.15382924675941467 1.4033203125 0.5676389932632446 train 92.0 0.3545226426422596 0.1741607330739498 0.17713811218738557 2.7151641006639693e-06
    92.0    
0.16224047541618347 1.4287211894989014 0.5748394131660461 train 93.0 0.35300940737128256 0.17334192365407944 0.17647208511829376 2.947343773485045e-06
    93.0    
0.16116563975811005 1.4073948860168457 0.5679159760475159 train 94.0 0.3533426795899868 0.17344206236302853 0.17673517279326917 2.4195705918828025e-06
    94.0    
0.15978644788265228 1.413303017616272 0.56620192527771 train 95.0 0.3538344223797321 0.17376536078751087 0.17688866697251796 2.0025679532409413e-06
    95.0    
0.1574077159166336 1.398421287536621 0.5714719891548157 train 96.0 0.3548596003651619 0.17423911169171333 0.1774039477854967 2.7770893211709335e-06
    96.0    
0.16076818108558655 1.3988224267959595 0.5668125748634338 train 97.0 0.3540480588376522 0.17379909597337245 0.17702177926898002 3.1818938168726163e-06
    97.0    
0.15714575350284576 1.4203619956970215 0.5690135359764099 train 98.0 0.3536577865481377 0.17370081141591073 0.17673631727695466 2.2913091015652753e-06
    98.0    
0.15913063287734985 1.400061845779419 0.5692417025566101 train 99.0 0.35420832350850107 0.17388366430997848 0.17708002969622613 2.8446968372008996e-06
    99.0    
