Corr-Diag Corr-Full Corr-Swap Data Epoch Loss MMD-Full MMD-Swap Mean
0.22143234312534332 1.7846733331680298 0.5797168612480164 train 0.0 0.2679822050035 0.13807883359491824 0.11223963402211666 4.4136653741588816e-05
    0.0    
0.29504600167274475 1.3944305181503296 0.5257475972175598 train 1.0 0.15071108557283877 0.07408727627247572 0.0692130059748888 2.6900188458967023e-05
    1.0    
0.33387142419815063 1.1737332344055176 0.4933449923992157 train 2.0 0.13532482005655766 0.06596625283360481 0.06365834368392825 2.2234502466744743e-05
    2.0    
0.36384499073028564 1.032056212425232 0.4608033001422882 train 3.0 0.1303727712482214 0.0634401186555624 0.06210308752954006 2.314741868758574e-05
    3.0    
0.3904874920845032 0.9157386422157288 0.4329535663127899 train 4.0 0.12718895871192218 0.06201766103506088 0.06095507469028234 1.885391066025477e-05
    4.0    
0.41283226013183594 0.835171639919281 0.40476059913635254 train 5.0 0.12536768935620785 0.061256187111139296 0.06040149882435799 1.6695577869541012e-05
    5.0    
0.43160906434059143 0.7738909125328064 0.38120442628860474 train 6.0 0.12381763316690922 0.060623462311923504 0.05991294696927071 1.5484009054489434e-05
    6.0    
0.4489414691925049 0.729839563369751 0.367329478263855 train 7.0 0.12238430291414261 0.06007436525076628 0.05938328720629215 1.3185353964217938e-05
    7.0    
0.46316850185394287 0.7075851559638977 0.35956433415412903 train 8.0 0.12184455964714289 0.059917492214590314 0.059294220600277184 1.231650367117254e-05
    8.0    
0.47510460019111633 0.702789843082428 0.3580237925052643 train 9.0 0.12128527320921421 0.05978591015562415 0.05910689698532224 1.2261603842489421e-05
    9.0    
0.48291292786598206 0.7093523144721985 0.3576508164405823 train 10.0 0.12068222109228373 0.05959009053185582 0.05889592928811908 1.0626061339280568e-05
    10.0    
0.4885649085044861 0.7223078608512878 0.3609645366668701 train 11.0 0.12032286513596774 0.05945800263434649 0.058832361735403536 9.74328850134043e-06
    11.0    
0.4946226477622986 0.7406011819839478 0.3646456003189087 train 12.0 0.11980352114886045 0.05928578522056341 0.058624593857675794 1.0915970051428303e-05
    12.0    
0.4998003840446472 0.7615647912025452 0.37058258056640625 train 13.0 0.11968614928424358 0.059268871247768404 0.05863835232332349 9.054619113157969e-06
    13.0    
0.5028875470161438 0.7785583138465881 0.3737999498844147 train 14.0 0.11932983629405498 0.059130930975079536 0.05852190995588899 8.725143743504304e-06
    14.0    
0.5089781880378723 0.8013181090354919 0.37893345952033997 train 15.0 0.11917529247701168 0.059079657588154075 0.0584997770562768 8.683288797328714e-06
    15.0    
0.5130387544631958 0.8186481595039368 0.38335397839546204 train 16.0 0.11902972731739282 0.05904774833470583 0.05845927203074098 9.328526175522711e-06
    16.0    
0.5163885951042175 0.8325145840644836 0.3856636583805084 train 17.0 0.11850227527320385 0.05880723398178816 0.05823760602623224 7.68975769460667e-06
    17.0    
0.5199857354164124 0.8472315669059753 0.3905128240585327 train 18.0 0.11852730818092823 0.058824632167816165 0.05830221336334944 7.0114197114889976e-06
    18.0    
0.520634114742279 0.8552094101905823 0.3923179507255554 train 19.0 0.1182638781145215 0.058758704755455256 0.05815552832558751 7.51500783735537e-06
    19.0    
0.5232166647911072 0.8644850254058838 0.39353087544441223 train 20.0 0.11834039960056543 0.05878773028030992 0.05824783599004149 8.67626931722043e-06
    20.0    
0.5242251753807068 0.8670700192451477 0.3942532539367676 train 21.0 0.11828818667680024 0.05878955533728004 0.05823426095768809 8.282231647172011e-06
    21.0    
0.5242704749107361 0.8779154419898987 0.3962210416793823 train 22.0 0.11826935429126025 0.058777489457279446 0.05826497606933117 6.109159130573971e-06
    22.0    
0.5279574990272522 0.8832534551620483 0.3975793421268463 train 23.0 0.11804010823369027 0.05867269139736891 0.05817003589123487 5.9083995438413695e-06
    23.0    
0.5268509984016418 0.8868903517723083 0.3978351354598999 train 24.0 0.11794968951493502 0.05864179451018572 0.05814149869605899 6.633170414716005e-06
    24.0    
0.5256823897361755 0.8949602246284485 0.4002276360988617 train 25.0 0.11825116544961929 0.05878793930634856 0.0583190168440342 6.578787179023493e-06
    25.0    
0.528205156326294 0.9039807915687561 0.40251678228378296 train 26.0 0.11777446530759335 0.05857942696660757 0.05808007016777992 6.658530310232891e-06
    26.0    
0.5278441905975342 0.9085679650306702 0.40332740545272827 train 27.0 0.11770102884620429 0.058536512851715086 0.058070315960794684 7.080614068399882e-06
    27.0    
0.5308982729911804 0.912235677242279 0.4041652977466583 train 28.0 0.11754939459264278 0.058460699170827864 0.05801842840388417 4.9043910621549e-06
    28.0    
0.5310754776000977 0.9154343008995056 0.40391263365745544 train 29.0 0.11746344096958637 0.05844900526106358 0.057963767386972904 6.442763151426334e-06
    29.0    
0.5302706360816956 0.9234575629234314 0.4049924612045288 train 30.0 0.11758636042475701 0.05848450593650341 0.058066450357437134 6.658337497356115e-06
    30.0    
0.5296919345855713 0.9298450350761414 0.40777358412742615 train 31.0 0.11757158756256103 0.05850346002727747 0.05805028539150953 6.8119311436021235e-06
    31.0    
0.5307523012161255 0.9401347637176514 0.4097859561443329 train 32.0 0.11717799864709377 0.05830895343795419 0.05786717884242534 5.6419694374199025e-06
    32.0    
0.5280126929283142 0.9421617388725281 0.4098840057849884 train 33.0 0.1175022066384554 0.05843977022916078 0.05807105414569378 5.5291516218858305e-06
    33.0    
0.5274084210395813 0.94371497631073 0.4111456871032715 train 34.0 0.11725361689925194 0.05833744602277875 0.057940163370221856 4.954361884301761e-06
    34.0    
0.5269170999526978 0.9473979473114014 0.4118700325489044 train 35.0 0.11715312026441098 0.05831782702356577 0.057869090624153616 5.461784439830808e-06
    35.0    
0.5269277095794678 0.9546377658843994 0.41326335072517395 train 36.0 0.11696407902985811 0.0582039057649672 0.05780508475378156 5.5303971748799086e-06
    36.0    
0.5257228016853333 0.9567084312438965 0.4130346477031708 train 37.0 0.11713713139295578 0.058290991950780156 0.05790136806666851 4.704275852418505e-06
    37.0    
0.5245773196220398 0.9580534100532532 0.4141022562980652 train 38.0 0.11730256170034409 0.05836985893547535 0.05799541780725122 5.13359509568545e-06
    38.0    
0.523632824420929 0.9643750190734863 0.4157465994358063 train 39.0 0.11698045924305916 0.05818088959902525 0.05787510247901082 5.722000878449762e-06
    39.0    
0.5232447385787964 0.9680664539337158 0.41654181480407715 train 40.0 0.116796610429883 0.0581292874366045 0.05774725450202823 5.0814614951377735e-06
    40.0    
0.5229626893997192 0.9647986888885498 0.4155656099319458 train 41.0 0.11701050512492657 0.058223453015089036 0.05787429086863995 4.279291260900209e-06
    41.0    
0.5216321349143982 0.9692845344543457 0.41642865538597107 train 42.0 0.11685228295624256 0.058134165331721305 0.057813880890607836 5.878037427464733e-06
    42.0    
0.5209828019142151 0.9693219065666199 0.41623198986053467 train 43.0 0.11687930785119534 0.058133998047560455 0.05784634258598089 3.3678168165351963e-06
    43.0    
0.5205316543579102 0.9763908386230469 0.41862258315086365 train 44.0 0.11662178970873356 0.05802990788593888 0.057698895651847125 3.7122897538210964e-06
    44.0    
0.5219297409057617 0.9801329970359802 0.41859307885169983 train 45.0 0.11667778391391039 0.05804401265457273 0.057747508138418197 3.405843699511024e-06
    45.0    
0.5208309292793274 0.975258469581604 0.41793739795684814 train 46.0 0.11653627682477236 0.057992174737155434 0.05766571184620261 5.040526502853027e-06
    46.0    
0.5196517109870911 0.9736080765724182 0.41743701696395874 train 47.0 0.11667142700403929 0.05806299274787307 0.05773268146440387 3.3973544759646757e-06
    47.0    
0.5181650519371033 0.9789125323295593 0.41829922795295715 train 48.0 0.11668077476322651 0.05803587505593896 0.05777590844780207 4.824582902074326e-06
    48.0    
0.5181045532226562 0.9768890142440796 0.41766461730003357 train 49.0 0.1162554869428277 0.05782273078337312 0.057567858081310985 3.963325525546679e-06
    49.0    
0.5185655355453491 0.9748148918151855 0.4177860915660858 train 50.0 0.11643794771283865 0.05792265821248293 0.05765720488503576 3.5406997085374314e-06
    50.0    
0.5162053108215332 0.9782436490058899 0.4181826114654541 train 51.0 0.11661764327436686 0.058000453375279905 0.05776307467371225 4.123465714656049e-06
    51.0    
0.5168312191963196 0.9735177159309387 0.4171072542667389 train 52.0 0.1165009431913495 0.05795398915186525 0.057696286756545305 3.2321238450094825e-06
    52.0    
0.514241099357605 0.9739697575569153 0.4172665774822235 train 53.0 0.1164798977971077 0.0579269590228796 0.05770667737349868 2.930823939095717e-06
    53.0    
0.5149373412132263 0.9708686470985413 0.41636839509010315 train 54.0 0.11645371899008751 0.057932314183563 0.05767703788354993 3.535609039317933e-06
    54.0    
0.5159193873405457 0.9712621569633484 0.4166625440120697 train 55.0 0.11653082769364119 0.057969954311847684 0.0577214128524065 2.88647493107419e-06
    55.0    
0.5162349343299866 0.9685195684432983 0.4159174859523773 train 56.0 0.11615673907101154 0.05775351814925671 0.05756908705458045 4.397375505504897e-06
    56.0    
0.5148335099220276 0.9659796953201294 0.4150676131248474 train 57.0 0.11621536757797003 0.0578063821978867 0.057576632034033536 3.763098675335641e-06
    57.0    
0.51424640417099 0.9623794555664062 0.4138685166835785 train 58.0 0.11610334534198045 0.05774172930046916 0.05753570513799786 3.774992819671752e-06
    58.0    
0.5149534940719604 0.9629692435264587 0.4143390655517578 train 59.0 0.11588634122163058 0.05763509752228856 0.05743025070056319 4.427821750141447e-06
    59.0    
0.514175295829773 0.9545660614967346 0.4121508300304413 train 60.0 0.11613584414124489 0.05772667104378343 0.05759280746802688 2.642457275214838e-06
    60.0    
0.5159559845924377 0.9528091549873352 0.4115622639656067 train 61.0 0.11603201575577259 0.05769616939127445 0.05752317287027836 2.9762788926745998e-06
    61.0    
0.5157670974731445 0.9481136798858643 0.41056931018829346 train 62.0 0.11588712077587843 0.05764018852263689 0.05743710873648524 4.115903720958158e-06
    62.0    
0.516079306602478 0.9438859820365906 0.4092252850532532 train 63.0 0.11586776971817017 0.057613142859190704 0.05745051018893719 3.500592811178649e-06
    63.0    
0.5144297480583191 0.941737711429596 0.4085577428340912 train 64.0 0.11594745256006718 0.057650427278131244 0.05749756686389446 4.081531187694054e-06
    64.0    
0.5137302875518799 0.9355594515800476 0.40716657042503357 train 65.0 0.116139214374125 0.05772792210802436 0.05761480711400509 3.1631388992536813e-06
    65.0    
0.5151723623275757 0.9348617792129517 0.4065071642398834 train 66.0 0.11600512776523829 0.05768767351284623 0.05752325369045139 3.024057832590188e-06
    66.0    
0.5151801705360413 0.9281797409057617 0.40486273169517517 train 67.0 0.11613575357943773 0.057734178490936754 0.057611148525029424 3.449522182563669e-06
    67.0    
0.5162206292152405 0.9239453077316284 0.4034862220287323 train 68.0 0.11600630830973387 0.05766805527731776 0.05754925936460495 3.879318228428019e-06
    68.0    
0.5153485536575317 0.9194254279136658 0.4022291898727417 train 69.0 0.11610990639775992 0.05771959140896797 0.05760504059493542 4.086493390786927e-06
    69.0    
0.5163719654083252 0.916111946105957 0.4013134241104126 train 70.0 0.1157886328920722 0.057573326639831064 0.05743396459147334 2.9464451927196933e-06
    70.0    
0.5155790448188782 0.913517415523529 0.40046876668930054 train 71.0 0.11587351221591234 0.05760051906108856 0.05749508161097765 3.978357653977582e-06
    71.0    
0.5150503516197205 0.9040971398353577 0.39783596992492676 train 72.0 0.11595298640429974 0.057643367182463406 0.05753350934013724 3.275150220360956e-06
    72.0    
0.5166550874710083 0.9042412042617798 0.39772167801856995 train 73.0 0.1158538344502449 0.05760632557794452 0.05747437089681626 3.022628106919001e-06
    73.0    
0.5174012184143066 0.898445725440979 0.3960229158401489 train 74.0 0.1158684429526329 0.05759136229753494 0.05751062987372279 3.0611831789428834e-06
    74.0    
0.5162718892097473 0.8953518271446228 0.39498889446258545 train 75.0 0.11592659071087837 0.057616525944322344 0.057544134594500064 2.96273356070742e-06
    75.0    
0.5158467292785645 0.8910370469093323 0.3938579857349396 train 76.0 0.11599155377596616 0.05767500218003988 0.05755178291350603 3.7034567412774777e-06
    76.0    
0.514616847038269 0.8839477896690369 0.3917720913887024 train 77.0 0.11585019689053297 0.05760071201249957 0.05748641951009631 2.9907430416642455e-06
    77.0    
0.5162962079048157 0.878448486328125 0.3905033469200134 train 78.0 0.11578575111925601 0.05757043063640595 0.05745251949876547 3.036192765648593e-06
    78.0    
0.5173989534378052 0.8761342167854309 0.3893224596977234 train 79.0 0.1155855966731906 0.057479995638132095 0.05735327383503318 3.1307843073591357e-06
    79.0    
0.5177307724952698 0.8693786859512329 0.3879123628139496 train 80.0 0.11542726285755635 0.05738214686512947 0.057296981550753114 3.6312046631792327e-06
    80.0    
0.5199394226074219 0.8645751476287842 0.3859255313873291 train 81.0 0.115611028149724 0.05747006591409445 0.057398014701902866 2.3925611003505765e-06
    81.0    
0.5176168084144592 0.8593343496322632 0.3851134777069092 train 82.0 0.1157131602242589 0.057511982806026936 0.05745929846540093 2.792774239424034e-06
    82.0    
0.5194121599197388 0.8524061441421509 0.3833269774913788 train 83.0 0.11544441975653172 0.057385803163051606 0.057320000641047954 3.3633791645115707e-06
    83.0    
0.5199010968208313 0.8470155000686646 0.3816712200641632 train 84.0 0.115550949126482 0.05742546211928129 0.05738994373008609 1.9908077319996664e-06
    84.0    
0.5203188061714172 0.8407778739929199 0.38001924753189087 train 85.0 0.11565043102949858 0.05749844992533326 0.05741752363741398 2.0270854292903095e-06
    85.0    
0.5202112197875977 0.8342504501342773 0.37766584753990173 train 86.0 0.11572602607309818 0.05749776627868414 0.05749853068962693 3.4455549666745355e-06
    86.0    
0.5219905972480774 0.8307534456253052 0.3767782747745514 train 87.0 0.11567098639905453 0.057501116450875994 0.05744120081886649 2.98493318950932e-06
    87.0    
0.5205339193344116 0.8249931335449219 0.3752235174179077 train 88.0 0.11530006807297469 0.057288778703659775 0.05728827564045787 1.9108181277260883e-06
    88.0    
0.5200884938240051 0.8192240595817566 0.37323620915412903 train 89.0 0.11553899705410003 0.057430104725062846 0.057384556084871294 3.7467318634298863e-06
    89.0    
0.5204811096191406 0.8140273690223694 0.37185606360435486 train 90.0 0.11561327390372753 0.0574635836854577 0.05742648428305983 3.369407522768597e-06
    90.0    
0.522788941860199 0.812069296836853 0.3710077702999115 train 91.0 0.11554843574762344 0.057418554462492465 0.05741192102432251 2.8982415187783772e-06
    91.0    
0.5227237343788147 0.805282711982727 0.36927157640457153 train 92.0 0.1153538591042161 0.05732952756807208 0.0573104602470994 2.9624491162394406e-06
    92.0    
0.5231537222862244 0.8004255294799805 0.3675956726074219 train 93.0 0.11546791713684797 0.05739660335704684 0.05736015737056732 2.33966852647427e-06
    93.0    
0.522797703742981 0.7951492667198181 0.3659224808216095 train 94.0 0.11553447026759386 0.057409800495952366 0.057416898179799315 3.6141500459052622e-06
    94.0    
0.525018572807312 0.7900320887565613 0.3643696904182434 train 95.0 0.1153068557754159 0.05730577191337943 0.05729812130331993 3.482204192550853e-06
    95.0    
0.5244045853614807 0.786976158618927 0.36322450637817383 train 96.0 0.11541646014899015 0.05738002136349678 0.05733605794608593 3.0785606668359833e-06
    96.0    
0.5247080326080322 0.7813524603843689 0.3611580729484558 train 97.0 0.11541055720299483 0.05736579678952694 0.05734436668455601 2.5967590318032308e-06
    97.0    
0.5253217220306396 0.7723817229270935 0.35864657163619995 train 98.0 0.11576419107615948 0.0575386962480843 0.05752492120489478 1.915863322210498e-06
    98.0    
0.5268707871437073 0.770396888256073 0.3581899106502533 train 99.0 0.11535320810973644 0.057335867844522 0.057323886770755055 4.270315912435763e-06
    99.0    
