Corr-Diag Corr-Full Corr-Swap Data Epoch Loss MMD-Full MMD-Swap Mean
0.2467530369758606 0.8818325996398926 0.4741309583187103 train 0.0 0.48924713432788847 0.0747260195016861 0.06931026550009847 2.987188736369717e-06
    0.0    
0.24422003328800201 1.2419853210449219 0.4404062032699585 train 1.0 0.24912736147642137 0.061197703126817944 0.06055057004094124 2.513625076971948e-06
    1.0    
0.24405838549137115 1.471294641494751 0.4295000731945038 train 2.0 0.23210537314414978 0.060941021405160424 0.06000062139704823 2.9887382879678626e-06
    2.0    
0.24455778300762177 1.6117727756500244 0.41990649700164795 train 3.0 0.22552032686769963 0.06105262430384755 0.060007995571941135 2.928529283963144e-06
    3.0    
0.24475890398025513 1.5825220346450806 0.4223712384700775 train 4.0 0.22011763349175453 0.060940354000777006 0.059907541144639254 3.1994532037060708e-06
    4.0    
0.2414570301771164 1.614120364189148 0.42190322279930115 train 5.0 0.21692660622298718 0.06066779019311071 0.05964651376008987 3.609578698160476e-06
    5.0    
0.24009592831134796 1.6252745389938354 0.4175006151199341 train 6.0 0.21238142400979995 0.060812078453600406 0.05981822781264782 2.1598611965600867e-06
    6.0    
0.23685114085674286 1.588823676109314 0.411660760641098 train 7.0 0.21012069836258887 0.06062171444296837 0.05968641567975283 2.5716708478285e-06
    7.0    
0.23411735892295837 1.5890655517578125 0.40866196155548096 train 8.0 0.20495800830423833 0.06047440702095628 0.05958471490070224 2.3907996364869177e-06
    8.0    
0.2292945683002472 1.5783289670944214 0.4094897508621216 train 9.0 0.20325284354388715 0.060374848954379556 0.0595565290376544 1.6156463971128687e-06
    9.0    
0.2269655466079712 1.582671880722046 0.408505380153656 train 10.0 0.20165089435875416 0.06019536891952157 0.05949422653764486 1.921671810123371e-06
    10.0    
0.22544702887535095 1.5774811506271362 0.4083460867404938 train 11.0 0.19978310614824296 0.05998609153553844 0.05937026230618358 1.2231573691678932e-06
    11.0    
0.22159944474697113 1.542779803276062 0.408218652009964 train 12.0 0.19725413039326667 0.05989689774811268 0.05926564199849963 2.4107480385282543e-06
    12.0    
0.22117267549037933 1.5189090967178345 0.4052085280418396 train 13.0 0.19567795731127263 0.05991117985919118 0.05934141496196389 1.1697187574100099e-06
    13.0    
0.2179141789674759 1.5048867464065552 0.4038962721824646 train 14.0 0.19271728418767453 0.05973523963242769 0.05922839380800724 1.2187236961835879e-06
    14.0    
0.2161702662706375 1.4833465814590454 0.40424686670303345 train 15.0 0.19194494388997554 0.05967120165005326 0.05924328254535794 1.1838129694297095e-06
    15.0    
0.21576103568077087 1.4409037828445435 0.39859235286712646 train 16.0 0.19128141388297082 0.05957293896004558 0.05919497093185783 1.5732326801298768e-06
    16.0    
0.2149491310119629 1.405430555343628 0.39890220761299133 train 17.0 0.1902236270159483 0.05966626582667232 0.05930305138230324 1.0216015198238892e-06
    17.0    
0.2135532796382904 1.4047013521194458 0.39611223340034485 train 18.0 0.19028927005827426 0.05964588772505522 0.05934360621497035 1.4355630355566973e-06
    18.0    
0.21306779980659485 1.3817979097366333 0.39736735820770264 train 19.0 0.18904444575309753 0.05938358830288053 0.05910419011488557 9.601553756510839e-07
    19.0    
0.21054542064666748 1.3508368730545044 0.3958432078361511 train 20.0 0.18833366341888905 0.059332906752824786 0.05910541795194149 9.004313028526667e-07
    20.0    
0.21213878691196442 1.330025315284729 0.3949185311794281 train 21.0 0.18752595484256745 0.05920009698718786 0.058991182651370766 1.1790104963438353e-06
    21.0    
0.20998652279376984 1.304731011390686 0.39398112893104553 train 22.0 0.18731283217668535 0.05932232616469264 0.05908583527430892 1.0027789585365099e-06
    22.0    
0.20979394018650055 1.2843995094299316 0.3918498754501343 train 23.0 0.1875219642370939 0.059284668155014514 0.05909245539456606 1.3954252153780544e-06
    23.0    
0.21008233726024628 1.237117886543274 0.3899637758731842 train 24.0 0.1858122517168522 0.05912735356017947 0.058966644685715434 1.059748115039838e-06
    24.0    
0.20878645777702332 1.1951267719268799 0.3887016177177429 train 25.0 0.18374602891504765 0.05899528993293643 0.058886369541287426 8.879152915142186e-07
    25.0    
0.2081318497657776 1.1645756959915161 0.3894447386264801 train 26.0 0.1844420086592436 0.05905196445062757 0.05893478874117136 1.4822853700025007e-06
    26.0    
0.20930689573287964 1.1349986791610718 0.38861343264579773 train 27.0 0.18437799833714963 0.05909526538103819 0.05893231241032481 1.6330030803146656e-06
    27.0    
0.20910950005054474 1.0901705026626587 0.3864143192768097 train 28.0 0.18449322201311588 0.059147981945425275 0.0590254345908761 1.1519913414304028e-06
    28.0    
0.20764295756816864 1.0697699785232544 0.387016236782074 train 29.0 0.1834926600009203 0.059031375069171194 0.05889230309054255 8.042803756325156e-07
    29.0    
0.20716102421283722 1.0521701574325562 0.38665321469306946 train 30.0 0.18292703948915004 0.05922692349180579 0.059163342583924534 9.777724017112632e-07
    30.0    
0.20758581161499023 1.0323501825332642 0.3847394585609436 train 31.0 0.18257097341120243 0.059004359655082224 0.05896052049472928 1.4388280078492244e-06
    31.0    
0.20800599455833435 1.007488489151001 0.3843291699886322 train 32.0 0.1810590724647045 0.05890146531164646 0.05887917250394821 9.317689659837924e-07
    32.0    
0.20656757056713104 0.9853622317314148 0.38432368636131287 train 33.0 0.18135994896292687 0.058896787371486424 0.05888939378783107 1.142723021985148e-06
    33.0    
0.20704515278339386 0.9776902198791504 0.38402506709098816 train 34.0 0.18159855842590333 0.059000483751296996 0.058992492817342285 9.752378673510975e-07
    34.0    
0.20711086690425873 0.9498214721679688 0.3853398263454437 train 35.0 0.18096979662775994 0.058904561679810286 0.058885426688939334 1.2710578403130057e-06
    35.0    
0.20614716410636902 0.9435661435127258 0.38241875171661377 train 36.0 0.18209682010114192 0.05922529885545373 0.059240180086344484 1.4345147292260663e-06
    36.0    
0.2056158185005188 0.9215172529220581 0.38254228234291077 train 37.0 0.18104981638491155 0.05897463709115982 0.05899321256205439 1.6914329989958787e-06
    37.0    
0.20664222538471222 0.90277498960495 0.38113054633140564 train 38.0 0.17974682740867137 0.05879810679703951 0.058811008222401144 1.2379487088765018e-06
    38.0    
0.20623506605625153 0.8820339441299438 0.381964772939682 train 39.0 0.1796786140650511 0.05887069443240762 0.05886248519644141 1.2827302953155595e-06
    39.0    
0.20549896359443665 0.8685985803604126 0.3812128007411957 train 40.0 0.1793690851330757 0.05873919291421771 0.058777689654380086 1.8414588112136698e-06
    40.0    
0.20659421384334564 0.8560680747032166 0.38127705454826355 train 41.0 0.17962588414549827 0.058766944874078034 0.05881754776462913 1.5494903209400945e-06
    41.0    
0.2060912698507309 0.8460222482681274 0.37994134426116943 train 42.0 0.17863809078931808 0.05882899796590209 0.058871846813708543 2.0456013771763537e-06
    42.0    
0.20672862231731415 0.8495686650276184 0.3802514672279358 train 43.0 0.1792994462698698 0.05883823281154037 0.05891171744093299 1.501737301623507e-06
    43.0    
0.20434530079364777 0.8371707201004028 0.37990298867225647 train 44.0 0.1793168704211712 0.05889814294874668 0.058983953800052405 1.3534926210923004e-06
    44.0    
0.20581459999084473 0.8123078346252441 0.3796805739402771 train 45.0 0.17836242347955703 0.05881076123565435 0.058872096482664345 8.691046105013811e-07
    45.0    
0.2041061669588089 0.7948192954063416 0.37936633825302124 train 46.0 0.17857803732156755 0.05877882331609726 0.05886226499453187 1.2111947853554739e-06
    46.0    
0.2057526558637619 0.7841271758079529 0.37762442231178284 train 47.0 0.17626603871583937 0.05870734376832843 0.058824709225445984 1.8988303054356948e-06
    47.0    
0.20555274188518524 0.7658988833427429 0.3772611618041992 train 48.0 0.1775419405847788 0.05887511434033513 0.05899844480678439 1.7745059039953048e-06
    48.0    
0.20572543144226074 0.7586908936500549 0.37787020206451416 train 49.0 0.17818222351372243 0.05879290241748095 0.05892687566578388 1.9262920432083774e-06
    49.0    
0.20684748888015747 0.7456471920013428 0.3764912486076355 train 50.0 0.17736356072127818 0.05868693271651864 0.05881976565346122 1.0150133675779216e-06
    50.0    
0.2056337296962738 0.7334265112876892 0.3769893944263458 train 51.0 0.17725602842867375 0.05871432112529874 0.058893550615757705 1.0744556675490458e-06
    51.0    
0.2064000368118286 0.7179190516471863 0.3761867880821228 train 52.0 0.17579326793551445 0.05864405583590269 0.058838502448052166 1.9874980807799147e-06
    52.0    
0.2054087072610855 0.7027983665466309 0.3766302764415741 train 53.0 0.1765357384085655 0.058617388494312764 0.05882469182834029 1.384736037834955e-06
    53.0    
0.20447006821632385 0.6925201416015625 0.3761129081249237 train 54.0 0.1750886108726263 0.05852878458797932 0.058708882313221696 1.5641334130123141e-06
    54.0    
0.2058788388967514 0.6759328842163086 0.3752191364765167 train 55.0 0.17532545432448388 0.058498780112713575 0.05870616165921092 1.8768245126921101e-06
    55.0    
0.20545561611652374 0.6686599850654602 0.37475621700286865 train 56.0 0.1758052361011505 0.05855863595381379 0.058757013827562335 2.019221028604079e-06
    56.0    
0.20481130480766296 0.6614359021186829 0.37461644411087036 train 57.0 0.17482578925788403 0.058520985078066586 0.05873625474050641 2.465285888320068e-06
    57.0    
0.2043742686510086 0.6532043218612671 0.37379732728004456 train 58.0 0.17400419004261494 0.05854798201471567 0.058758951127529144 1.614315806364175e-06
    58.0    
0.20420163869857788 0.6463618278503418 0.37398627400398254 train 59.0 0.17402394607663155 0.05840019823983312 0.05865590838715434 2.317204689461505e-06
    59.0    
0.2042090892791748 0.6377035975456238 0.37369564175605774 train 60.0 0.17574639163911343 0.05865810211747885 0.05888924626633525 2.221133854618529e-06
    60.0    
0.2042999565601349 0.6268380880355835 0.3732652962207794 train 61.0 0.17399638235569 0.05853758843615651 0.05881569482386112 2.4419291548838373e-06
    61.0    
0.2050400972366333 0.6205509305000305 0.3735310137271881 train 62.0 0.17369899667799474 0.05861373377963901 0.05891738090664148 1.5527468804066302e-06
    62.0    
0.20577774941921234 0.6113224029541016 0.37209177017211914 train 63.0 0.17442915797233582 0.05859368909150362 0.05888043152168393 1.9866613456542837e-06
    63.0    
0.2047271430492401 0.6037856340408325 0.37360435724258423 train 64.0 0.17494645692408084 0.05859754735603929 0.0588427141867578 3.0885712476447225e-06
    64.0    
0.20500464737415314 0.5934398174285889 0.37116682529449463 train 65.0 0.17325882732868195 0.058489525727927684 0.058749811463057994 2.633453959788312e-06
    65.0    
0.20520620048046112 0.5871700048446655 0.3717835545539856 train 66.0 0.1735239762812853 0.058516184091567995 0.05880103666335344 1.8923482230093214e-06
    66.0    
0.2048530876636505 0.5829629898071289 0.37167179584503174 train 67.0 0.17296768836677073 0.05854713913053274 0.05889033546671271 1.3269147984829033e-06
    67.0    
0.20508915185928345 0.5767074227333069 0.37149307131767273 train 68.0 0.17334666438400745 0.058503113444894554 0.05882279889658094 2.0559405129461084e-06
    68.0    
0.20460854470729828 0.5663445591926575 0.37204408645629883 train 69.0 0.1726035089045763 0.05844079401344061 0.05876504193991423 2.1565379029198084e-06
    69.0    
0.2053995579481125 0.5635740160942078 0.37083321809768677 train 70.0 0.17285437792539596 0.05838712859898806 0.05872122433036566 2.5267581804655492e-06
    70.0    
0.20501308143138885 0.5535656213760376 0.371177077293396 train 71.0 0.1721080144494772 0.05837508400902152 0.05870523765683174 1.569832420500461e-06
    71.0    
0.2035340815782547 0.5441814064979553 0.370991975069046 train 72.0 0.17231304317712784 0.05845725208520889 0.058845724686980246 1.6728747596062021e-06
    72.0    
0.2046959549188614 0.5461537837982178 0.37065228819847107 train 73.0 0.17271507680416107 0.058417836781591174 0.05875215396285057 3.1727643090562196e-06
    73.0    
0.20492500066757202 0.5343867540359497 0.3702220320701599 train 74.0 0.1723507847636938 0.05846488293260336 0.058865228556096556 1.7205993572133593e-06
    74.0    
0.20470167696475983 0.5295573472976685 0.37001314759254456 train 75.0 0.17135405205190182 0.058398512229323386 0.058785537574440244 2.182498064939864e-06
    75.0    
0.2040904313325882 0.5251376628875732 0.369894415140152 train 76.0 0.17250690676271915 0.05847518442198634 0.05882975244894624 2.331036512259743e-06
    76.0    
0.20400601625442505 0.5225120782852173 0.3701423704624176 train 77.0 0.17104146786034108 0.058343540616333484 0.05874136008322239 2.910909188358346e-06
    77.0    
0.20432564616203308 0.517224907875061 0.3700897991657257 train 78.0 0.1704252476990223 0.05820890348404646 0.05861760625615716 3.736776079676929e-06
    78.0    
0.20354358851909637 0.5101781487464905 0.3697011470794678 train 79.0 0.1709858989715576 0.05831540647894144 0.05873844228684902 2.9105719931976637e-06
    79.0    
0.20511329174041748 0.5072934031486511 0.36985769867897034 train 80.0 0.17162624813616276 0.058303548209369185 0.05872399281710386 1.8947048374684528e-06
    80.0    
0.2047867476940155 0.5006263852119446 0.369867742061615 train 81.0 0.1706959116458893 0.05820332787930965 0.0586143490485847 1.4651971014245646e-06
    81.0    
0.20451585948467255 0.48699289560317993 0.3701038062572479 train 82.0 0.17118609763681888 0.058325324803590775 0.05875825559720397 2.4731584744586144e-06
    82.0    
0.20470088720321655 0.48109525442123413 0.36948850750923157 train 83.0 0.16942758068442346 0.05812758695334196 0.0585721405595541 2.5800770799833117e-06
    83.0    
0.20502382516860962 0.4766829311847687 0.3687956631183624 train 84.0 0.17029780253767968 0.058242432437837124 0.05866790626198053 2.426581431791419e-06
    84.0    
0.20417055487632751 0.47717633843421936 0.36879459023475647 train 85.0 0.16935714565217494 0.05816379034891725 0.05862949343398213 2.2757296846975805e-06
    85.0    
0.2046121060848236 0.4703686237335205 0.3688458502292633 train 86.0 0.1699358654022217 0.058213633950799704 0.058659371994435786 1.8746786736301146e-06
    86.0    
0.20447413623332977 0.47071921825408936 0.3690599501132965 train 87.0 0.17037163324654103 0.05811594311147928 0.05860757855698466 1.4404806734091835e-06
    87.0    
0.20503640174865723 0.4659665524959564 0.367742657661438 train 88.0 0.16939972430467606 0.05819879893213511 0.05870661489665508 1.9446495116426377e-06
    88.0    
0.20492589473724365 0.4546678364276886 0.3680194914340973 train 89.0 0.16987220801413058 0.05811109038069844 0.05857166761532426 1.7639351881371113e-06
    89.0    
0.20379962027072906 0.4540480077266693 0.3686503767967224 train 90.0 0.1702123299241066 0.05821327868849039 0.05865636760368943 2.5370977709826548e-06
    90.0    
0.20435313880443573 0.4492720663547516 0.3677487075328827 train 91.0 0.1693516905605793 0.058028589505702256 0.05850883055478334 1.6499703860972659e-06
    91.0    
0.20478671789169312 0.4460509419441223 0.36698153614997864 train 92.0 0.16844758950173855 0.05816512193530798 0.05862850554287433 1.6981421140371822e-06
    92.0    
0.2043987512588501 0.4428950548171997 0.367923378944397 train 93.0 0.1688726120442152 0.05814489509910345 0.05864573610946536 1.4580340348402387e-06
    93.0    
0.20477113127708435 0.4342040419578552 0.3674318790435791 train 94.0 0.1684902113676071 0.05804110771045089 0.05854332733899355 1.5148043530643918e-06
    94.0    
0.2045561671257019 0.4328504204750061 0.3676512837409973 train 95.0 0.16750411927700043 0.05807183545082808 0.05860878769308329 1.8793065237332485e-06
    95.0    
0.20442630350589752 0.42742490768432617 0.3674609363079071 train 96.0 0.1685497371852398 0.058049923572689295 0.05853909701108932 1.8722166714724153e-06
    96.0    
0.20444771647453308 0.4253470003604889 0.36721497774124146 train 97.0 0.1686984357237816 0.05810929851606488 0.05862974302843213 2.5223655484296614e-06
    97.0    
0.20484229922294617 0.41993600130081177 0.3668479025363922 train 98.0 0.1685475751757622 0.05806659063324332 0.0585812964476645 2.275032784382347e-06
    98.0    
0.20367705821990967 0.42347434163093567 0.36723271012306213 train 99.0 0.16885832607746123 0.058148006536066534 0.05867701051756739 2.347487907172763e-06
    99.0    
