Corr-Diag Corr-Full Corr-Swap Data Epoch Loss MMD-Full MMD-Swap Mean
0.36345788836479187 1.2075408697128296 0.5824653506278992 train 0.0 0.3977736167609692 0.19718885973095893 0.1876907006651163 2.6429663193994202e-05
    0.0    
0.37375229597091675 1.052194595336914 0.5298671722412109 train 1.0 0.3646286150813103 0.18047978423535824 0.17950221918523313 1.9730685380636714e-05
    1.0    
0.3615359365940094 1.0445307493209839 0.5148749351501465 train 2.0 0.36164177224040034 0.17876859150826932 0.1792077771574259 1.382144728268031e-05
    2.0    
0.35736507177352905 1.0172004699707031 0.5170316696166992 train 3.0 0.3606217931210995 0.17816999815404416 0.17909662261605264 1.3067931831756141e-05
    3.0    
0.36022934317588806 1.0251743793487549 0.5145079493522644 train 4.0 0.3600780799984932 0.17786523826420308 0.17903307259082793 1.2314506420807447e-05
    4.0    
0.3552875816822052 1.0317072868347168 0.5238291621208191 train 5.0 0.36020279213786127 0.17785216897726058 0.17927911534905433 1.0117672900378238e-05
    5.0    
0.3490550220012665 1.0272738933563232 0.5310419201850891 train 6.0 0.36049204885959624 0.17801296353340149 0.17945122249424458 1.2127889021940064e-05
    6.0    
0.3546713888645172 1.047957181930542 0.5241187810897827 train 7.0 0.35987786889076234 0.1777999772876501 0.17914171792566777 1.0691315765143372e-05
    7.0    
0.3562508225440979 1.0603725910186768 0.5300208330154419 train 8.0 0.35928679138422015 0.1774602710455656 0.1789296907186508 9.715890882944223e-06
    8.0    
0.350067675113678 1.0758295059204102 0.5340447425842285 train 9.0 0.35890266016125677 0.1773391792923212 0.1787188722938299 9.510564268566668e-06
    9.0    
0.35666579008102417 1.0757721662521362 0.5315096974372864 train 10.0 0.357948047965765 0.1768420048803091 0.17830631449818612 9.556196346238721e-06
    10.0    
0.3592454493045807 1.104873776435852 0.5376944541931152 train 11.0 0.35776952147483826 0.17670989237725734 0.1783102246373892 9.070980013348162e-06
    11.0    
0.34639304876327515 1.0862334966659546 0.5349220633506775 train 12.0 0.3587969571352005 0.17727974347770215 0.1787512283027172 9.035868060891517e-06
    12.0    
0.34620213508605957 1.0695353746414185 0.5372264385223389 train 13.0 0.35775289952754974 0.17680598653852939 0.17819454289972783 8.689900823810603e-06
    13.0    
0.35389554500579834 1.0967323780059814 0.5312557816505432 train 14.0 0.3579545234143734 0.17688251800835134 0.1783398351818323 7.55297969590174e-06
    14.0    
0.35072505474090576 1.1157889366149902 0.5434244871139526 train 15.0 0.3568597289919853 0.17639872275292873 0.17774718388915062 7.1559356911166105e-06
    15.0    
0.35187506675720215 1.110028862953186 0.5325623750686646 train 16.0 0.3570055042207241 0.17647581309080124 0.17783425405621528 6.6386769503878895e-06
    16.0    
0.349248468875885 1.1139336824417114 0.5276899337768555 train 17.0 0.35774878427386286 0.17678747825324537 0.17824628949165344 6.663441581622465e-06
    17.0    
0.34592217206954956 1.1169477701187134 0.5300666689872742 train 18.0 0.357819649875164 0.1768137688934803 0.17827495224773884 5.580080596701009e-06
    18.0    
0.35186004638671875 1.1284499168395996 0.5377568602561951 train 19.0 0.3571899470686912 0.1765210971981287 0.17799269564449788 5.883291578356875e-06
    19.0    
0.3460353910923004 1.1269752979278564 0.5300269722938538 train 20.0 0.3583570705354214 0.17703181385993957 0.17859656125307083 5.41967938261223e-06
    20.0    
0.3499149680137634 1.129955530166626 0.5299467444419861 train 21.0 0.3575259552896023 0.17671707831323147 0.1781072723865509 6.026513801771216e-06
    21.0    
0.33961009979248047 1.117885947227478 0.5293837189674377 train 22.0 0.3575535783171654 0.1767078796029091 0.17815936580300332 4.9869918257172685e-06
    22.0    
0.3386412560939789 1.140465259552002 0.5287949442863464 train 23.0 0.356708660274744 0.17625473976135253 0.17779258109629154 5.016790510126157e-06
    23.0    
0.3421217203140259 1.1330819129943848 0.526753306388855 train 24.0 0.357400836199522 0.17667310871183872 0.17802387490868568 3.8884013520146254e-06
    24.0    
0.3407208025455475 1.1449692249298096 0.531468391418457 train 25.0 0.3576056557893753 0.17667595148086548 0.17820666350424288 3.9810802263673395e-06
    25.0    
0.34171393513679504 1.1531282663345337 0.5297821164131165 train 26.0 0.35778769716620445 0.17679332874715328 0.17825601398944854 3.597684553824365e-06
    26.0    
0.33808478713035583 1.1500542163848877 0.5297461152076721 train 27.0 0.35781487375497817 0.1768025504797697 0.17829955235123635 4.968987468600972e-06
    27.0    
0.34418198466300964 1.151872158050537 0.5331450700759888 train 28.0 0.3580928924679756 0.17688741460442542 0.17847410760819912 3.4777579003275605e-06
    28.0    
0.3410581350326538 1.1617445945739746 0.532274067401886 train 29.0 0.35787619665265086 0.176779712960124 0.17838629499077796 5.0031694627250545e-06
    29.0    
0.3402867317199707 1.1809520721435547 0.5305349230766296 train 30.0 0.3570783174037933 0.1764074755460024 0.17796960070729256 4.696698852058034e-06
    30.0    
0.3407851755619049 1.1661317348480225 0.5339061617851257 train 31.0 0.3573387070000172 0.1765405298769474 0.1781205141544342 3.962456958106486e-06
    31.0    
0.34223684668540955 1.166520357131958 0.5276464223861694 train 32.0 0.3579065629839897 0.17688473962247372 0.17833516657352447 4.074319349456346e-06
    32.0    
0.34301862120628357 1.1898154020309448 0.5341512560844421 train 33.0 0.3573827758431435 0.17667927853763105 0.17806165389716624 3.2601099064777372e-06
    33.0    
0.34314751625061035 1.1544573307037354 0.539696455001831 train 34.0 0.3576099033653736 0.17681035101413728 0.17815837241709231 4.454605459613958e-06
    34.0    
0.34378257393836975 1.1749144792556763 0.5302832722663879 train 35.0 0.35652255967259405 0.176151614934206 0.17771977066993713 3.5658792967296904e-06
    35.0    
0.34226712584495544 1.2014557123184204 0.5326216220855713 train 36.0 0.3573366789519787 0.17663325890898704 0.17803251527249814 4.733390142064309e-06
    36.0    
0.3446396589279175 1.1725600957870483 0.5336130261421204 train 37.0 0.35708898916840554 0.17647203654050828 0.17797174774110316 3.219741074644844e-06
    37.0    
0.3433111608028412 1.1882895231246948 0.5352430939674377 train 38.0 0.3561296635866165 0.17604061685502528 0.1774909920245409 4.001616161986021e-06
    38.0    
0.3394126892089844 1.189544916152954 0.5365411043167114 train 39.0 0.3577770714461803 0.1769008681923151 0.1782614077627659 4.969855126546463e-06
    39.0    
0.3418407738208771 1.177760124206543 0.533275306224823 train 40.0 0.35693614557385445 0.17639643795788287 0.17792836286127567 3.5387602110859007e-06
    40.0    
0.33796262741088867 1.172441005706787 0.5316952466964722 train 41.0 0.3570102408528328 0.176441665366292 0.17790492370724678 4.147130766796181e-06
    41.0    
0.3407295048236847 1.1854243278503418 0.5362492203712463 train 42.0 0.35742100909352303 0.17657356150448322 0.1781464084982872 3.539889576131827e-06
    42.0    
0.3449115753173828 1.18575918674469 0.53554368019104 train 43.0 0.356961876899004 0.17641925930976868 0.17788811601698398 2.854779950212105e-06
    43.0    
0.34125566482543945 1.1929572820663452 0.5328332781791687 train 44.0 0.35695391699671747 0.1763977128267288 0.17788958847522734 2.3841218990128255e-06
    44.0    
0.340781033039093 1.172175645828247 0.5330408811569214 train 45.0 0.3580151009559631 0.17694077104330064 0.178402419090271 2.45287014877249e-06
    45.0    
0.3335059583187103 1.1981936693191528 0.5373611450195312 train 46.0 0.3567012184858322 0.17622301548719407 0.17780227944254876 2.7685689474310493e-06
    46.0    
0.34175679087638855 1.1933507919311523 0.5275223255157471 train 47.0 0.3558858396112919 0.17585466280579568 0.17736562229692937 2.4007351839827606e-06
    47.0    
0.3403855264186859 1.17677640914917 0.5279484391212463 train 48.0 0.35702276408672334 0.17645355731248855 0.17788302794098854 2.569610614955309e-06
    48.0    
0.33601778745651245 1.1832729578018188 0.5230132937431335 train 49.0 0.3573158007860184 0.1766114341467619 0.17801141642034055 3.913595719495788e-06
    49.0    
0.33391499519348145 1.1808741092681885 0.5240936279296875 train 50.0 0.3574447444081306 0.17661286383867264 0.17814273707568645 1.7074853531084955e-06
    50.0    
0.33978936076164246 1.186862826347351 0.5241597890853882 train 51.0 0.35722838178277017 0.17651272922754288 0.17804267890751363 2.609611556181335e-06
    51.0    
0.3348843455314636 1.1698418855667114 0.5284311771392822 train 52.0 0.3565084499120712 0.17614093996584415 0.17771282337605954 2.8843514883192256e-06
    52.0    
0.34059691429138184 1.1790260076522827 0.5276117920875549 train 53.0 0.3559712101519108 0.17595597639679908 0.17740453526377678 2.6673858428694075e-06
    53.0    
0.33685439825057983 1.1889911890029907 0.5341423749923706 train 54.0 0.3564072056114674 0.17615184426307678 0.17763305373489857 2.1013561308791395e-06
    54.0    
0.3410898447036743 1.1698317527770996 0.5267854928970337 train 55.0 0.3568409043550491 0.1763641857355833 0.1778663619607687 2.0145751022937475e-06
    55.0    
0.33237019181251526 1.16910982131958 0.5285840034484863 train 56.0 0.3571834310889244 0.17654471963644028 0.1779710280895233 2.7269213660474634e-06
    56.0    
0.33577480912208557 1.1761113405227661 0.5269446969032288 train 57.0 0.35692831546068193 0.17633150823414326 0.1779588693380356 2.6393663574708626e-06
    57.0    
0.3366769552230835 1.2048321962356567 0.5291393399238586 train 58.0 0.35717318296432493 0.17645277567207812 0.17801703251898288 2.739627916525933e-06
    58.0    
0.33697015047073364 1.1703013181686401 0.5331412553787231 train 59.0 0.3563022844493389 0.17607037872076034 0.17759823076426984 2.4545913674955955e-06
    59.0    
0.3390759825706482 1.191796898841858 0.5283870697021484 train 60.0 0.3560479335486889 0.17600042775273322 0.17740847893059253 2.8211288736201823e-06
    60.0    
0.33207017183303833 1.1978946924209595 0.530216634273529 train 61.0 0.35684839710593225 0.17637997038662434 0.17780693389475347 2.598744458737201e-06
    61.0    
0.338691383600235 1.2056211233139038 0.5358524918556213 train 62.0 0.356740847826004 0.1763021455705166 0.17781847588717936 2.6712721137300832e-06
    62.0    
0.3367339074611664 1.16555655002594 0.5333225131034851 train 63.0 0.3565982054173946 0.17624789647758007 0.1777524433284998 2.70981649919122e-06
    63.0    
0.33990588784217834 1.2045718431472778 0.535175085067749 train 64.0 0.355933440476656 0.1758200678229332 0.1774901594221592 2.09613676815934e-06
    64.0    
0.3366923928260803 1.1992182731628418 0.5387808084487915 train 65.0 0.35570075899362563 0.17578375913202762 0.1772907654941082 2.226497144874884e-06
    65.0    
0.33142560720443726 1.1949976682662964 0.5318161249160767 train 66.0 0.3564229284226894 0.17612271502614021 0.17767811827361585 2.4884755021048477e-06
    66.0    
0.3399766981601715 1.2075670957565308 0.532280683517456 train 67.0 0.3552696558833122 0.17558893360197544 0.17709543734788893 2.5495828595012426e-06
    67.0    
0.3350083827972412 1.1952074766159058 0.539591908454895 train 68.0 0.3567815418541431 0.17634732060134412 0.17781514011323452 3.1463089271710487e-06
    68.0    
0.33132845163345337 1.1772657632827759 0.5289410352706909 train 69.0 0.3565642420947552 0.1761809989064932 0.17777482867240907 2.843834181476268e-06
    69.0    
0.3362129330635071 1.1749714612960815 0.5301287174224854 train 70.0 0.3569252921640873 0.1763700819760561 0.1779512267559767 2.47291768573632e-06
    70.0    
0.3387148678302765 1.1848773956298828 0.5334593653678894 train 71.0 0.3567797002196312 0.17626262664794923 0.17787926115095615 2.1675677999155596e-06
    71.0    
0.3328544497489929 1.1866185665130615 0.5371514558792114 train 72.0 0.35630672350525855 0.17603822045028208 0.1776509154587984 2.0289819531171815e-06
    72.0    
0.33415931463241577 1.175114631652832 0.5262858271598816 train 73.0 0.35690573886036875 0.17631326235830783 0.17795984834432602 2.733503379204194e-06
    73.0    
0.34378546476364136 1.1834263801574707 0.5318338871002197 train 74.0 0.35668790102005005 0.17622569464147092 0.17786380000412463 2.129827862518141e-06
    74.0    
0.3334624171257019 1.1830785274505615 0.52912837266922 train 75.0 0.3576892404258251 0.17676707960665225 0.17827966749668123 2.4277105694636703e-06
    75.0    
0.3361426889896393 1.179389238357544 0.5288142561912537 train 76.0 0.35644559174776075 0.17615330204367638 0.17766511246562003 2.101412746924325e-06
    76.0    
0.3355993628501892 1.1898372173309326 0.5264855623245239 train 77.0 0.35568960815668105 0.175786152780056 0.1772992679476738 3.0728829187864903e-06
    77.0    
0.33723005652427673 1.1775872707366943 0.5319494009017944 train 78.0 0.3566338077187538 0.17629675522446633 0.17771851785480977 2.1391383597801905e-06
    78.0    
0.33305656909942627 1.2023184299468994 0.5287241339683533 train 79.0 0.35714795455336573 0.17646808214485646 0.17806316174566747 2.488096015440533e-06
    79.0    
0.33681511878967285 1.184027075767517 0.5289929509162903 train 80.0 0.35583883881568906 0.17589688800275327 0.1773170065879822 3.8629113987553865e-06
    80.0    
0.3343845009803772 1.1790165901184082 0.5270639061927795 train 81.0 0.35739809691905977 0.17661223717033864 0.17815448962152003 1.941702066687867e-06
    81.0    
0.3351946771144867 1.1691958904266357 0.5251756906509399 train 82.0 0.35663054779171943 0.17617517933249474 0.1778341367840767 1.723519403640239e-06
    82.0    
0.33657434582710266 1.1905790567398071 0.5286455750465393 train 83.0 0.3565462699532509 0.17618722058832645 0.1777381456643343 2.7353694349585567e-06
    83.0    
0.33276277780532837 1.1681607961654663 0.5256109237670898 train 84.0 0.3567242580652237 0.1762932600080967 0.17779308721423148 3.3143894597742474e-06
    84.0    
0.33921629190444946 1.18535578250885 0.5259478688240051 train 85.0 0.35678304225206375 0.17624971576035023 0.17789676032960414 2.133512680302374e-06
    85.0    
0.3353727459907532 1.190781593322754 0.5290958285331726 train 86.0 0.3564386864006519 0.1761677301675081 0.1776470971107483 3.857634965243051e-06
    86.0    
0.3377692699432373 1.1777838468551636 0.5216292142868042 train 87.0 0.35667346298694613 0.17625122271478177 0.1777608584612608 2.2816254841018235e-06
    87.0    
0.33173254132270813 1.176509976387024 0.5247186422348022 train 88.0 0.35632956519722936 0.17606944918632508 0.17765485934913158 2.4893545287341112e-06
    88.0    
0.33480215072631836 1.1935527324676514 0.5257282257080078 train 89.0 0.35695641964673996 0.17633594453334808 0.17802609711885453 2.434084763081046e-06
    89.0    
0.3358297348022461 1.1858055591583252 0.5246667861938477 train 90.0 0.3564894238114357 0.17623215898871422 0.1776802097260952 1.9483259166008793e-06
    90.0    
0.33501389622688293 1.194446325302124 0.5269345641136169 train 91.0 0.3557684351503849 0.17580991946160793 0.17736250013113022 3.1001115985418437e-06
    91.0    
0.3292463719844818 1.1841657161712646 0.5277875065803528 train 92.0 0.3560936400294304 0.17595700412988663 0.17754415042698382 1.3701067018700996e-06
    92.0    
0.33470362424850464 1.1851651668548584 0.5285055637359619 train 93.0 0.3559832869470119 0.17596522927284242 0.17742508113384248 1.9471308405627497e-06
    93.0    
0.3326617479324341 1.178511619567871 0.5250784158706665 train 94.0 0.3562440650165081 0.17604530543088914 0.17758160844445228 1.8108665926774847e-06
    94.0    
0.333242267370224 1.171263337135315 0.5262703895568848 train 95.0 0.35678107097744943 0.17623199202120304 0.1779076911509037 2.368714604017441e-06
    95.0    
0.3269197344779968 1.192087173461914 0.5297614336013794 train 96.0 0.35578366339206696 0.17576286293566226 0.1774100238084793 3.113505954388529e-06
    96.0    
0.3314957916736603 1.1845817565917969 0.5282663702964783 train 97.0 0.35642379596829415 0.17610302813351153 0.1777024118602276 2.4789958388282685e-06
    97.0    
0.3396230936050415 1.1810578107833862 0.526224672794342 train 98.0 0.35644048288464547 0.17615220986306668 0.1776996500045061 2.4410232981608715e-06
    98.0    
0.3419484794139862 1.180710792541504 0.5294557213783264 train 99.0 0.35526212528347967 0.1755656361579895 0.17711557254195212 2.220243914052844e-06
    99.0    
