Corr-Diag Corr-Full Corr-Swap Data Epoch Loss MMD-Full MMD-Swap Mean
0.6331373453140259 0.5795982480049133 0.34489476680755615 train 0.0 0.23015122018754483 0.09251649368554354 0.08130203306674957 1.5610605260008015e-05
    0.0    
0.6453068852424622 0.38354524970054626 0.263664186000824 train 1.0 0.1310047810524702 0.06384242933243513 0.063935154248029 8.325623639393598e-06
    1.0    
0.6502613425254822 0.308066189289093 0.2239576280117035 train 2.0 0.12343571912497282 0.06070768941193819 0.061047645099461076 5.637824415316572e-06
    2.0    
0.6531282067298889 0.2611418664455414 0.19340409338474274 train 3.0 0.12053346917033196 0.05962798494845629 0.05977800402790308 4.814646217710106e-06
    3.0    
0.6540747284889221 0.22717486321926117 0.17023921012878418 train 4.0 0.11889596000313758 0.0590101814083755 0.05903241615742445 4.307582912588259e-06
    4.0    
0.6559634208679199 0.2023007869720459 0.15156227350234985 train 5.0 0.11766736399382353 0.05849993534386158 0.05848501516506076 4.35785614172346e-06
    5.0    
0.6565306782722473 0.18797290325164795 0.13763590157032013 train 6.0 0.11726678621023894 0.058370095863938334 0.05832838168367743 4.160476692049997e-06
    6.0    
0.6584742069244385 0.17652158439159393 0.1259329915046692 train 7.0 0.11664313606917859 0.05808769155293703 0.058071478176862 3.7896550111327088e-06
    7.0    
0.6582791209220886 0.16953450441360474 0.11904459446668625 train 8.0 0.11614838726818562 0.057840309739112854 0.05788596810773015 3.693222197398427e-06
    8.0    
0.6597775816917419 0.16398519277572632 0.112374447286129 train 9.0 0.11559319052845239 0.05759328005835414 0.05762685356661677 3.408307520658127e-06
    9.0    
0.6614405512809753 0.15932363271713257 0.10693634301424026 train 10.0 0.11554911673069 0.057571292258799076 0.05764185421168804 3.1124443466978846e-06
    10.0    
0.6597015261650085 0.15643972158432007 0.10326462984085083 train 11.0 0.11557759542018176 0.05759238746017217 0.057683272603899244 2.9040911613265052e-06
    11.0    
0.6616967916488647 0.1523386538028717 0.09943949431180954 train 12.0 0.11501409858465195 0.057308352645486595 0.057428294364362954 3.397509544811328e-06
    12.0    
0.6618252992630005 0.14970895648002625 0.09590448439121246 train 13.0 0.11474906973540783 0.057183177042752505 0.05731036001816392 2.641138507897267e-06
    13.0    
0.6620365381240845 0.14707356691360474 0.09313768148422241 train 14.0 0.11437939949333668 0.05696300311014056 0.05717805558815599 2.591101292637177e-06
    14.0    
0.6620432734489441 0.14166738092899323 0.09053914248943329 train 15.0 0.11453005284070969 0.05705588039010763 0.05724945515394211 2.6681234430725453e-06
    15.0    
0.6627047657966614 0.13921129703521729 0.08913404494524002 train 16.0 0.11416299518197776 0.0568618269637227 0.05708894783630967 2.0314103039709153e-06
    16.0    
0.6631342768669128 0.1349114328622818 0.08680831640958786 train 17.0 0.11444339234381914 0.05700043860822916 0.05724038511514664 2.74469221039908e-06
    17.0    
0.664092481136322 0.13195212185382843 0.08428401499986649 train 18.0 0.11422094687819481 0.05686939323320985 0.05715868601575494 3.327757212900906e-06
    18.0    
0.6621207594871521 0.1305464804172516 0.083823062479496 train 19.0 0.11433592762798071 0.056941065527498724 0.05720724064856768 2.8678418857452925e-06
    19.0    
0.6612746715545654 0.12680135667324066 0.08126164227724075 train 20.0 0.11433919496834279 0.05695088418200612 0.05720621157437563 2.0976790437998716e-06
    20.0    
0.6643224954605103 0.12437769025564194 0.07986687868833542 train 21.0 0.11422169711440802 0.05688320089131594 0.05716354543343186 2.862859901142656e-06
    21.0    
0.6625671982765198 0.12137365341186523 0.07951676845550537 train 22.0 0.11399106349796057 0.056767295524477956 0.05705419432371855 3.1124043289310066e-06
    22.0    
0.6642166972160339 0.12060911953449249 0.07888275384902954 train 23.0 0.11415014386177064 0.05682376815006137 0.05715948306024075 3.5979196582047734e-06
    23.0    
0.6631863117218018 0.11715011298656464 0.07629524171352386 train 24.0 0.11386856880038977 0.05669650701805949 0.057009715884923935 3.895988811564166e-06
    24.0    
0.6640962958335876 0.1184951514005661 0.07611540704965591 train 25.0 0.11420111510902643 0.05686832563951612 0.05717344870790839 3.831570211332291e-06
    25.0    
0.6639337539672852 0.11789698153734207 0.07680027931928635 train 26.0 0.1141822024807334 0.05685171768069267 0.05717323888093233 3.2446937439090107e-06
    26.0    
0.6641715168952942 0.11306356638669968 0.07426953315734863 train 27.0 0.11414961691945791 0.0568338899500668 0.05716302456334233 2.685575736904866e-06
    27.0    
0.6626784205436707 0.1111830547451973 0.07366477698087692 train 28.0 0.1140518530830741 0.056797457598149775 0.05710204845294356 2.7740195491787745e-06
    28.0    
0.6632300615310669 0.11192552000284195 0.07414432615041733 train 29.0 0.11392161831259727 0.056718527134507896 0.05705379219725728 3.0693365715706022e-06
    29.0    
0.6636027693748474 0.11026868969202042 0.07248939573764801 train 30.0 0.1140494218468666 0.05678201731294394 0.057118333671242 3.7564948343060678e-06
    30.0    
0.6642192602157593 0.10782181471586227 0.07086211442947388 train 31.0 0.11390061587095261 0.05670873818919062 0.0570464501902461 3.468988097665715e-06
    31.0    
0.6636434197425842 0.1072235256433487 0.07138501852750778 train 32.0 0.11376963306218385 0.05665342090651393 0.056971577759832144 2.516058202672866e-06
    32.0    
0.6646051406860352 0.10644084215164185 0.07110626250505447 train 33.0 0.11408754903823137 0.05680923290550709 0.057134632933884856 2.1975026811560383e-06
    33.0    
0.6648810505867004 0.10581851005554199 0.06979778409004211 train 34.0 0.11380331572145223 0.05665155688300729 0.0570078694447875 2.729364950937452e-06
    34.0    
0.6639846563339233 0.10261523723602295 0.06921693682670593 train 35.0 0.1137715006992221 0.056629905663430694 0.056999176368117334 4.1527960092935245e-06
    35.0    
0.6637685894966125 0.10475292801856995 0.07100174576044083 train 36.0 0.11385901812463999 0.056683926451951264 0.05703426145017147 3.7849481486773584e-06
    36.0    
0.6645655035972595 0.10393327474594116 0.0707864984869957 train 37.0 0.1136072040721774 0.05654229834675789 0.05692796075716615 2.715183427426382e-06
    37.0    
0.6641414761543274 0.1018521636724472 0.07039911299943924 train 38.0 0.11377862196415663 0.056634232606738805 0.05700850199908018 3.120951532764593e-06
    38.0    
0.6654890179634094 0.10389827191829681 0.07052405178546906 train 39.0 0.11378071185201406 0.05663273246958852 0.05701128078624606 4.1398948269488756e-06
    39.0    
0.6654726266860962 0.10391220450401306 0.07085870206356049 train 40.0 0.11366138651967049 0.056586554497480394 0.05693959210067987 2.1435587314044824e-06
    40.0    
0.6631985902786255 0.10160680115222931 0.06887595355510712 train 41.0 0.1136233626306057 0.05654820058494806 0.05693925341591239 3.360660002726945e-06
    41.0    
0.6655668616294861 0.09848181903362274 0.06735210865736008 train 42.0 0.113739500567317 0.05662815794348717 0.056977920159697534 4.219891252432717e-06
    42.0    
0.6651626229286194 0.10141148418188095 0.06923020631074905 train 43.0 0.11375887062400579 0.05663725066930056 0.05698973547667265 3.4389363463560585e-06
    43.0    
0.6638591289520264 0.1004348024725914 0.06857282668352127 train 44.0 0.1136103406175971 0.056561874505132434 0.056914985589683054 3.631087793110055e-06
    44.0    
0.6642343401908875 0.09952990710735321 0.06816956400871277 train 45.0 0.1138556395471096 0.056676649060100316 0.05704670140519738 4.50844481747481e-06
    45.0    
0.6648982763290405 0.10025308281183243 0.06832241266965866 train 46.0 0.11386197593063116 0.05667275033891201 0.057056757975369694 4.515775799518451e-06
    46.0    
0.6646705865859985 0.09874889999628067 0.06783128529787064 train 47.0 0.113795157186687 0.05664763174951076 0.05701562335714698 3.2327502594853286e-06
    47.0    
0.6638967990875244 0.09699256718158722 0.06763318181037903 train 48.0 0.11389185085892678 0.056691268440335986 0.05706966001540423 3.370063495822251e-06
    48.0    
0.6656991839408875 0.09756733477115631 0.06806791573762894 train 49.0 0.113899477571249 0.05670049246400595 0.05706848343834281 3.7781640003231587e-06
    49.0    
