Corr-Diag Corr-Full Corr-Swap Data Epoch Loss MMD-Full MMD-Swap Mean
0.2841692864894867 1.0133259296417236 0.5438399910926819 train 0.0 0.19613101571798325 0.09853005338460206 0.08577856954187155 1.7671030946075916e-05
    0.0    
0.35459765791893005 0.7734112739562988 0.4550950527191162 train 1.0 0.13305855460464955 0.06451713010668754 0.06330159720033407 1.0307568118150812e-05
    1.0    
0.39530888199806213 0.7069793939590454 0.4091203808784485 train 2.0 0.1262008138373494 0.06139242168515921 0.06081316314637661 7.322775672946591e-06
    2.0    
0.42214617133140564 0.7124942541122437 0.38056883215904236 train 3.0 0.1232886103540659 0.06021020712330937 0.05979521125555039 5.341025371308206e-06
    3.0    
0.4418692886829376 0.7562863826751709 0.3684573173522949 train 4.0 0.12186326310038567 0.05973763640969992 0.05930950438603759 3.6796261611016234e-06
    4.0    
0.4596228003501892 0.8077362775802612 0.3634459972381592 train 5.0 0.12080154336988926 0.05940236942842603 0.0589207661151886 2.6754705686471425e-06
    5.0    
0.47170427441596985 0.8642332553863525 0.3659600615501404 train 6.0 0.11996882993727923 0.05912531279027462 0.05862419651821256 1.980337401619181e-06
    6.0    
0.4839824438095093 0.9169162511825562 0.37696146965026855 train 7.0 0.11950310792773962 0.059015299342572686 0.058471310324966906 1.5433233784278855e-06
    7.0    
0.49384990334510803 0.9627666473388672 0.38737618923187256 train 8.0 0.1192833013087511 0.05895282154902816 0.05847814653068781 1.1478863370939507e-06
    8.0    
0.49997252225875854 1.0070648193359375 0.3968903720378876 train 9.0 0.11882120277732611 0.05880651710554957 0.05828964935615659 8.762785910221282e-07
    9.0    
0.5057804584503174 1.0290818214416504 0.40242522954940796 train 10.0 0.11852437734603882 0.058672137279063466 0.05823958992958069 9.078325433620194e-07
    10.0    
0.510513961315155 1.0536251068115234 0.409233957529068 train 11.0 0.11846031181514263 0.05868472643196583 0.05825489675626159 1.088316480490903e-06
    11.0    
0.5149560570716858 1.0624245405197144 0.4164668917655945 train 12.0 0.11811708867549896 0.05855933157727122 0.05812312182039023 9.797574875847204e-07
    12.0    
0.518825113773346 1.0704978704452515 0.41833406686782837 train 13.0 0.117786262370646 0.058410963825881485 0.05801324047148228 8.769142709752487e-07
    13.0    
0.5213451981544495 1.0596858263015747 0.4186605215072632 train 14.0 0.1177870050445199 0.05841151222586632 0.058082738164812325 1.2406588894009474e-06
    14.0    
0.5232070684432983 1.0550228357315063 0.4197133183479309 train 15.0 0.11714116111397743 0.058129925094544885 0.05777810461819172 9.446990816286416e-07
    15.0    
0.5225640535354614 1.0378812551498413 0.41770943999290466 train 16.0 0.11748335525393486 0.05831641351804137 0.057985501941293476 1.0500845064598252e-06
    16.0    
0.5260948538780212 1.0294384956359863 0.41690054535865784 train 17.0 0.1173124710470438 0.058237993940711025 0.057941775675863026 1.4280475397754344e-06
    17.0    
0.5267825126647949 1.007144808769226 0.4127556085586548 train 18.0 0.1173226497322321 0.05825227435678244 0.05798225406557322 1.0353454626965686e-06
    18.0    
0.5275737047195435 0.9875046014785767 0.409781277179718 train 19.0 0.11695611122995615 0.05805869160220027 0.05785671293735504 1.2964718507646467e-06
    19.0    
0.5313815474510193 0.9631873965263367 0.4055953323841095 train 20.0 0.11668430611491204 0.0579337403178215 0.05775286059826613 1.3372369949138374e-06
    20.0    
0.5322421789169312 0.9413677453994751 0.40056782960891724 train 21.0 0.11658730637282133 0.057907275464385746 0.05772022891789675 1.5518143072767998e-06
    21.0    
0.533039391040802 0.9168484807014465 0.39515310525894165 train 22.0 0.1165186357498169 0.05786119159311056 0.057734029423445465 1.1675549558276543e-06
    22.0    
0.5349212884902954 0.8900089859962463 0.3888421356678009 train 23.0 0.11633693050593137 0.05779052492231131 0.057654276806861166 1.0479934644536115e-06
    23.0    
0.53380286693573 0.8658124804496765 0.38267627358436584 train 24.0 0.11619451243430376 0.05772271854802966 0.057611082457005976 1.6684792853993713e-06
    24.0    
0.5378089547157288 0.8416503667831421 0.3767147660255432 train 25.0 0.11630633614957332 0.05775815425440669 0.05771664960309863 1.2359803349681897e-06
    25.0    
0.5375004410743713 0.8211256861686707 0.3713464140892029 train 26.0 0.11586140315979719 0.05755240125581622 0.057509099077433345 1.435767785551434e-06
    26.0    
0.540141224861145 0.7990442514419556 0.3645075857639313 train 27.0 0.11563140455633401 0.05743370085954666 0.05742223620414734 1.1041319112337078e-06
    27.0    
0.5405640602111816 0.7760074138641357 0.3580888509750366 train 28.0 0.11552501913160086 0.05739987786859274 0.057371594309806824 1.6684327874827432e-06
    28.0    
0.5401128530502319 0.7568568587303162 0.35225123167037964 train 29.0 0.11589925564825534 0.057607887387275694 0.05755908073857427 1.4094412108534016e-06
    29.0    
0.5398600101470947 0.7386069297790527 0.3455929160118103 train 30.0 0.11575344804674387 0.057514941170811656 0.057522547952830794 1.617484372218314e-06
    30.0    
0.5432137846946716 0.7161452174186707 0.3388211131095886 train 31.0 0.1157075558975339 0.05748214801773429 0.05753037597984076 1.378027150167327e-06
    31.0    
0.541954755783081 0.6959157586097717 0.3323799967765808 train 32.0 0.11552433587610722 0.057395509108901024 0.05745357817038894 1.0250988680127193e-06
    32.0    
0.5450249910354614 0.6753920316696167 0.3255242109298706 train 33.0 0.11514937203377486 0.057205519489943985 0.05728652022778988 1.4732954696228262e-06
    33.0    
0.5439114570617676 0.6583846211433411 0.3197877109050751 train 34.0 0.11545614283531905 0.057360593043267724 0.05744979351758957 1.5697190747232526e-06
    34.0    
0.5469405651092529 0.6412508487701416 0.3133305013179779 train 35.0 0.11522343050688505 0.05725111020728946 0.05734338590875268 2.0966042484360514e-06
    35.0    
0.5457878112792969 0.6285408735275269 0.3088972270488739 train 36.0 0.11520506445318461 0.05721988070756197 0.05736751178279519 1.946536940522492e-06
    36.0    
0.5475893616676331 0.6110184192657471 0.3023751676082611 train 37.0 0.11519390184432268 0.05720526780933142 0.05738468701019883 1.567135086588678e-06
    37.0    
0.5485121607780457 0.5968005061149597 0.2975212633609772 train 38.0 0.11515156082808971 0.05721193540841341 0.05734183071181178 1.6980177406367147e-06
    38.0    
0.5488113760948181 0.5812744498252869 0.29126447439193726 train 39.0 0.115024249330163 0.05712621614336968 0.057316869180649516 2.118379370585899e-06
    39.0    
0.5499269962310791 0.5690131783485413 0.286631315946579 train 40.0 0.11482535481452942 0.05703865366056562 0.05721763260662556 1.4079990933169029e-06
    40.0    
0.5493391752243042 0.5566890835762024 0.2815980017185211 train 41.0 0.11507726073265076 0.05714764121919871 0.05736322453245521 2.627174808367272e-06
    41.0    
0.5516857504844666 0.5451995134353638 0.277078241109848 train 42.0 0.11496816042810679 0.057082137111574414 0.05732851956039667 2.7077546747023007e-06
    42.0    
0.5515333414077759 0.5332794785499573 0.27168089151382446 train 43.0 0.11483326707035303 0.05701384114101529 0.0572673911228776 2.1499495233001653e-06
    43.0    
0.5525110960006714 0.5228229761123657 0.26725107431411743 train 44.0 0.1146321688219905 0.05691122556105256 0.05718295309692621 1.7483170040577534e-06
    44.0    
0.554760217666626 0.5102124810218811 0.26206448674201965 train 45.0 0.11454422242939472 0.056854950375854967 0.05716419076547027 1.989782049349742e-06
    45.0    
0.5549789071083069 0.5003193020820618 0.25818461179733276 train 46.0 0.1144501944258809 0.056816097330302 0.05711616592481732 2.6867223823501263e-06
    46.0    
0.5535980463027954 0.4917618930339813 0.2541985809803009 train 47.0 0.11441031895577908 0.056802304554730655 0.0570890967361629 3.090449126830208e-06
    47.0    
0.5562862157821655 0.48121634125709534 0.2501963973045349 train 48.0 0.11468312587589026 0.05692317200824618 0.05724667064845562 1.8976173805640428e-06
    48.0    
0.5567476749420166 0.47121283411979675 0.24564442038536072 train 49.0 0.11458631586283445 0.05687429498881102 0.05720881547778845 2.7402668365539284e-06
    49.0    
0.5579260587692261 0.4601612389087677 0.24059481918811798 train 50.0 0.11431641470640898 0.05674277687445283 0.057076957188546655 3.0413154945563292e-06
    50.0    
0.5588617324829102 0.4526774287223816 0.2372831106185913 train 51.0 0.11451401617377996 0.056852124501019716 0.05716711204499006 3.0981918826000765e-06
    51.0    
0.5612826347351074 0.4441811442375183 0.2331017404794693 train 52.0 0.11438307635486127 0.05677820652723312 0.05711816081777215 2.7920712000195635e-06
    52.0    
0.5631765723228455 0.43621474504470825 0.2293901890516281 train 53.0 0.1140873097628355 0.056604027450084686 0.057006261162459854 2.9218099371064454e-06
    53.0    
0.562916100025177 0.4268323481082916 0.22534464299678802 train 54.0 0.11430438946932554 0.056739014014601706 0.05708881922066212 2.008736601055716e-06
    54.0    
0.5639529824256897 0.42011889815330505 0.22257567942142487 train 55.0 0.11424613915383816 0.05670298095792532 0.057070426233112814 3.964242296206066e-06
    55.0    
0.5645900964736938 0.4135299623012543 0.21877603232860565 train 56.0 0.11431755118072033 0.05672854371368885 0.05711992448195815 3.081582462982624e-06
    56.0    
0.5674281716346741 0.40521368384361267 0.21520957350730896 train 57.0 0.1140559971705079 0.05661685829982162 0.05697730293497443 2.2933174932404654e-06
    57.0    
0.5663504004478455 0.3986150026321411 0.2119741439819336 train 58.0 0.11398171257227659 0.05657297363504767 0.05694751931354403 2.149455895050778e-06
    58.0    
0.5675132870674133 0.3911464512348175 0.2084847241640091 train 59.0 0.11425378631800413 0.05669368887320161 0.05710359731689096 2.0865270471404074e-06
    59.0    
0.5683452486991882 0.3843556344509125 0.20511949062347412 train 60.0 0.11425432588905096 0.05670606119558215 0.05709242625162005 3.908045073330868e-06
    60.0    
0.5677089095115662 0.3775433897972107 0.20212824642658234 train 61.0 0.11395366679877043 0.056561589818447826 0.056941062808036805 2.5201545668096514e-06
    61.0    
0.5680183172225952 0.3714694082736969 0.1993836909532547 train 62.0 0.11414433602243662 0.05664145689457655 0.05705365577712655 2.70471991825616e-06
    62.0    
0.5708511471748352 0.36434799432754517 0.19568291306495667 train 63.0 0.11390930570662022 0.05651717564091086 0.056945445295423266 2.4184676021832274e-06
    63.0    
0.5702193379402161 0.3578641414642334 0.19259147346019745 train 64.0 0.11407597657293081 0.05659457551315427 0.05703545790165663 2.929942638729699e-06
    64.0    
0.5700365304946899 0.35225215554237366 0.18975551426410675 train 65.0 0.11422310274094344 0.05667748387902975 0.05710484502837062 3.052844931517029e-06
    65.0    
0.5721177458763123 0.34683486819267273 0.18760542571544647 train 66.0 0.11379605695605279 0.056458313819020986 0.05689969167113304 3.979594566771993e-06
    66.0    
0.5711556077003479 0.34276172518730164 0.18534566462039948 train 67.0 0.11410730823874474 0.05662009064108133 0.05704714074730873 3.3104158774222014e-06
    67.0    
0.571834921836853 0.33635416626930237 0.1820225566625595 train 68.0 0.11397304203361273 0.05653905166313052 0.05699794258922339 3.4212832815683214e-06
    68.0    
0.5735610127449036 0.33032748103141785 0.17934471368789673 train 69.0 0.11387542441487312 0.056492722518742086 0.05694562068209052 3.320058340250398e-06
    69.0    
0.5735198855400085 0.32613813877105713 0.17775113880634308 train 70.0 0.11405171889811755 0.05657477308064699 0.057048590071499344 3.7088409499119734e-06
    70.0    
0.5763393044471741 0.3208290636539459 0.17507204413414001 train 71.0 0.11390512574464083 0.0564679485373199 0.05701168591156602 3.7754275581391994e-06
    71.0    
0.575670599937439 0.31539681553840637 0.17222294211387634 train 72.0 0.11389537554234266 0.05648177744820714 0.05698939340189099 4.237494977132883e-06
    72.0    
0.5757399201393127 0.31017419695854187 0.16992248594760895 train 73.0 0.11403953909873962 0.05658416818827391 0.05702922351658344 4.204215201752959e-06
    73.0    
0.5760892629623413 0.3062276244163513 0.16795267164707184 train 74.0 0.1139837597310543 0.05652216099202633 0.057040041740983725 2.892904831242049e-06
    74.0    
0.5786979794502258 0.30145180225372314 0.1656908243894577 train 75.0 0.11367245007306337 0.056362947914749384 0.05689113583415747 3.1923409551382065e-06
    75.0    
0.5771936774253845 0.2981821596622467 0.16371789574623108 train 76.0 0.11416523925960063 0.05660573909059167 0.05714085951447487 2.8846079658251256e-06
    76.0    
0.5792039036750793 0.2931511700153351 0.16129359602928162 train 77.0 0.11394823551177978 0.05651962758973241 0.057013472523540255 4.645544777304167e-06
    77.0    
0.5784640312194824 0.29048094153404236 0.1600935459136963 train 78.0 0.11364092607051134 0.05637302801012993 0.0568545157276094 3.2181505957851186e-06
    78.0    
0.5807316303253174 0.2860352098941803 0.15797482430934906 train 79.0 0.11369109399616718 0.05639932399615646 0.05687947930768132 3.930907951144036e-06
    79.0    
0.5810007452964783 0.2823607921600342 0.1560215950012207 train 80.0 0.11361086305230855 0.05636041425168514 0.056840890012681486 4.053613338328432e-06
    80.0    
0.5810714364051819 0.27849331498146057 0.1545688956975937 train 81.0 0.11384612090885639 0.056465193796902895 0.056973289586603644 3.0029398203623714e-06
    81.0    
0.5809177756309509 0.27581748366355896 0.15343374013900757 train 82.0 0.11384248189628124 0.05647570276632905 0.0569575497508049 4.6515783651557285e-06
    82.0    
0.5801609754562378 0.2705948054790497 0.15057145059108734 train 83.0 0.11388801142573357 0.05645090473815799 0.05703016329556704 2.958611048597959e-06
    83.0    
0.5807234644889832 0.26869508624076843 0.15038003027439117 train 84.0 0.11401323758065701 0.05655198846012354 0.05705108126625419 3.1297283840103773e-06
    84.0    
0.5806954503059387 0.2663620710372925 0.1485937386751175 train 85.0 0.11389969374984503 0.056481372136622666 0.05700942438095808 2.6178749976679683e-06
    85.0    
0.5809951424598694 0.2616025507450104 0.1466362178325653 train 86.0 0.1138972719758749 0.056474814116954805 0.0570154214091599 3.6455555800785078e-06
    86.0    
0.5818057656288147 0.2599952220916748 0.14557699859142303 train 87.0 0.11364642072468996 0.05633238859474659 0.05690909555181861 2.809096031342051e-06
    87.0    
0.5810099840164185 0.255746066570282 0.14328955113887787 train 88.0 0.11378510467708111 0.05641020776703954 0.0569711546599865 4.577052550303051e-06
    88.0    
0.581707239151001 0.2530151605606079 0.14165137708187103 train 89.0 0.11400352403521538 0.056514391247183084 0.05708170358091593 3.000554215759621e-06
    89.0    
0.5812777280807495 0.2498323619365692 0.14063410460948944 train 90.0 0.11371895026415586 0.05638630772009492 0.05693122938275337 3.570869012037292e-06
    90.0    
0.583388090133667 0.24783194065093994 0.1397244781255722 train 91.0 0.11369279555976392 0.056380669865757224 0.056909710876643656 4.256218289810931e-06
    91.0    
0.5837199687957764 0.2453482449054718 0.13856476545333862 train 92.0 0.11366404008120298 0.05634983075782657 0.056916635055094957 3.8015587051631883e-06
    92.0    
0.5847432613372803 0.24135252833366394 0.1367420256137848 train 93.0 0.11351024188101291 0.056281606890261175 0.056834109760820865 3.7271245219017146e-06
    93.0    
0.5857638120651245 0.23981238901615143 0.13618819415569305 train 94.0 0.11358438525348902 0.05632469480857253 0.05686962895095348 2.796786930048256e-06
    94.0    
0.5830002427101135 0.2379332035779953 0.1343117505311966 train 95.0 0.11366248339414596 0.0563673379458487 0.05690269125625491 4.167994120507501e-06
    95.0    
0.5839614868164062 0.23584182560443878 0.13393841683864594 train 96.0 0.11345901809632779 0.0562706327624619 0.05679352290928364 2.385701691309805e-06
    96.0    
0.5854960083961487 0.23429104685783386 0.13249608874320984 train 97.0 0.11367810066789388 0.056350605189800264 0.05693501889705658 3.2919795103225624e-06
    97.0    
0.5851197242736816 0.23154178261756897 0.13200828433036804 train 98.0 0.11352185789495707 0.056281543355435136 0.05685299918055534 4.823668405151693e-06
    98.0    
0.5858519077301025 0.2299414873123169 0.13039804995059967 train 99.0 0.11380334097892046 0.056443400513380766 0.056970891002565624 3.1429904083779547e-06
    99.0    
