Corr-Diag Corr-Full Corr-Swap Data Epoch Loss MMD-Full MMD-Swap Mean
0.3509027361869812 1.151802659034729 0.4864736795425415 train 0.0 0.4122907601296902 0.20628521285951137 0.19392340376973152 5.25596369698178e-05
    0.0    
0.40121135115623474 0.7878864407539368 0.39325201511383057 train 1.0 0.3735682460665703 0.18496786370873453 0.1831825827807188 2.1843126887688413e-05
    1.0    
0.4000595211982727 0.6293807625770569 0.3408083915710449 train 2.0 0.36727338448166846 0.181492505595088 0.1818304380774498 1.1035517673008144e-05
    2.0    
0.39950183033943176 0.5652643442153931 0.3181677758693695 train 3.0 0.36346677169203756 0.17943919360637664 0.18064516626298427 7.334899237321224e-06
    3.0    
0.39552170038223267 0.504153847694397 0.3088694214820862 train 4.0 0.3622402223944664 0.17882135942578314 0.18036422155797482 4.749281288241036e-06
    4.0    
0.3846956491470337 0.4653536081314087 0.29921677708625793 train 5.0 0.3628807759284973 0.17912925623357295 0.1807955273985863 5.2189820962667e-06
    5.0    
0.37454578280448914 0.4461444020271301 0.2947503626346588 train 6.0 0.36275717586278916 0.17897255279123783 0.18092590436339379 4.46998592451564e-06
    6.0    
0.3649180233478546 0.4168679118156433 0.2966030538082123 train 7.0 0.3616243736445904 0.17837229304015637 0.18043441876769065 3.2618443128740182e-06
    7.0    
0.34720131754875183 0.397310733795166 0.29330989718437195 train 8.0 0.36117650359869 0.17809271045029162 0.18030174501240254 4.353990789240925e-06
    8.0    
0.3407227396965027 0.3876745402812958 0.2950616776943207 train 9.0 0.3614757496118546 0.17812235042452812 0.18060281045734883 3.786385377679835e-06
    9.0    
0.33748379349708557 0.3727053999900818 0.29155513644218445 train 10.0 0.36137827694416047 0.17805700585246087 0.18055639810860158 3.2659595490258653e-06
    10.0    
0.3206884264945984 0.3550431430339813 0.2896600663661957 train 11.0 0.36189015612006187 0.17835901379585267 0.1807746262103319 3.5276123071525944e-06
    11.0    
0.31565508246421814 0.35593724250793457 0.2947256565093994 train 12.0 0.36023654863238336 0.1774646856635809 0.18002155184745788 3.7705276554333977e-06
    12.0    
0.3080410659313202 0.3455665409564972 0.2891061305999756 train 13.0 0.3607104167342186 0.177698213160038 0.1802743223309517 2.706046643652371e-06
    13.0    
0.292829692363739 0.32780107855796814 0.2909958064556122 train 14.0 0.3604403218626976 0.17752066925168036 0.18018756300210953 2.8143319923401577e-06
    14.0    
0.29107198119163513 0.3266928791999817 0.28358644247055054 train 15.0 0.35943316757678984 0.17699489034712315 0.17970756009221078 4.699400506069651e-06
    15.0    
0.29314541816711426 0.33295828104019165 0.28564542531967163 train 16.0 0.3597345560789108 0.17712731957435607 0.17989594526588917 4.304311005398631e-06
    16.0    
0.28047123551368713 0.3119925856590271 0.2873336970806122 train 17.0 0.3592501433193684 0.17691574536263943 0.17962994009256364 4.477529273572145e-06
    17.0    
0.2737097144126892 0.3208676278591156 0.28353700041770935 train 18.0 0.35931676387786865 0.1769913760572672 0.1795974077284336 4.886082933808211e-06
    18.0    
0.27271631360054016 0.30765050649642944 0.28142213821411133 train 19.0 0.3595841035246849 0.17702939473092555 0.17980515785515308 2.705205361053231e-06
    19.0    
0.2688964903354645 0.2992126941680908 0.2748754322528839 train 20.0 0.35929264008998874 0.1769391965866089 0.17959538087248803 4.163441190030426e-06
    20.0    
0.265718013048172 0.29414495825767517 0.2722787857055664 train 21.0 0.3587508729100227 0.17656623773276806 0.17948952347040176 4.306194568926003e-06
    21.0    
0.2475280463695526 0.2960933744907379 0.2777538597583771 train 22.0 0.36030457928776743 0.17731041669845582 0.18019276946783067 2.982460955536226e-06
    22.0    
0.24143464863300323 0.29479536414146423 0.27733704447746277 train 23.0 0.359330940246582 0.17678800754249097 0.17975666485726832 3.12746487907134e-06
    23.0    
0.2491970658302307 0.2933601140975952 0.2736334204673767 train 24.0 0.3583173260092735 0.17632494650781155 0.1792082955688238 3.199552793375915e-06
    24.0    
0.23459632694721222 0.2872238755226135 0.2740401029586792 train 25.0 0.3592328107357025 0.17678859904408456 0.1796430867165327 3.125795046798885e-06
    25.0    
0.232122540473938 0.273823618888855 0.2751903235912323 train 26.0 0.35913442954421043 0.17665392719209194 0.17966109313070774 3.6626622659241548e-06
    26.0    
0.2378002256155014 0.28968754410743713 0.26884645223617554 train 27.0 0.3590699580311775 0.17669154532253742 0.17957579091191292 3.11175199385616e-06
    27.0    
0.2274775207042694 0.2707604765892029 0.2717580497264862 train 28.0 0.3584542459249496 0.17637993767857552 0.17931105248630047 2.943143954325933e-06
    28.0    
0.2167084664106369 0.2623942792415619 0.27017533779144287 train 29.0 0.3589645108580589 0.1766488003730774 0.17949159972369672 2.7399667033023434e-06
    29.0    
0.23037908971309662 0.2713077664375305 0.2636262774467468 train 30.0 0.35852718085050583 0.17642766989767553 0.1792938356846571 2.8768720312655205e-06
    30.0    
0.2255224585533142 0.27595099806785583 0.26576659083366394 train 31.0 0.3589802438020706 0.17660214565694332 0.1795810143649578 2.9377658847806742e-06
    31.0    
0.22486694157123566 0.27922746539115906 0.2660212218761444 train 32.0 0.3586013326048851 0.1764505136013031 0.179321381226182 3.250472218496725e-06
    32.0    
0.21892105042934418 0.26642197370529175 0.2584947347640991 train 33.0 0.35838610529899595 0.17636971913278102 0.17920007020235063 2.238616161776008e-06
    33.0    
0.2136864960193634 0.2728569805622101 0.2687210440635681 train 34.0 0.35839847013354303 0.17629902593791485 0.17923038974404334 2.758401933533605e-06
    34.0    
0.21575678884983063 0.26875075697898865 0.26522621512413025 train 35.0 0.35855636790394785 0.17636712819337844 0.17933375567197798 4.4380572035152e-06
    35.0    
0.2001582384109497 0.26018157601356506 0.2691554129123688 train 36.0 0.35894420340657235 0.17651899501681328 0.17958891458809376 2.696737283258699e-06
    36.0    
0.1979292333126068 0.24787333607673645 0.26250261068344116 train 37.0 0.35880221366882326 0.17650590784847736 0.1793870721012354 3.0798910302110016e-06
    37.0    
0.20055851340293884 0.2582390606403351 0.26495587825775146 train 38.0 0.3576986013352871 0.1759202705323696 0.17889760285615922 2.763130169114447e-06
    38.0    
0.19279645383358002 0.2537408173084259 0.26046663522720337 train 39.0 0.35884805470705033 0.17653538189828397 0.17939999371767043 3.9671654121775646e-06
    39.0    
0.1944742351770401 0.25932827591896057 0.2589333951473236 train 40.0 0.35740177378058435 0.1758003167808056 0.17873092971742152 3.6865319543721853e-06
    40.0    
0.19330434501171112 0.24993395805358887 0.2564283311367035 train 41.0 0.35701363369822503 0.17563129298388958 0.17850888304412366 2.829711547747138e-06
    41.0    
0.18869425356388092 0.24822618067264557 0.2591739296913147 train 42.0 0.35755265414714815 0.1758707559853792 0.17880837611854075 3.210807790310355e-06
    42.0    
0.187552809715271 0.25067469477653503 0.25766944885253906 train 43.0 0.35820735737681386 0.17626013912260532 0.17903554171323777 4.0214740693045314e-06
    43.0    
0.18436571955680847 0.24327398836612701 0.2594704031944275 train 44.0 0.35742166951298715 0.17578690707683564 0.1787430890649557 3.4811637306120247e-06
    44.0    
0.18208983540534973 0.2413560152053833 0.25315529108047485 train 45.0 0.3577368295192718 0.17598496556282042 0.17879806086421013 3.928604201064445e-06
    45.0    
0.1715281754732132 0.23486429452896118 0.2607709765434265 train 46.0 0.35825041085481646 0.1761766866594553 0.17913730055093766 2.6114262254850473e-06
    46.0    
0.16922447085380554 0.2304391860961914 0.2554147243499756 train 47.0 0.35839823782444 0.17629073321819305 0.17911300353705883 3.1071733701537596e-06
    47.0    
0.17453445494174957 0.25046879053115845 0.2554488182067871 train 48.0 0.3574588814377785 0.175866439640522 0.1786030536144972 3.174138782924274e-06
    48.0    
0.17234960198402405 0.2503673732280731 0.25415000319480896 train 49.0 0.3579796329140663 0.17595921523869038 0.1790510033071041 3.714173772095819e-06
    49.0    
0.16381843388080597 0.23963475227355957 0.25423216819763184 train 50.0 0.3579491136968136 0.17605912819504738 0.17887914925813675 3.328265165691846e-06
    50.0    
0.16524411737918854 0.24092374742031097 0.2505650818347931 train 51.0 0.3583880999684334 0.17624890714883804 0.17911880493164062 3.4867687190853758e-06
    51.0    
0.1620350033044815 0.2393307387828827 0.25377723574638367 train 52.0 0.35785860523581503 0.17589223749935626 0.17893373668193818 4.207732672512066e-06
    52.0    
0.16103197634220123 0.2260534018278122 0.24689188599586487 train 53.0 0.3574568872153759 0.17571652717888356 0.17874574460089207 3.456490048847627e-06
    53.0    
0.16176261007785797 0.21800604462623596 0.24702613055706024 train 54.0 0.35809940963983533 0.17604187548160552 0.17905229471623899 5.3464691518456675e-06
    54.0    
0.16734839975833893 0.22916649281978607 0.24456383287906647 train 55.0 0.3572091352939606 0.17565665178000928 0.17860336728394033 3.884061243297765e-06
    55.0    
0.15751740336418152 0.22498609125614166 0.247791588306427 train 56.0 0.35814269110560415 0.1761286073923111 0.1790108236670494 3.5591515370470006e-06
    56.0    
0.15275034308433533 0.23753052949905396 0.25685274600982666 train 57.0 0.35781678959727287 0.17591835528612138 0.17889592662453652 3.355751232447801e-06
    57.0    
0.16517792642116547 0.23775754868984222 0.25133708119392395 train 58.0 0.3572516745328903 0.17565626420080663 0.1786109386384487 3.922401901945705e-06
    58.0    
0.1550956815481186 0.2259887158870697 0.24891597032546997 train 59.0 0.35738696351647375 0.17571502476930617 0.17867380738258362 4.4743915168510284e-06
    59.0    
0.15717290341854095 0.22405491769313812 0.24234503507614136 train 60.0 0.3567771944403648 0.17534208565950393 0.17846159875392914 2.1925011424173135e-06
    60.0    
0.1544712334871292 0.21672992408275604 0.24628333747386932 train 61.0 0.35728233724832537 0.17570058040320874 0.1785965635627508 2.9822519991284935e-06
    61.0    
0.1537994146347046 0.223157599568367 0.24297194182872772 train 62.0 0.35694931104779243 0.17543454729020597 0.1785786183923483 2.563476300565526e-06
    62.0    
0.15689295530319214 0.22939951717853546 0.24390265345573425 train 63.0 0.3573189076781273 0.17573525965213777 0.17860298849642275 3.006332008226309e-06
    63.0    
0.16344387829303741 0.23044364154338837 0.24106666445732117 train 64.0 0.3570347763597965 0.17559568040072918 0.17844802737236024 3.5724485769605963e-06
    64.0    
0.1512981653213501 0.2219632863998413 0.246684730052948 train 65.0 0.3569356706738472 0.17546506479382515 0.17848064839839936 3.2152722724276828e-06
    65.0    
0.14955228567123413 0.22672520577907562 0.24180099368095398 train 66.0 0.357324411123991 0.17569877535104753 0.17860974490642548 2.3723951017018408e-06
    66.0    
0.14906136691570282 0.21841518580913544 0.241370290517807 train 67.0 0.35720914736390114 0.1755623658746481 0.178667955622077 4.147397703491151e-06
    67.0    
0.13581523299217224 0.23080886900424957 0.24573799967765808 train 68.0 0.3578833571076393 0.17588198609650135 0.17896294534206392 3.856415787595324e-06
    68.0    
0.15114687383174896 0.23546801507472992 0.24043330550193787 train 69.0 0.35701836287975314 0.17550353832542898 0.1784797627478838 4.406488187669311e-06
    69.0    
0.14960426092147827 0.21807441115379333 0.23940154910087585 train 70.0 0.35697272658348084 0.1754708283394575 0.17851003348827363 3.0016194614290725e-06
    70.0    
0.14868640899658203 0.2280464917421341 0.24550704658031464 train 71.0 0.35759473726153373 0.17576273508369922 0.17884706795215607 3.845581431960454e-06
    71.0    
0.15403281152248383 0.230967715382576 0.24378658831119537 train 72.0 0.35727453023195266 0.17560778848826886 0.17864220075309276 3.0600485843024217e-06
    72.0    
0.1431489735841751 0.22611050307750702 0.24154604971408844 train 73.0 0.3563183358311653 0.17518755950033665 0.17813933223485948 3.7864087971684057e-06
    73.0    
0.1470501869916916 0.235657200217247 0.24530205130577087 train 74.0 0.3567769519984722 0.17535966023802757 0.17837843708693982 3.883344106725417e-06
    74.0    
0.13869646191596985 0.218183696269989 0.23931369185447693 train 75.0 0.35718340173363683 0.17562568232417106 0.17852503478527068 4.0459344745613635e-06
    75.0    
0.13896319270133972 0.2399221509695053 0.24877633154392242 train 76.0 0.3570239147543907 0.17553228192031384 0.1784171722829342 3.284719923613011e-06
    76.0    
0.13239094614982605 0.2342815399169922 0.24226172268390656 train 77.0 0.35756788074970247 0.1757713633030653 0.17869378611445427 3.071121682296507e-06
    77.0    
0.13590854406356812 0.21982041001319885 0.23583905398845673 train 78.0 0.35684941813349724 0.1753591503202915 0.1784232982248068 2.620130544528365e-06
    78.0    
0.12910862267017365 0.22890351712703705 0.24223962426185608 train 79.0 0.35778957083821294 0.1758377677947283 0.17884222589433194 4.7479584281973075e-06
    79.0    
0.12878327071666718 0.21637390553951263 0.2436506450176239 train 80.0 0.35767255812883375 0.17580233566462994 0.17876530408859254 4.098277258890448e-06
    80.0    
0.13941021263599396 0.22307626903057098 0.24458907544612885 train 81.0 0.35683667004108427 0.17531232871115207 0.17844436913728715 3.883127192239044e-06
    81.0    
0.13745711743831635 0.23326149582862854 0.24009282886981964 train 82.0 0.35605164781212806 0.1749519781768322 0.17803327560424806 2.174712335545337e-06
    82.0    
0.14103901386260986 0.23258168995380402 0.2371392697095871 train 83.0 0.3567566567659378 0.17543998472392558 0.17825681932270526 3.46468414136325e-06
    83.0    
0.13137568533420563 0.2269160896539688 0.24180305004119873 train 84.0 0.3569647717475891 0.17537587642669678 0.1785227181017399 3.204709400961292e-06
    84.0    
0.13367676734924316 0.21972894668579102 0.23941996693611145 train 85.0 0.35742114022374155 0.17565276816487313 0.17871757730841636 3.2343377824872732e-06
    85.0    
0.13543078303337097 0.21853642165660858 0.24146082997322083 train 86.0 0.3575818756222725 0.17568979106843471 0.17882036924362182 3.1634169772587484e-06
    86.0    
0.13262444734573364 0.22063815593719482 0.24197301268577576 train 87.0 0.35719221472740176 0.17555476307868959 0.1785846458375454 3.4326733384659747e-06
    87.0    
0.13478492200374603 0.2124558538198471 0.23893684148788452 train 88.0 0.35643726974725726 0.17513458639383317 0.17826257772743703 2.7654152745526517e-06
    88.0    
0.14277741312980652 0.23319992423057556 0.23882445693016052 train 89.0 0.35600884214043615 0.17497122719883917 0.17800993494689465 2.5700292098918e-06
    89.0    
0.14463119208812714 0.22981804609298706 0.2360292375087738 train 90.0 0.3560472816228867 0.17502537690103054 0.17798683516681194 2.8470908546296414e-06
    90.0    
0.1371317207813263 0.22821953892707825 0.23664097487926483 train 91.0 0.35678317278623584 0.17529406055808067 0.17844351939857006 3.42553016707825e-06
    91.0    
0.14013881981372833 0.22009381651878357 0.24129292368888855 train 92.0 0.357088637650013 0.17555728159844874 0.17847483806312084 2.4005171326280106e-06
    92.0    
0.13172955811023712 0.22538797557353973 0.2380838394165039 train 93.0 0.3573220896720886 0.1755920934677124 0.17868068598210812 3.0609432997152908e-06
    93.0    
0.1290782392024994 0.22127746045589447 0.24316924810409546 train 94.0 0.35758747309446337 0.17570149458944798 0.17879207365214825 3.612111868278589e-06
    94.0    
0.13047966361045837 0.20995141565799713 0.2325124740600586 train 95.0 0.35677637338638307 0.1753322373330593 0.17836769551038742 2.9767559226456797e-06
    95.0    
0.13070885837078094 0.2165180891752243 0.2398393452167511 train 96.0 0.35695152714848516 0.17545184828341007 0.178421011865139 3.150436668875045e-06
    96.0    
0.12822461128234863 0.21708904206752777 0.240276038646698 train 97.0 0.35643510684370994 0.17512514933943749 0.17826942302286625 2.6134250674658688e-06
    97.0    
0.12690794467926025 0.2115830034017563 0.23412315547466278 train 98.0 0.3579396264255047 0.17584131635725497 0.17897739239037036 2.8311483220022637e-06
    98.0    
0.13106077909469604 0.21317505836486816 0.23819826543331146 train 99.0 0.3570173878967762 0.17549673184752465 0.17843256056308746 2.798162086037337e-06
    99.0    
