Corr-Diag Corr-Full Corr-Swap Data Epoch Loss MMD-Full MMD-Swap Mean
0.17172391712665558 1.310183048248291 0.6532052159309387 train 0.0 0.39832050919532774 0.19819579914212226 0.18948429450392723 3.7186000554356724e-05
    0.0    
0.18763861060142517 1.0679597854614258 0.6093127727508545 train 1.0 0.36517895430326464 0.18010831832885743 0.1803519694507122 2.930319715233054e-05
    1.0    
0.18440282344818115 0.9935009479522705 0.5898032188415527 train 2.0 0.3622653485834599 0.17837664507329465 0.18015543028712272 2.7607346055447124e-05
    2.0    
0.18743158876895905 0.9581224918365479 0.5886461734771729 train 3.0 0.36034690111875534 0.17753309100866319 0.17946132257580757 2.2970638383412734e-05
    3.0    
0.19033850729465485 0.94999098777771 0.5821890830993652 train 4.0 0.3595838588476181 0.17708076395094394 0.17935523375868798 2.1179173927521333e-05
    4.0    
0.17511452734470367 0.9388977289199829 0.57891446352005 train 5.0 0.35904778346419336 0.17677194252610207 0.17922577805817128 1.925053402374033e-05
    5.0    
0.17304645478725433 0.954657793045044 0.5815999507904053 train 6.0 0.35919267892837525 0.17678938791155815 0.17940982975065708 2.051545561698731e-05
    6.0    
0.17241831123828888 0.9796439409255981 0.5897082686424255 train 7.0 0.35823641836643216 0.17640073150396346 0.17885950587689878 1.786080247256905e-05
    7.0    
0.15596112608909607 0.9390137195587158 0.5864681005477905 train 8.0 0.3580117855966091 0.17614879414439202 0.17893264017999172 1.5491288650082424e-05
    8.0    
0.1416599005460739 0.9500468373298645 0.5828242301940918 train 9.0 0.358828691393137 0.17657275728881358 0.1792851185798645 1.5051683476485778e-05
    9.0    
0.14692793786525726 0.9562445282936096 0.5823454856872559 train 10.0 0.35690018743276597 0.1755276157706976 0.1784431305527687 1.556595816509798e-05
    10.0    
0.13399486243724823 0.9560638666152954 0.5844306945800781 train 11.0 0.3569589491188526 0.1756383277475834 0.17840434409677983 1.4955718143028207e-05
    11.0    
0.13400109112262726 0.9589239358901978 0.5852274894714355 train 12.0 0.35670413076877594 0.17549271643161773 0.17830111674964427 1.5453157175215892e-05
    12.0    
0.11597421765327454 0.9466075897216797 0.5878644585609436 train 13.0 0.35694063410162924 0.1755369318276644 0.17847824774682522 1.4288651982496958e-05
    13.0    
0.11479814350605011 0.9474748969078064 0.5877622365951538 train 14.0 0.3558744877576828 0.17497457407414913 0.17798335313796998 1.5273637473001145e-05
    14.0    
0.10495121777057648 0.9351632595062256 0.5922188758850098 train 15.0 0.35654530957341196 0.17521300874650478 0.17837210811674595 1.4565661331289448e-05
    15.0    
0.09922344982624054 0.9572373628616333 0.5843479633331299 train 16.0 0.3562955090403557 0.17513289742171764 0.17824532844126226 1.1751772035495378e-05
    16.0    
0.08988306671380997 0.934887170791626 0.5868542790412903 train 17.0 0.3573650272190571 0.17564512595534323 0.17873055949807168 1.2119066013838165e-05
    17.0    
0.08647527545690536 0.9418479800224304 0.5860239267349243 train 18.0 0.355172855257988 0.17447580888867378 0.17777308389544488 1.1248761438764632e-05
    18.0    
0.08211381733417511 0.9618719220161438 0.5877089500427246 train 19.0 0.3548670847713947 0.17442550279200078 0.17750971265137194 1.1130504390166607e-05
    19.0    
0.07333267480134964 0.9665865898132324 0.5747109651565552 train 20.0 0.35572586610913276 0.17474737636744975 0.1780549854785204 1.1635946975729894e-05
    20.0    
0.07850448787212372 0.9681733846664429 0.5902862548828125 train 21.0 0.35568164616823195 0.17478792607784271 0.17794036842882632 1.0345902410335839e-05
    21.0    
0.06778831034898758 0.9607585072517395 0.5848520398139954 train 22.0 0.3550186091661453 0.17443423114717008 0.17765158265829087 9.671645784692373e-06
    22.0    
0.06343847513198853 0.9724892377853394 0.5830665230751038 train 23.0 0.35489439889788627 0.1743847645819187 0.17756637215614318 1.0316574844182469e-05
    23.0    
0.06328904628753662 0.9769228100776672 0.583469033241272 train 24.0 0.35497176095843314 0.17431565880775451 0.1777373033761978 9.814766599447466e-06
    24.0    
0.05520718917250633 0.9948098659515381 0.59160315990448 train 25.0 0.35566724941134453 0.1747540158778429 0.17793498814105987 9.524085726297926e-06
    25.0    
0.054593417793512344 0.9941461086273193 0.5819671750068665 train 26.0 0.3548459489643574 0.17419770084321498 0.1777282863855362 8.46476814331254e-06
    26.0    
0.049330826848745346 1.0198968648910522 0.5791298747062683 train 27.0 0.3548507136106491 0.17430123224854469 0.17757339909672737 9.010421308630612e-06
    27.0    
0.04128541052341461 0.9993554353713989 0.5798400044441223 train 28.0 0.3544391275942326 0.17405270174145698 0.17743684358894826 8.362600055988878e-06
    28.0    
0.043202925473451614 1.010478138923645 0.5819898247718811 train 29.0 0.3547009079158306 0.17417152889072895 0.17756183579564094 8.069296200119425e-06
    29.0    
0.04129708185791969 1.0462292432785034 0.5858849883079529 train 30.0 0.35377954453229904 0.17372053451836109 0.1771167752146721 7.037982413748978e-06
    30.0    
0.030580010265111923 1.029036045074463 0.5793128609657288 train 31.0 0.3542544662952423 0.1739058082550764 0.17738455973565578 7.192518296506023e-06
    31.0    
0.03226837143301964 1.065598726272583 0.5860481858253479 train 32.0 0.35365907579660416 0.17365774512290955 0.17706216134130956 7.724007446086034e-06
    32.0    
0.038517776876688004 1.0501846075057983 0.5788012742996216 train 33.0 0.35405505627393724 0.17377702221274377 0.17731546498835088 7.092011401255149e-06
    33.0    
0.021572472527623177 1.0774950981140137 0.5720342993736267 train 34.0 0.35455623239278794 0.17402892582118512 0.17754429206252098 7.954575266921893e-06
    34.0    
0.023224227130413055 1.0938012599945068 0.5800383687019348 train 35.0 0.35386022955179214 0.17368988811969757 0.1771779315173626 7.027432729955763e-06
    35.0    
0.01567656733095646 1.0966787338256836 0.5809564590454102 train 36.0 0.35333351880311964 0.17341103792190551 0.17695174142718315 5.760713975178078e-06
    36.0    
0.02370532974600792 1.0950146913528442 0.5801789164543152 train 37.0 0.35421461910009383 0.17386652246117593 0.1773516572266817 6.900301286805188e-06
    37.0    
0.01923030987381935 1.1306935548782349 0.5812568068504333 train 38.0 0.353686690479517 0.17351635932922363 0.17719340600073338 6.227556241356069e-06
    38.0    
0.019154516980051994 1.124204158782959 0.5778524875640869 train 39.0 0.35365566343069077 0.17346300289034844 0.1771880879253149 6.467359980888432e-06
    39.0    
0.023751063272356987 1.1336743831634521 0.5800055265426636 train 40.0 0.3533008663356304 0.17333185203373433 0.17700984962284566 6.825438504165504e-06
    40.0    
0.016228053718805313 1.1228069067001343 0.5868467688560486 train 41.0 0.35333957329392435 0.1734810923039913 0.1769170182198286 5.655067980114836e-06
    41.0    
0.01266317255795002 1.1367977857589722 0.5854395627975464 train 42.0 0.35306175515055654 0.17330319605767727 0.1767789103090763 6.805870270909509e-06
    42.0    
0.01942913606762886 1.1748921871185303 0.578234851360321 train 43.0 0.35348249435424806 0.17347167737782002 0.17701432205736636 6.325592494249577e-06
    43.0    
0.015602377243340015 1.1903117895126343 0.5869991183280945 train 44.0 0.35339913532137873 0.17343661025166512 0.17696342885494232 5.994411367282737e-06
    44.0    
0.012513598427176476 1.1743942499160767 0.5777726769447327 train 45.0 0.35349451094865797 0.1734541367739439 0.1770465537160635 5.126888027007226e-06
    45.0    
0.015399737283587456 1.179893136024475 0.5846244096755981 train 46.0 0.35319368198513984 0.17328603275120258 0.17690582893788814 5.271519967209315e-06
    46.0    
0.015770135447382927 1.186762809753418 0.5792624354362488 train 47.0 0.3532072891294956 0.17323029473423956 0.17697402253746986 5.640073595714057e-06
    47.0    
0.006822953466325998 1.21931791305542 0.5826839804649353 train 48.0 0.3533771155774593 0.17328725919127463 0.1770853367447853 5.296301878843224e-06
    48.0    
0.01093252282589674 1.1920244693756104 0.5873040556907654 train 49.0 0.3537970560789108 0.17354831419885158 0.17722450077533722 5.25256245964556e-06
    49.0    
0.01100138109177351 1.2229487895965576 0.5799292325973511 train 50.0 0.35333050847053526 0.17325647123157978 0.17706095598638058 5.556995802180609e-06
    50.0    
0.010839373804628849 1.2299129962921143 0.5832724571228027 train 51.0 0.3532600225508213 0.1732111890614033 0.17701923713088036 4.558022737910505e-06
    51.0    
0.01216681208461523 1.2265218496322632 0.590129554271698 train 52.0 0.3526259692013264 0.17294130243360997 0.17668635837733745 5.549604793486651e-06
    52.0    
0.012589982710778713 1.2427119016647339 0.5874347686767578 train 53.0 0.35325571030378344 0.17333684653043746 0.17689220905303954 5.236485776549671e-06
    53.0    
0.00576989259570837 1.225812315940857 0.58720463514328 train 54.0 0.3540259750187397 0.17358603172004222 0.1773763643205166 4.734178219223395e-06
    54.0    
0.007777003105729818 1.246984601020813 0.5877900123596191 train 55.0 0.35403544500470163 0.17357261285185813 0.17741567596793176 4.775896286446368e-06
    55.0    
0.0030176325235515833 1.270572543144226 0.586073100566864 train 56.0 0.3534595040977001 0.17330321297049522 0.17711112707853316 4.4049352254660334e-06
    56.0    
0.005738146603107452 1.2733691930770874 0.5831254124641418 train 57.0 0.3539694134891033 0.17359348237514496 0.17732122726738453 5.095119831821648e-06
    57.0    
0.0031293651554733515 1.2396847009658813 0.5792614817619324 train 58.0 0.35369218796491625 0.1733718939870596 0.17730004847049713 4.902586169919232e-06
    58.0    
0.006193049252033234 1.2748403549194336 0.5789143443107605 train 59.0 0.3538432888686657 0.1735083296149969 0.1772709370404482 5.286190571496263e-06
    59.0    
0.004714067094027996 1.282466173171997 0.5823603868484497 train 60.0 0.3535700713098049 0.1734705624729395 0.17706218421459197 4.829742465517484e-06
    60.0    
0.002400703728199005 1.2591978311538696 0.5796216130256653 train 61.0 0.3535295130312443 0.17336715146899223 0.17711161121726035 4.62718662674888e-06
    61.0    
0.005503825843334198 1.2919498682022095 0.5871102213859558 train 62.0 0.3530043217539787 0.1731128829717636 0.17686253011226655 3.889299478032626e-06
    62.0    
0.006219496950507164 1.2741197347640991 0.5867130160331726 train 63.0 0.3531577894091606 0.17314023673534393 0.17699657760560514 4.6763070713495836e-06
    63.0    
0.008539186790585518 1.2836687564849854 0.5840120315551758 train 64.0 0.3528410479426384 0.17293844513595105 0.17689259499311447 4.111295311304275e-06
    64.0    
0.004950712900608778 1.306139349937439 0.5928090810775757 train 65.0 0.35296131938695907 0.1731011026352644 0.176853811070323 4.5169153963797726e-06
    65.0    
0.008272023871541023 1.3121795654296875 0.5847912430763245 train 66.0 0.353583637624979 0.1732567236572504 0.17731465727090837 4.436354629433481e-06
    66.0    
0.006569195538759232 1.288158655166626 0.5886023044586182 train 67.0 0.3540259109437466 0.17355555921792984 0.1774325294047594 3.984099294029875e-06
    67.0    
0.011579169891774654 1.3229641914367676 0.5836678743362427 train 68.0 0.35252129659056664 0.17282393649220468 0.17670340731739997 5.2548798521456774e-06
    68.0    
0.00952526181936264 1.3097254037857056 0.5830740332603455 train 69.0 0.35240798845887183 0.1728461445122957 0.17654288493096829 4.0746203922026325e-06
    69.0    
0.0060336836613714695 1.3221150636672974 0.5875420570373535 train 70.0 0.35324248418211934 0.1731841353327036 0.17703987419605255 4.632093805412296e-06
    70.0    
0.004281179513782263 1.3128230571746826 0.5841846466064453 train 71.0 0.353181536346674 0.17315478026866912 0.17698674768209458 4.33771128882654e-06
    71.0    
0.007258239667862654 1.33525550365448 0.5891947150230408 train 72.0 0.3530844768881798 0.17310755096375943 0.17695702910423278 4.692009497375693e-06
    72.0    
0.010429838672280312 1.3536109924316406 0.5964710712432861 train 73.0 0.35235273391008376 0.17269405096769333 0.1766409757733345 4.685281055571977e-06
    73.0    
0.008574591018259525 1.3585515022277832 0.5785036087036133 train 74.0 0.3531093557178974 0.17319158479571342 0.176883834451437 3.571314664441161e-06
    74.0    
0.007966692559421062 1.322082281112671 0.5863662362098694 train 75.0 0.353294281065464 0.1732830861955881 0.17696869149804115 3.173307732140529e-06
    75.0    
0.007440710905939341 1.3317348957061768 0.5829473733901978 train 76.0 0.3529817999899387 0.1730027276277542 0.1769545531272888 4.3455243030621205e-06
    76.0    
0.0028704688884317875 1.3344053030014038 0.5850697755813599 train 77.0 0.3533445879817009 0.17335307285189627 0.1769696643203497 3.827453383564716e-06
    77.0    
0.011707781814038754 1.3012789487838745 0.5861581563949585 train 78.0 0.3527256716787815 0.1728415359556675 0.17686489276587963 3.547056394381798e-06
    78.0    
0.010948785580694675 1.359279751777649 0.590559184551239 train 79.0 0.35265578016638754 0.17292005099356175 0.17672426670789718 3.6300066312833223e-06
    79.0    
0.013488516211509705 1.3122237920761108 0.5872392058372498 train 80.0 0.3525917372107506 0.17291968137025834 0.17668631486594677 4.033394361613318e-06
    80.0    
0.009961247444152832 1.3250144720077515 0.5846837162971497 train 81.0 0.3533506366610527 0.17319701954722405 0.17714282535016537 4.169601197645534e-06
    81.0    
0.006036425940692425 1.3537408113479614 0.5864263772964478 train 82.0 0.3526614628732204 0.1729638185352087 0.176714581027627 4.616609203367261e-06
    82.0    
0.008853163570165634 1.361335039138794 0.5931669473648071 train 83.0 0.3535397246479988 0.17328816048800946 0.17721112243831158 5.288902229949599e-06
    83.0    
0.010252764448523521 1.352393388748169 0.5884613394737244 train 84.0 0.35319415628910067 0.17308249160647393 0.17707691133022307 5.45978991794982e-06
    84.0    
0.005625428631901741 1.357855200767517 0.587914228439331 train 85.0 0.35279205039143563 0.17293861858546733 0.17682570837438105 4.6729787754884455e-06
    85.0    
0.007989322766661644 1.3557090759277344 0.588702380657196 train 86.0 0.3531692519783974 0.1732032123953104 0.17695321209728718 4.759404873766471e-06
    86.0    
0.003783014602959156 1.3425638675689697 0.5889660716056824 train 87.0 0.35316088393330575 0.17320872947573662 0.17694280110299587 3.7636052638845285e-06
    87.0    
0.006748821120709181 1.3971216678619385 0.5948923230171204 train 88.0 0.3526730525493622 0.17286384500563146 0.17679035991430284 3.6519975310511654e-06
    88.0    
0.010979783721268177 1.3258215188980103 0.5898644924163818 train 89.0 0.3531397432088852 0.17318344056606294 0.17694186210632323 3.0217163384804735e-06
    89.0    
0.002857390558347106 1.353533387184143 0.5901602506637573 train 90.0 0.3529185196757317 0.17301408715546132 0.17689350984990596 3.849509084830061e-06
    90.0    
0.010500133037567139 1.3663647174835205 0.5951107740402222 train 91.0 0.35329863607883455 0.17322067722678183 0.17704776659607888 3.473081278571044e-06
    91.0    
0.006682886276394129 1.3654937744140625 0.5905395746231079 train 92.0 0.35334034755825994 0.17322917953133582 0.17704698845744132 4.128483396925731e-06
    92.0    
0.007316311355680227 1.3758318424224854 0.5957209467887878 train 93.0 0.352867466211319 0.1729716707020998 0.17683372884988785 3.1160398066276684e-06
    93.0    
0.008027778007090092 1.3437690734863281 0.5849769115447998 train 94.0 0.35223872631788256 0.17265820130705833 0.17659048609435557 4.18137733504409e-06
    94.0    
0.009364902041852474 1.3690811395645142 0.5848016738891602 train 95.0 0.35303871929645536 0.17312204845249654 0.17686085641384125 4.264305516699096e-06
    95.0    
0.012493225745856762 1.3720965385437012 0.5927401781082153 train 96.0 0.35374582260847093 0.17335401110351087 0.17735410280525685 4.509824066190049e-06
    96.0    
0.007303114980459213 1.3650376796722412 0.5955065488815308 train 97.0 0.3530297788977623 0.17315219804644585 0.17683130875229836 3.7727247672592057e-06
    97.0    
0.006439411547034979 1.358878493309021 0.5971654653549194 train 98.0 0.3524137434363365 0.17271722055971622 0.1766661748290062 4.4074981815356296e-06
    98.0    
0.005700721405446529 1.3683675527572632 0.5959320068359375 train 99.0 0.35289408653974536 0.1730355802923441 0.17681882470846177 5.082561983726919e-06
    99.0    
