Corr-Diag Corr-Full Corr-Swap Data Epoch Loss MMD-Full MMD-Swap Mean
0.2147950381040573 1.7721467018127441 0.5923359394073486 train 0.0 0.26369929052889346 0.13915372785180807 0.11176499672234058 1.701841210888233e-05
    0.0    
0.2627795934677124 1.4521600008010864 0.5357948541641235 train 1.0 0.14433810658752919 0.07276377577334642 0.06811239743605256 6.931188636372099e-06
    1.0    
0.27940815687179565 1.2667622566223145 0.5073177814483643 train 2.0 0.131684108376503 0.06545209880918264 0.06386034972965718 6.5807398641481996e-06
    2.0    
0.2869628965854645 1.1424880027770996 0.4893295168876648 train 3.0 0.12685718636959792 0.06287911409512162 0.062027393151074646 4.356833414931316e-06
    3.0    
0.2915307581424713 1.0699180364608765 0.47867250442504883 train 4.0 0.12391536097973585 0.06138937948271632 0.060830464530736206 4.341401563578984e-06
    4.0    
0.29444029927253723 1.0092766284942627 0.4679759740829468 train 5.0 0.1226340252906084 0.06075268790125847 0.06035951893776655 5.135907485964708e-06
    5.0    
0.29395464062690735 0.9779669046401978 0.46064311265945435 train 6.0 0.12121141374111176 0.06003819778561592 0.05979231033474207 3.686134732561186e-06
    6.0    
0.2931289076805115 0.953344464302063 0.45144808292388916 train 7.0 0.12044956102967262 0.05968736911192536 0.059484582897275685 4.85800137539627e-06
    7.0    
0.29395171999931335 0.9271092414855957 0.4476568400859833 train 8.0 0.12001817777752877 0.05950001584365964 0.059325763508677486 3.4405836686346447e-06
    8.0    
0.29042693972587585 0.9158556461334229 0.44181227684020996 train 9.0 0.11940078224986791 0.05920279074460268 0.05908615622669458 3.833776190731442e-06
    9.0    
0.29019221663475037 0.9049661755561829 0.4379073977470398 train 10.0 0.11869278628379107 0.058885863721370696 0.05876185338944197 2.4789501367195044e-06
    10.0    
0.28888842463493347 0.9021912217140198 0.43301382660865784 train 11.0 0.11835955955088139 0.0587631206586957 0.05860096117481589 3.460807874944294e-06
    11.0    
0.2901313304901123 0.8968062996864319 0.43085673451423645 train 12.0 0.11807304423302412 0.0586581252515316 0.05846082573756575 4.106087544641923e-06
    12.0    
0.2882164716720581 0.8969371318817139 0.4312422573566437 train 13.0 0.11821295872330666 0.05871352639049292 0.05858308479189873 3.4011206935247174e-06
    13.0    
0.28769388794898987 0.8967370986938477 0.4252479672431946 train 14.0 0.11809658318758011 0.058670936599373814 0.0585470805130899 2.0310308173066005e-06
    14.0    
0.28646159172058105 0.9018927812576294 0.4237065613269806 train 15.0 0.1176516118273139 0.05845619775354862 0.058345995470881463 1.9301940028526587e-06
    15.0    
0.2865651845932007 0.9022637009620667 0.42451098561286926 train 16.0 0.11774830695241689 0.05852584972977638 0.05839626889675856 2.5130404992523836e-06
    16.0    
0.28801196813583374 0.9064169526100159 0.42186206579208374 train 17.0 0.1176545174792409 0.05847143718972802 0.0583767750300467 3.618701612140285e-06
    17.0    
0.28594285249710083 0.9129512906074524 0.41993099451065063 train 18.0 0.11770663246512413 0.05849598582834006 0.058423856645822524 2.8935842237842735e-06
    18.0    
0.28739362955093384 0.9228480458259583 0.4192442297935486 train 19.0 0.11731726501137019 0.0583265489526093 0.05822083381935954 3.2438904327136697e-06
    19.0    
0.2892519533634186 0.9316288232803345 0.4186984598636627 train 20.0 0.117497888058424 0.05840563891455531 0.05834047874435783 2.9565669592557242e-06
    20.0    
0.28885605931282043 0.9335945844650269 0.4172247052192688 train 21.0 0.11750393629074096 0.05841165330260992 0.05835452461615205 2.3192239950731164e-06
    21.0    
0.2870848774909973 0.9382649064064026 0.4209941625595093 train 22.0 0.11738229852169751 0.0583549072034657 0.05830604873597622 3.182067985108006e-06
    22.0    
0.28741663694381714 0.9521848559379578 0.41925740242004395 train 23.0 0.1170600675791502 0.058224787674844264 0.058122431449592116 4.5274859985511284e-06
    23.0    
0.2888230085372925 0.9647180438041687 0.42182764410972595 train 24.0 0.11702345918864011 0.058183247968554494 0.05814250119030476 2.371306209170143e-06
    24.0    
0.289992094039917 0.9641484022140503 0.42335256934165955 train 25.0 0.11687497910112142 0.05812072137370706 0.05806491883471608 2.964610530398204e-06
    25.0    
0.287057489156723 0.989665150642395 0.42577481269836426 train 26.0 0.11695513822138309 0.05816997848451137 0.058107194304466245 2.8517185910459375e-06
    26.0    
0.2881491780281067 0.9924331307411194 0.4271972179412842 train 27.0 0.11698968168348074 0.0581889658793807 0.05813206240534782 3.3730957511579618e-06
    27.0    
0.2846822440624237 1.00581955909729 0.4282354712486267 train 28.0 0.11696074832230806 0.05815550163388252 0.05814511116594076 2.4740181743254652e-06
    28.0    
0.2867235541343689 1.013765811920166 0.43181511759757996 train 29.0 0.11679354667663575 0.05806797467172146 0.058072308879345655 2.8076779017283116e-06
    29.0    
0.2852317988872528 1.0245227813720703 0.43288812041282654 train 30.0 0.1167605397850275 0.058065882809460165 0.058050219640135764 3.1273609693016624e-06
    30.0    
0.28364941477775574 1.0417953729629517 0.43442052602767944 train 31.0 0.11708915915340184 0.05824278112500906 0.05820469632744789 1.698692699392268e-06
    31.0    
0.28281542658805847 1.0486489534378052 0.43458840250968933 train 32.0 0.11691343881189824 0.05815296532586217 0.05812590328976512 2.4274936549772974e-06
    32.0    
0.2818765938282013 1.0615872144699097 0.4375859200954437 train 33.0 0.1168935253098607 0.05812611162662506 0.05814097966998816 2.4125754407577915e-06
    33.0    
0.2806239128112793 1.0739002227783203 0.43853259086608887 train 34.0 0.116456344909966 0.05790837058797479 0.05792652910575271 2.9899499622842995e-06
    34.0    
0.2809455692768097 1.0872894525527954 0.4440878927707672 train 35.0 0.1165181577578187 0.057962669245898726 0.05793903416022658 1.7230535149792559e-06
    35.0    
0.2795265018939972 1.1117926836013794 0.4458221197128296 train 36.0 0.11644552070647478 0.05791580529883504 0.05791641911491752 1.9831243207590887e-06
    36.0    
0.27708062529563904 1.1213903427124023 0.4484463334083557 train 37.0 0.11672776646912097 0.05805532436817885 0.05806304333731532 2.634502379805781e-06
    37.0    
0.27731627225875854 1.1454919576644897 0.4511692225933075 train 38.0 0.11628155406564473 0.05784149058163166 0.0578325492143631 2.3647812668059487e-06
    38.0    
0.27761319279670715 1.1620365381240845 0.4522082805633545 train 39.0 0.11633321158587932 0.057854021470993756 0.05787712179124355 2.939159003290115e-06
    39.0    
0.276265412569046 1.1828690767288208 0.45632311701774597 train 40.0 0.11637369241565466 0.057894603349268436 0.057878561727702615 2.9639847980433842e-06
    40.0    
0.2753801941871643 1.2140171527862549 0.4609798789024353 train 41.0 0.11664867144078016 0.0579839582182467 0.05806636694818735 2.836456360455486e-06
    41.0    
0.2736620604991913 1.2403637170791626 0.46519771218299866 train 42.0 0.11610687874257565 0.057760116811841726 0.0577492237277329 2.8061926968803164e-06
    42.0    
0.27314046025276184 1.264419436454773 0.4684911072254181 train 43.0 0.11617763455957174 0.05778066948056221 0.05780346259474754 3.195420276824734e-06
    43.0    
0.27318447828292847 1.292618751525879 0.4723767340183258 train 44.0 0.11619547344744205 0.05777084534987807 0.05783392395824194 2.3705313196842326e-06
    44.0    
0.2715045213699341 1.3089958429336548 0.4737604856491089 train 45.0 0.11620907988399268 0.057794469613581895 0.05782606266438961 2.931833023467334e-06
    45.0    
0.27169519662857056 1.3414705991744995 0.48013824224472046 train 46.0 0.11620876960456371 0.05778756085783243 0.05783392306417227 2.3959207737789256e-06
    46.0    
0.27271130681037903 1.3665622472763062 0.47998517751693726 train 47.0 0.11603155840188265 0.0577002689987421 0.05774604646489024 3.505755103105912e-06
    47.0    
0.26912355422973633 1.4073231220245361 0.48417577147483826 train 48.0 0.11629250925034285 0.05783060340210795 0.05787811422720551 2.102773350998177e-06
    48.0    
0.26727479696273804 1.4314384460449219 0.4839954078197479 train 49.0 0.11605872921645641 0.057710412275046113 0.05776411153376102 4.574580998450983e-06
    49.0    
0.2660827338695526 1.4649901390075684 0.4873102307319641 train 50.0 0.11584967091679572 0.05760278740897775 0.05766940662637353 1.858509108387807e-06
    50.0    
0.2653145492076874 1.5067685842514038 0.493358314037323 train 51.0 0.11606217931956053 0.05769803801551461 0.057788493633270266 2.0698569187516114e-06
    51.0    
0.26568135619163513 1.5436135530471802 0.49627143144607544 train 52.0 0.11599503740668297 0.05766983702778816 0.05774908510968089 2.1289492906362284e-06
    52.0    
0.2637147307395935 1.5722076892852783 0.4986131489276886 train 53.0 0.11620312266051769 0.05775549311190844 0.05787297764793038 2.2075660126574803e-06
    53.0    
0.2618035078048706 1.6129984855651855 0.5025193095207214 train 54.0 0.11614899802953005 0.0577245051600039 0.057851985692977906 3.053279897358152e-06
    54.0    
0.25809574127197266 1.6441649198532104 0.5009229183197021 train 55.0 0.11613734573125839 0.05770943386480212 0.05785738311707973 2.0833413145737723e-06
    55.0    
0.2581569254398346 1.675715446472168 0.5066256523132324 train 56.0 0.11581788413226604 0.057548756320029495 0.05770114919170737 3.6644094052462606e-06
    56.0    
0.2569539248943329 1.7091648578643799 0.5030874609947205 train 57.0 0.115732128508389 0.05752481710165739 0.05764287920668721 1.9879405499523273e-06
    57.0    
0.2560480535030365 1.738457441329956 0.506932258605957 train 58.0 0.11578036557883024 0.05755723284557462 0.05766142023727298 2.7892383513972163e-06
    58.0    
0.2558452785015106 1.7608758211135864 0.5075199604034424 train 59.0 0.11582713466137648 0.057563330568373205 0.05770010031759739 2.6096574856637744e-06
    59.0    
0.2549102008342743 1.7982563972473145 0.5063836574554443 train 60.0 0.11602299574762583 0.057660595960915086 0.05780040426179767 1.9029729401154327e-06
    60.0    
0.2542513906955719 1.8242504596710205 0.5095824003219604 train 61.0 0.11562886256724596 0.05745977813377976 0.0576133375428617 2.7315361421642592e-06
    61.0    
0.25336945056915283 1.8569564819335938 0.512683093547821 train 62.0 0.11570005796849728 0.05748339531943202 0.057660775892436504 2.6970869839715306e-06
    62.0    
0.25134992599487305 1.8796203136444092 0.510367751121521 train 63.0 0.11572074133902788 0.05747519813477993 0.05769159268587828 3.0066446470300434e-06
    63.0    
0.25099217891693115 1.9121143817901611 0.5140941143035889 train 64.0 0.11570708908140659 0.05748589744791389 0.05766963053494692 2.508685383872944e-06
    64.0    
0.24951530992984772 1.9278864860534668 0.5145696997642517 train 65.0 0.11574536230415106 0.0574938553571701 0.05769953317940235 2.1050061604910297e-06
    65.0    
0.24779251217842102 1.9485284090042114 0.512000322341919 train 66.0 0.11574363440275193 0.057510276511311534 0.05768298458307981 2.705294036786654e-06
    66.0    
0.24669605493545532 1.962632656097412 0.5124853253364563 train 67.0 0.11569665092974901 0.05749454088509083 0.05765192687511444 1.9750029878196074e-06
    67.0    
0.24656131863594055 1.9722282886505127 0.5103602409362793 train 68.0 0.11551548268646002 0.05737675370648503 0.057593177817761895 3.532740947775892e-06
    68.0    
0.2477428913116455 1.986663818359375 0.5114880800247192 train 69.0 0.1156247353926301 0.05743852157145739 0.05763751903548837 2.0997633782826597e-06
    69.0    
0.24484561383724213 2.001344919204712 0.5113258361816406 train 70.0 0.11547360833734274 0.05733066204935312 0.05759846916422248 2.82110204352648e-06
    70.0    
0.24574533104896545 2.0165152549743652 0.5167219638824463 train 71.0 0.11574516180902719 0.057496119383722545 0.057703880835324524 3.0850599159748526e-06
    71.0    
0.24270905554294586 2.0229809284210205 0.5129250884056091 train 72.0 0.11562277052551508 0.05745116360485554 0.05762877320870757 3.580952352422173e-06
    72.0    
0.2434442937374115 2.0399770736694336 0.5154286026954651 train 73.0 0.11542116407305002 0.05733423745259643 0.05754413099959493 3.341790716149262e-06
    73.0    
0.24289600551128387 2.0413706302642822 0.5152188539505005 train 74.0 0.1155675546824932 0.057402545753866434 0.05762547655031085 1.8373141301708529e-06
    74.0    
0.24317553639411926 2.041720390319824 0.5137373208999634 train 75.0 0.11547692108899354 0.05735470071434975 0.05758128395304084 2.6554325813776813e-06
    75.0    
0.24381288886070251 2.0524542331695557 0.5161054134368896 train 76.0 0.11541313130408526 0.0573284825310111 0.057545142527669665 3.4089346172549995e-06
    76.0    
0.24247899651527405 2.0512046813964844 0.5142268538475037 train 77.0 0.11523070305585861 0.05721685903146863 0.05747714148834348 2.593806812001276e-06
    77.0    
0.24190868437290192 2.058807373046875 0.515088677406311 train 78.0 0.11535041846334934 0.05729359144344926 0.05751825794577599 2.599434310468496e-06
    78.0    
0.24286162853240967 2.0569491386413574 0.5162046551704407 train 79.0 0.11529604267328977 0.05727637387812137 0.05748085100203752 1.7674904029263416e-06
    79.0    
0.24176767468452454 2.063265323638916 0.5149597525596619 train 80.0 0.1156406282633543 0.05741494862362742 0.05768656849861145 2.113072469001054e-06
    80.0    
0.24065932631492615 2.058680534362793 0.5122994184494019 train 81.0 0.11550758071243764 0.057376519069075586 0.05759105920791626 3.3616486234677723e-06
    81.0    
0.24041739106178284 2.0606398582458496 0.5165340304374695 train 82.0 0.11563190195709466 0.05742629123851657 0.05766506753861904 2.927140258179861e-06
    82.0    
0.23938217759132385 2.0609726905822754 0.5179651379585266 train 83.0 0.11554984472692013 0.057391274943947794 0.05761785984039307 2.9210837055870797e-06
    83.0    
0.238030344247818 2.054647207260132 0.511737585067749 train 84.0 0.11549175877124071 0.057363431826233865 0.05759057536721229 3.1133731681620702e-06
    84.0    
0.23889313638210297 2.049478530883789 0.514528214931488 train 85.0 0.11573262497782708 0.05747580796480179 0.05771578131243586 2.5555088996043196e-06
    85.0    
0.2399248331785202 2.038705348968506 0.5146214365959167 train 86.0 0.11521253149956465 0.05719486681744456 0.057482935823500156 3.919447408406995e-06
    86.0    
0.240742027759552 2.041210412979126 0.5170979499816895 train 87.0 0.11571203593164682 0.057437593005597594 0.05773791499435901 3.285421144028078e-06
    87.0    
0.2400137484073639 2.0353400707244873 0.5134466290473938 train 88.0 0.11546946816146374 0.057298677396029236 0.057636966779828075 2.663552095327759e-06
    88.0    
0.23987451195716858 2.030160665512085 0.5141959190368652 train 89.0 0.11555456824600696 0.05738860715180635 0.05762981317937374 2.840617753463448e-06
    89.0    
0.24150273203849792 2.027693033218384 0.5162277221679688 train 90.0 0.11515255942940712 0.05718602161854505 0.05743461588397622 3.0635067105322378e-06
    90.0    
0.2418641895055771 2.0192930698394775 0.5134100317955017 train 91.0 0.11538141082972288 0.057313849460333584 0.05753621436655521 2.576278120614006e-06
    91.0    
0.23954921960830688 2.0083107948303223 0.5122101306915283 train 92.0 0.11552815265953541 0.05736214285716414 0.0576357919536531 1.8891286117650452e-06
    92.0    
0.24014268815517426 2.0121569633483887 0.5138243436813354 train 93.0 0.11529656503349543 0.05724452817812562 0.05751847665756941 3.9955834836291615e-06
    93.0    
0.24000026285648346 2.000483274459839 0.5114883184432983 train 94.0 0.11530763316899538 0.05725478691980243 0.057520718406885864 3.6743003875017166e-06
    94.0    
0.23920364677906036 2.0024242401123047 0.5145199298858643 train 95.0 0.11544081933796406 0.0572968833707273 0.05761265615001321 1.6551848602830432e-06
    95.0    
0.240758016705513 1.9953924417495728 0.5104859471321106 train 96.0 0.11540258761495352 0.057284009866416456 0.05758686186745763 2.281983825014322e-06
    96.0    
0.23910601437091827 1.9920039176940918 0.5089026689529419 train 97.0 0.11531251326203346 0.05725252922624349 0.05753155294805765 1.9397195956116775e-06
    97.0    
0.2406313568353653 1.9892812967300415 0.5171423554420471 train 98.0 0.11528129991143941 0.057210561390966176 0.05754046007990837 1.6080356317615951e-06
    98.0    
0.23937378823757172 1.980345368385315 0.50636225938797 train 99.0 0.11525455668568611 0.057216457147151234 0.057507172040641305 2.80910057881556e-06
    99.0    
