Corr-Diag Corr-Full Corr-Swap Data Epoch Loss MMD-Full MMD-Swap Mean
0.19899393618106842 1.3462307453155518 0.6565739512443542 train 0.0 0.40104895070195196 0.1995713134109974 0.19012103907763958 4.138692747801542e-05
    0.0    
0.2293000966310501 1.0807926654815674 0.583656370639801 train 1.0 0.368851071447134 0.18208565726876258 0.18156831786036493 3.4692278859438375e-05
    1.0    
0.25206783413887024 1.0123239755630493 0.5632956027984619 train 2.0 0.3626149933040142 0.17882912322878838 0.17989593327045442 2.5680288672447205e-05
    2.0    
0.2577189803123474 0.984828531742096 0.5544668436050415 train 3.0 0.3619167858362198 0.17835038341581821 0.1800541641563177 2.3795233573764563e-05
    3.0    
0.24586820602416992 0.9695506691932678 0.5411083698272705 train 4.0 0.36014847218990326 0.1774694539606571 0.17936766780912877 1.9715496819117106e-05
    4.0    
0.25640881061553955 0.9698516726493835 0.528908371925354 train 5.0 0.3595969894528389 0.17715382389724255 0.1792326819896698 1.6779149518697523e-05
    5.0    
0.25308457016944885 0.9835299849510193 0.5357781648635864 train 6.0 0.359342188835144 0.1771106492727995 0.17910383813083172 1.5568482922390103e-05
    6.0    
0.23901525139808655 0.986328125 0.5404580235481262 train 7.0 0.3590237292647362 0.17682679377496244 0.17908924147486688 1.5424373486894183e-05
    7.0    
0.23725728690624237 1.0065828561782837 0.5322207808494568 train 8.0 0.35883959382772446 0.1766388101130724 0.1790940421819687 1.3074852176941931e-05
    8.0    
0.23973217606544495 1.0159977674484253 0.532974123954773 train 9.0 0.3589177952706814 0.17676127456128599 0.17907612793147565 1.204853742819978e-05
    9.0    
0.23009315133094788 0.9934778213500977 0.5276976227760315 train 10.0 0.358888638317585 0.17668366692960263 0.17912718877196313 1.1870931302837562e-05
    10.0    
0.22564955055713654 1.0318057537078857 0.5351893901824951 train 11.0 0.3580908015370369 0.17625841088593006 0.17878911554813384 1.0177954209211748e-05
    11.0    
0.2242370992898941 1.0323971509933472 0.5282323956489563 train 12.0 0.35815623551607134 0.1762544835358858 0.17884025156497954 8.628593604953494e-06
    12.0    
0.21791359782218933 1.0588476657867432 0.5345531702041626 train 13.0 0.35830499276518823 0.17642761498689652 0.17882767274975778 9.040723853104282e-06
    13.0    
0.21865440905094147 1.0554043054580688 0.5247420072555542 train 14.0 0.3577661672234535 0.1760991495102644 0.17865017004311085 8.284382602141704e-06
    14.0    
0.2184716761112213 1.0869464874267578 0.5257635116577148 train 15.0 0.35797117203474044 0.17615680165588857 0.1788204511255026 8.713717761565931e-06
    15.0    
0.21242521703243256 1.0917267799377441 0.5333697199821472 train 16.0 0.3571466726064682 0.17575923033058644 0.17835887975990772 7.884234037192073e-06
    16.0    
0.21360258758068085 1.1044986248016357 0.5315797328948975 train 17.0 0.3577855978906155 0.17607015788555144 0.1786950087547302 7.702129551034886e-06
    17.0    
0.2071615606546402 1.1208224296569824 0.5273382663726807 train 18.0 0.3567277118563652 0.17553406879305838 0.17816946975886822 7.4641611718107015e-06
    18.0    
0.21114444732666016 1.1489673852920532 0.5299302339553833 train 19.0 0.3573983360826969 0.1758550024777651 0.17852247335016727 7.175699465733487e-06
    19.0    
0.2054959237575531 1.1375802755355835 0.5328638553619385 train 20.0 0.3570776903629303 0.17575565621256828 0.1783139581233263 6.308440788416192e-06
    20.0    
0.20551735162734985 1.1530647277832031 0.5172690749168396 train 21.0 0.3568488876521587 0.17563771925866603 0.17820252284407614 6.207238129718462e-06
    21.0    
0.20145843923091888 1.1425902843475342 0.5279025435447693 train 22.0 0.35687149316072464 0.17556244112551211 0.1782849372923374 5.6053208936646115e-06
    22.0    
0.20404614508152008 1.1753716468811035 0.5273350477218628 train 23.0 0.35599923208355905 0.17514923855662345 0.1778206203877926 5.813988082081778e-06
    23.0    
0.1971694380044937 1.186093807220459 0.5194087624549866 train 24.0 0.3561651779711246 0.17523616090416907 0.17790914863348006 5.540840447793016e-06
    24.0    
0.19574493169784546 1.165337085723877 0.5210456252098083 train 25.0 0.35665765807032584 0.17548758946359158 0.17811828315258027 5.627625341730891e-06
    25.0    
0.19046032428741455 1.1905717849731445 0.5235824584960938 train 26.0 0.35632869601249695 0.17531286507844926 0.1779291908442974 5.63728463021107e-06
    26.0    
0.18749313056468964 1.1807500123977661 0.5216923952102661 train 27.0 0.3555035789310932 0.17491256698966026 0.17756217405200003 4.7523240027658176e-06
    27.0    
0.1914316564798355 1.192949652671814 0.5268353223800659 train 28.0 0.355589944422245 0.17496344678103923 0.17759916335344314 4.914862529403763e-06
    28.0    
0.18527792394161224 1.2044610977172852 0.5190275311470032 train 29.0 0.35598271191120145 0.17511372096836567 0.1778258042782545 5.285242423269665e-06
    29.0    
0.18620780110359192 1.2015430927276611 0.5185195803642273 train 30.0 0.35614364564418793 0.175171342715621 0.17793016754090785 5.795371180283837e-06
    30.0    
0.18997181951999664 1.2284923791885376 0.5236660242080688 train 31.0 0.35682528853416445 0.17549989245831965 0.1782405013591051 4.984918177797226e-06
    31.0    
0.18770232796669006 1.2012394666671753 0.5211683511734009 train 32.0 0.3567535969614983 0.1754699523001909 0.17816009104251862 4.355923465482192e-06
    32.0    
0.18145154416561127 1.2083873748779297 0.5266271233558655 train 33.0 0.35624496728181837 0.17510340921580791 0.17801315002143384 4.1910070649464615e-06
    33.0    
0.17333877086639404 1.236424207687378 0.532694399356842 train 34.0 0.35590155214071273 0.17500259645283223 0.17778616949915885 5.195218818698777e-06
    34.0    
0.18295978009700775 1.2387361526489258 0.5294795632362366 train 35.0 0.3545967195928097 0.17444488316774368 0.17704706728458405 5.108537607156904e-06
    35.0    
0.176786869764328 1.2456135749816895 0.530062735080719 train 36.0 0.3563963043689728 0.17520011439919472 0.17803469479084014 4.138616986892885e-06
    36.0    
0.17259785532951355 1.2157443761825562 0.5224819183349609 train 37.0 0.3561917743086815 0.17507270373404027 0.17796095691621303 4.566475126921432e-06
    37.0    
0.1779872328042984 1.2571910619735718 0.5288166403770447 train 38.0 0.3554655307531357 0.17473054252564907 0.17756235651671887 4.97784094477538e-06
    38.0    
0.17927604913711548 1.2589548826217651 0.5301563143730164 train 39.0 0.35408813789486887 0.17404354363679886 0.17696451477706432 3.847408606816316e-06
    39.0    
0.1757175475358963 1.2482799291610718 0.5291754603385925 train 40.0 0.35462264642119407 0.17432743161916733 0.17719775564968587 3.1391052743856562e-06
    40.0    
0.17500700056552887 1.2531764507293701 0.5269119739532471 train 41.0 0.35621257960796354 0.17506057217717172 0.1780052312463522 5.136336312716594e-06
    41.0    
0.16695451736450195 1.2613976001739502 0.5191214680671692 train 42.0 0.35602853670716283 0.17501098796725273 0.17783891208469868 3.984169325121911e-06
    42.0    
0.17223139107227325 1.2797437906265259 0.5292582511901855 train 43.0 0.35569841012358666 0.17479694120585917 0.1776790763437748 5.054247139923973e-06
    43.0    
0.16528168320655823 1.2944014072418213 0.5208866000175476 train 44.0 0.3558560657501221 0.17489910952746868 0.1777807066589594 3.8999364733172115e-06
    44.0    
0.16926366090774536 1.2770668268203735 0.5266860723495483 train 45.0 0.3548008681833744 0.17429740339517594 0.17730417512357236 3.2469481539010303e-06
    45.0    
0.17028559744358063 1.2776933908462524 0.5349718928337097 train 46.0 0.3559365449845791 0.17491264395415784 0.17782534085214138 4.1677399167383555e-06
    46.0    
0.1709291785955429 1.2625420093536377 0.5253671407699585 train 47.0 0.35460010781884194 0.1742980369925499 0.17712031468749045 3.491516054054955e-06
    47.0    
0.16654326021671295 1.2865089178085327 0.5258834362030029 train 48.0 0.35527692407369615 0.17458788715302945 0.17749158777296542 3.2710127015889157e-06
    48.0    
0.1689339578151703 1.26820707321167 0.5211684107780457 train 49.0 0.3554760646820068 0.17469135239720346 0.1775885847210884 3.7134122976567596e-06
    49.0    
0.16858422756195068 1.2619367837905884 0.5235145688056946 train 50.0 0.3548973444104195 0.17437881000339986 0.17731636308133603 3.803071876973263e-06
    50.0    
0.16895580291748047 1.2709652185440063 0.5294154286384583 train 51.0 0.35434697970747947 0.1741458324342966 0.17703989528119565 3.7880370200582547e-06
    51.0    
0.16740183532238007 1.2547359466552734 0.5228314399719238 train 52.0 0.3555282984673977 0.17468747548758984 0.17766752593219282 4.182021257292945e-06
    52.0    
0.1737571656703949 1.2924171686172485 0.530653178691864 train 53.0 0.35434015810489655 0.1740612468868494 0.17711866341531277 3.888491391990101e-06
    53.0    
0.17130428552627563 1.280118703842163 0.52571040391922 train 54.0 0.35506981998682025 0.1745166740566492 0.1773787857592106 3.897459464496933e-06
    54.0    
0.17008505761623383 1.276923418045044 0.5297809839248657 train 55.0 0.3550070467591286 0.17453290097415447 0.17729450099170208 2.9988482310727704e-06
    55.0    
0.1679791659116745 1.2842127084732056 0.5261756181716919 train 56.0 0.3557902248203754 0.174723976328969 0.17789404429495334 4.0246181924885605e-06
    56.0    
0.16659130156040192 1.2813775539398193 0.5302149057388306 train 57.0 0.3548470589518547 0.17437174536287783 0.1773069803416729 3.936033863283228e-06
    57.0    
0.16516931354999542 1.2838706970214844 0.5329771637916565 train 58.0 0.3548587572574615 0.17433154374361037 0.17735787011682988 4.651955805456964e-06
    58.0    
0.16134850680828094 1.267501711845398 0.5298745036125183 train 59.0 0.3551729317009449 0.17450129553675653 0.1774906378239393 4.4139110286778305e-06
    59.0    
0.16527563333511353 1.2733688354492188 0.5341759920120239 train 60.0 0.3550321574509144 0.17439543649554254 0.1774375293403864 3.555810735633713e-06
    60.0    
0.16844326257705688 1.282173752784729 0.5352306365966797 train 61.0 0.3548256504535675 0.17432966716587545 0.177285892739892 4.174147761659697e-06
    61.0    
0.16886992752552032 1.2878241539001465 0.5276519060134888 train 62.0 0.3546146522462368 0.1742354655265808 0.17717583417892457 3.1415681860380573e-06
    62.0    
0.16945424675941467 1.294771432876587 0.536171019077301 train 63.0 0.3549230732023716 0.1744224240630865 0.17725266873836518 3.541930709616281e-06
    63.0    
0.16665203869342804 1.3005248308181763 0.5328060984611511 train 64.0 0.3542802682518959 0.17406011268496513 0.17700557954609394 4.270573754183715e-06
    64.0    
0.16493162512779236 1.2892173528671265 0.5348314642906189 train 65.0 0.35510001361370086 0.17439256124198438 0.1774496141076088 2.9953896500956034e-06
    65.0    
0.16486261785030365 1.2832547426223755 0.5237561464309692 train 66.0 0.3551840096712112 0.17440907314419746 0.17755589596927165 2.222968987553031e-06
    66.0    
0.1652432382106781 1.293439269065857 0.5325387120246887 train 67.0 0.35410939022898674 0.17392527654767037 0.17693911634385587 3.2827072118379874e-06
    67.0    
0.15916156768798828 1.281760334968567 0.5296438336372375 train 68.0 0.3550660054385662 0.17436199806630612 0.177481005564332 3.5193691019230755e-06
    68.0    
0.17539186775684357 1.2970002889633179 0.5301657319068909 train 69.0 0.3529851680994034 0.1733842744678259 0.17645293660461903 3.0744297419005306e-06
    69.0    
0.17363928258419037 1.2939529418945312 0.535148024559021 train 70.0 0.35525651425123217 0.17458576701581477 0.1774541148543358 2.9991392693773378e-06
    70.0    
0.171533465385437 1.3128141164779663 0.5358328223228455 train 71.0 0.3548931403458118 0.17433299966156482 0.17733682833611966 4.23021401729784e-06
    71.0    
0.16802965104579926 1.3076565265655518 0.5350072979927063 train 72.0 0.35478010833263396 0.1742938695847988 0.17726965323090554 2.988598453157465e-06
    72.0    
0.15939117968082428 1.30527663230896 0.5386343002319336 train 73.0 0.35505385980010035 0.17448329411447047 0.1773075945675373 3.026718331966549e-06
    73.0    
0.16517724096775055 1.2915996313095093 0.5344058275222778 train 74.0 0.35415223345160485 0.1739382680505514 0.17700842633843422 2.8974645829293877e-06
    74.0    
0.16200871765613556 1.326918125152588 0.5352110862731934 train 75.0 0.3544634157419205 0.17413456812500955 0.17711177915334703 2.9478524083970115e-06
    75.0    
0.1689663529396057 1.2975006103515625 0.5343547463417053 train 76.0 0.3552146506309509 0.17453397996723652 0.1774476110935211 3.137595967928064e-06
    76.0    
0.16721825301647186 1.330838680267334 0.5410922169685364 train 77.0 0.35449825987219813 0.17411052525043488 0.1771976013481617 3.2730245038692374e-06
    77.0    
0.1649233102798462 1.3237087726593018 0.5366017818450928 train 78.0 0.35511032342910764 0.17443250752985479 0.17743611350655555 3.2576297144260025e-06
    78.0    
0.161959707736969 1.299407958984375 0.5371483564376831 train 79.0 0.35500607416033747 0.17435098618268965 0.1774262285977602 3.3215394523722352e-06
    79.0    
0.16470730304718018 1.3083741664886475 0.5346442461013794 train 80.0 0.3544952629506588 0.17412484891712665 0.1771247360110283 3.201594608981395e-06
    80.0    
0.1668226569890976 1.3039214611053467 0.5387622714042664 train 81.0 0.354085214138031 0.17394046075642108 0.1769316604733467 3.7815225368831307e-06
    81.0    
0.16416148841381073 1.3062653541564941 0.5364370346069336 train 82.0 0.35452515468001367 0.17414926379919052 0.1771424537152052 3.272964704592596e-06
    82.0    
0.15504027903079987 1.3164677619934082 0.5378164052963257 train 83.0 0.3557184424996376 0.17461954936385155 0.17786314755678176 2.4751618639129447e-06
    83.0    
0.16443483531475067 1.3116687536239624 0.5381181240081787 train 84.0 0.3543261237442493 0.17395168006420136 0.17715950250625612 2.8559732072608313e-06
    84.0    
0.16118410229682922 1.3087927103042603 0.5377218127250671 train 85.0 0.3545681267976761 0.1741763325035572 0.17714303381741048 2.9940722470200853e-06
    85.0    
0.16363941133022308 1.3121346235275269 0.5378532409667969 train 86.0 0.35531243190169337 0.17450098037719727 0.17752841502428054 3.528487695803051e-06
    86.0    
0.16071929037570953 1.3031848669052124 0.5443791747093201 train 87.0 0.3542962697148323 0.17402546249330045 0.17702116146683694 3.294804400866269e-06
    87.0    
0.1593211442232132 1.298948049545288 0.5355111956596375 train 88.0 0.35442810639739036 0.17415571659803392 0.1770147779583931 2.8518436465674313e-06
    88.0    
0.16274844110012054 1.2929695844650269 0.54079270362854 train 89.0 0.3546889950335026 0.1742234318703413 0.17720916487276553 2.1258517790556652e-06
    89.0    
0.1641305685043335 1.327997088432312 0.5385335087776184 train 90.0 0.3546335296332836 0.1741925360262394 0.17718559756875038 3.2487082535226364e-06
    90.0    
0.16326402127742767 1.3135271072387695 0.5404320955276489 train 91.0 0.3545136940479279 0.1740625384449959 0.1772244732826948 2.7849832804349717e-06
    91.0    
0.16131547093391418 1.332759141921997 0.5401278734207153 train 92.0 0.3547078017890453 0.174239215105772 0.17722894325852395 3.4898746434919303e-06
    92.0    
0.1632234752178192 1.294966459274292 0.5396329164505005 train 93.0 0.3543635502457619 0.17403449460864068 0.17710395596921444 2.6017096388386562e-06
    93.0    
0.1599636673927307 1.305870771408081 0.5393705368041992 train 94.0 0.3556566455960274 0.1745993997901678 0.17779696092009545 3.819488028966589e-06
    94.0    
0.1612909436225891 1.3061822652816772 0.5469357967376709 train 95.0 0.35541822761297226 0.1746099680662155 0.1775801320374012 2.4309133550559636e-06
    95.0    
0.16330808401107788 1.3083304166793823 0.5380973219871521 train 96.0 0.3548633907735348 0.17429587475955485 0.17731609947979451 2.4619723717478337e-06
    96.0    
0.15792624652385712 1.2951346635818481 0.5379156470298767 train 97.0 0.3549592572450638 0.17438032992184163 0.17729143872857095 3.871496573992772e-06
    97.0    
0.16002649068832397 1.3034619092941284 0.5467121005058289 train 98.0 0.35436149969697 0.17399280436336995 0.17711044527590275 4.032571723655565e-06
    98.0    
0.16358818113803864 1.3137493133544922 0.5438543558120728 train 99.0 0.35523069024085996 0.1744405923038721 0.1775229099392891 2.478557462382014e-06
    99.0    
