Corr-Diag Corr-Full Corr-Swap Data Epoch Loss MMD-Full MMD-Swap Mean
0.22181254625320435 1.792040228843689 0.5877038836479187 train 0.0 0.27016936741769315 0.14011713445186616 0.11209494225680829 4.612279371940531e-05
    0.0    
0.2979373037815094 1.3895479440689087 0.5314142107963562 train 1.0 0.1492146360874176 0.0731793849915266 0.06875960424542427 2.892281008826103e-05
    1.0    
0.33788296580314636 1.1649987697601318 0.49697673320770264 train 2.0 0.1352133861929178 0.06579824458807706 0.06380802016705274 2.5143954189843498e-05
    2.0    
0.36822062730789185 1.0151193141937256 0.4651583731174469 train 3.0 0.13067955024540423 0.06363689579069615 0.06223673792555928 2.4654611479490995e-05
    3.0    
0.3951621353626251 0.9059792757034302 0.435189813375473 train 4.0 0.12741672191768885 0.06215826226398349 0.061074016746133566 2.1647492758347653e-05
    4.0    
0.41888681054115295 0.842879056930542 0.4114084243774414 train 5.0 0.12560025993734597 0.061402816344052556 0.06051189163699746 1.7851290976977907e-05
    5.0    
0.4359290897846222 0.8002354502677917 0.39694148302078247 train 6.0 0.12446449082344771 0.06099999675527215 0.06019129227846861 1.8576813090476207e-05
    6.0    
0.45105403661727905 0.7839134335517883 0.38652849197387695 train 7.0 0.12294048920273781 0.060382776763290166 0.05962276842445135 1.6866004443727434e-05
    7.0    
0.46181240677833557 0.780944287776947 0.3820941150188446 train 8.0 0.12264491748064757 0.06031800802797079 0.059667765852063896 1.574214365973603e-05
    8.0    
0.4725770950317383 0.796341598033905 0.38399654626846313 train 9.0 0.12147680934518576 0.059869307242333886 0.05918242704123258 1.4644037946709432e-05
    9.0    
0.4819634258747101 0.8108403086662292 0.3855226933956146 train 10.0 0.12096135698258877 0.059680769313126804 0.059050136730074886 1.2220996723044664e-05
    10.0    
0.4893158972263336 0.832757294178009 0.3881239891052246 train 11.0 0.12053337927907705 0.059540379848331215 0.058923653736710546 1.079559569916455e-05
    11.0    
0.49320945143699646 0.851420521736145 0.3919464647769928 train 12.0 0.12006672967225313 0.05939234996214509 0.058744122255593535 1.0911393474088982e-05
    12.0    
0.49732452630996704 0.86668461561203 0.39493051171302795 train 13.0 0.11978558104485273 0.059316752087324856 0.058654608111828564 8.642344255349599e-06
    13.0    
0.5025640726089478 0.8816026449203491 0.39707571268081665 train 14.0 0.11934004969894886 0.059123036861419676 0.05850733960047364 1.0570652193564456e-05
    14.0    
0.503471314907074 0.9010115265846252 0.40187108516693115 train 15.0 0.11930875480175018 0.05915184075012803 0.05852927593514323 9.418020454177167e-06
    15.0    
0.5075569152832031 0.9146128296852112 0.4045354425907135 train 16.0 0.11902093324810266 0.05902960300445557 0.0584384566359222 8.260255526693072e-06
    16.0    
0.5102513432502747 0.9340165257453918 0.4089871346950531 train 17.0 0.1186799893528223 0.05887819228693843 0.058312420304864644 8.293996870634146e-06
    17.0    
0.5129972696304321 0.9465004801750183 0.41120001673698425 train 18.0 0.11870923969894648 0.058910664655268195 0.05836731467396021 8.053631063376088e-06
    18.0    
0.5165208578109741 0.9554429054260254 0.4125423729419708 train 19.0 0.11847465954720975 0.05885403545573354 0.05823955699801445 7.40178575142636e-06
    19.0    
0.5175590515136719 0.9637857675552368 0.41413530707359314 train 20.0 0.11874478060752153 0.05897252403199673 0.058436342291533945 7.050145995890489e-06
    20.0    
0.5199673771858215 0.9732281565666199 0.4161822497844696 train 21.0 0.11792760290205478 0.05858796330168843 0.05804855193942785 8.252386578533333e-06
    21.0    
0.5211306810379028 0.9753918051719666 0.4175145924091339 train 22.0 0.11832261491566896 0.0587890394218266 0.058275550827384 6.092349849495804e-06
    22.0    
0.5213331580162048 0.9815511107444763 0.4187217354774475 train 23.0 0.11790872022509574 0.05857867626473308 0.05810867089778185 6.813588242948754e-06
    23.0    
0.520404577255249 0.9866484999656677 0.4195241332054138 train 24.0 0.11778535574674606 0.058538263645023104 0.05805790025740862 5.818832960358122e-06
    24.0    
0.5224330425262451 0.990780234336853 0.4209448993206024 train 25.0 0.11798724230378867 0.05865707879886031 0.0581650404818356 5.609389972960344e-06
    25.0    
0.5227689146995544 0.9936509132385254 0.4221266806125641 train 26.0 0.11789297893643379 0.058613256756216287 0.05814047301188111 5.961508122709347e-06
    26.0    
0.5223329663276672 0.9989004731178284 0.4235098659992218 train 27.0 0.1177239803224802 0.05853697318583727 0.05807246956974268 5.651788342220243e-06
    27.0    
0.5224793553352356 1.0003846883773804 0.42303240299224854 train 28.0 0.11776346098631621 0.05854405960068107 0.058124862462282184 6.230465714907041e-06
    28.0    
0.5249413847923279 1.0004220008850098 0.4238360822200775 train 29.0 0.11767564211040735 0.058514253478497265 0.05808626787737012 5.544733085116604e-06
    29.0    
0.5241480469703674 1.009139060974121 0.4250701665878296 train 30.0 0.11725311990827322 0.05831347914412618 0.0578845395706594 5.635426077787997e-06
    30.0    
0.524034857749939 1.0079177618026733 0.42517560720443726 train 31.0 0.11748163323849439 0.058440220672637225 0.05800324382260442 5.2036757551832125e-06
    31.0    
0.5232239961624146 1.0105568170547485 0.4263927638530731 train 32.0 0.11716380521655083 0.058276566937565805 0.057864275239408014 4.996425104764057e-06
    32.0    
0.5220667719841003 1.0117303133010864 0.426993727684021 train 33.0 0.11730478022247554 0.05834947800263762 0.057944838665425775 4.440988504939014e-06
    33.0    
0.5211344957351685 1.011108160018921 0.4269801080226898 train 34.0 0.11720979068428278 0.058285006508231166 0.057929382938891646 4.573323167278431e-06
    34.0    
0.5202322006225586 1.02035653591156 0.42835676670074463 train 35.0 0.11699321329593658 0.05818550070747733 0.05782663097605109 4.830159014090896e-06
    35.0    
0.5202835202217102 1.0207875967025757 0.42842525243759155 train 36.0 0.11693292539566755 0.058157674688845876 0.057804208099842075 4.263094069756335e-06
    36.0    
0.517595112323761 1.0170989036560059 0.4278945028781891 train 37.0 0.11727461844682693 0.05835065042600036 0.05795935776084662 5.5139034884632565e-06
    37.0    
0.5173051953315735 1.0167768001556396 0.42810291051864624 train 38.0 0.11696248840540648 0.05815183302387595 0.05785983009263873 4.5064821279083844e-06
    38.0    
0.5169290900230408 1.0220658779144287 0.4293183982372284 train 39.0 0.11708788897842169 0.0582419415935874 0.057900948114693165 4.340330178820295e-06
    39.0    
0.5169143676757812 1.0228959321975708 0.42981886863708496 train 40.0 0.11706087835133076 0.058221458960324525 0.05790606023743749 6.087863312131958e-06
    40.0    
0.5144590735435486 1.0167369842529297 0.4278181195259094 train 41.0 0.11690699495375156 0.05815533835440874 0.057828475330024956 5.352053449314553e-06
    41.0    
0.5151420831680298 1.0149376392364502 0.42784494161605835 train 42.0 0.11653113037347794 0.057962574250996116 0.05765103809535503 4.430397439136868e-06
    42.0    
0.5134578943252563 1.0147011280059814 0.42801523208618164 train 43.0 0.11686811499297618 0.0581446591205895 0.05781209086999297 4.069197530043311e-06
    43.0    
0.5155701637268066 1.0140174627304077 0.4276812672615051 train 44.0 0.11644580285996199 0.05790607960894704 0.05763903213664889 3.6297035421739565e-06
    44.0    
0.5126850008964539 1.015963077545166 0.4285161793231964 train 45.0 0.11679684303700924 0.05809511845931411 0.057805307824164626 3.1979741379473126e-06
    45.0    
0.5118744373321533 1.0131169557571411 0.42794865369796753 train 46.0 0.11662976011633873 0.05803169855847955 0.057704661767929794 4.051456926390529e-06
    46.0    
0.5118176341056824 1.010251522064209 0.42692577838897705 train 47.0 0.11637205623090267 0.05788600772619248 0.05760346671566367 2.522347813282977e-06
    47.0    
0.5112878680229187 1.006800889968872 0.42672789096832275 train 48.0 0.11639000877737998 0.05789836471900344 0.05761446425691247 3.5837153973261593e-06
    48.0    
0.5110809206962585 1.0083681344985962 0.4271866977214813 train 49.0 0.11665599454194307 0.05800290113314986 0.05778423292562365 3.902205207850784e-06
    49.0    
0.5104667544364929 1.0037906169891357 0.4258696734905243 train 50.0 0.11662871424108744 0.05800994073972106 0.057751709017902615 3.4281893022125587e-06
    50.0    
0.5126653909683228 1.001842975616455 0.42546793818473816 train 51.0 0.11617855828255415 0.05779967803508043 0.05751988660544157 4.564375558402389e-06
    51.0    
0.5106768608093262 0.9992426037788391 0.42529377341270447 train 52.0 0.1163541217520833 0.057860490251332525 0.0576402934640646 4.611559234035667e-06
    52.0    
0.510307788848877 0.9972735643386841 0.4244835078716278 train 53.0 0.11629220835864544 0.05783225307241082 0.057609788943082094 3.934630967705743e-06
    53.0    
0.5098418593406677 0.9921053051948547 0.4230167269706726 train 54.0 0.1163258957862854 0.05784335486590862 0.057638132981956004 4.101882495888276e-06
    54.0    
0.5089539885520935 0.9864764213562012 0.42139917612075806 train 55.0 0.11617783300578594 0.057796305511146784 0.05753990961238742 3.4971192235389026e-06
    55.0    
0.5075413584709167 0.9828262329101562 0.419888973236084 train 56.0 0.11636788588017226 0.0578536931052804 0.057678311914205554 3.864211521431571e-06
    56.0    
0.5069880485534668 0.9785251021385193 0.41907453536987305 train 57.0 0.11638329118490219 0.057858516555279495 0.05768978163599968 4.455230282474076e-06
    57.0    
0.5092613101005554 0.9777383804321289 0.4184742867946625 train 58.0 0.11610204361379146 0.0577108870819211 0.057563732694834474 2.6685513603297295e-06
    58.0    
0.5071887373924255 0.9742407202720642 0.4179452359676361 train 59.0 0.11611584533005953 0.05772112525999546 0.057573457583785057 4.106526375835529e-06
    59.0    
0.5098196864128113 0.970530092716217 0.41672277450561523 train 60.0 0.11626168057322502 0.05780396569520235 0.05763708509504795 4.41845577370259e-06
    60.0    
0.5086735486984253 0.9656243920326233 0.4161299169063568 train 61.0 0.11610621966421604 0.05773750675842166 0.057552854996174574 3.5237633255746914e-06
    61.0    
0.5097506046295166 0.96463543176651 0.4152231514453888 train 62.0 0.11606576051563025 0.057701445277780296 0.057555756010115144 4.065962912136456e-06
    62.0    
0.509910523891449 0.9552222490310669 0.4135087728500366 train 63.0 0.11621254809200764 0.05776716018095612 0.05764360290020704 2.4986773041746346e-06
    63.0    
0.5084763765335083 0.9483763575553894 0.4114152193069458 train 64.0 0.11609123289585113 0.05773293439298868 0.05755552900955081 2.967640284623485e-06
    64.0    
0.5086414217948914 0.944664478302002 0.4106416404247284 train 65.0 0.11598614305257797 0.05767019797116518 0.05751588644459844 2.701454377529444e-06
    65.0    
0.5099257826805115 0.9380690455436707 0.40859562158584595 train 66.0 0.11589271493256093 0.057621580623090266 0.05747797334566712 3.1497381769440835e-06
    66.0    
0.5089900493621826 0.9349481463432312 0.40692007541656494 train 67.0 0.11611988086253405 0.05774102972820401 0.0575859203748405 5.74221667193342e-06
    67.0    
0.5082680583000183 0.9280693531036377 0.40532392263412476 train 68.0 0.11636013109236956 0.05784900613129139 0.057718156427145006 2.0261634290363872e-06
    68.0    
0.5104812979698181 0.924310564994812 0.4046931862831116 train 69.0 0.11613744769245386 0.057729073185473684 0.05762315703555942 3.330383833599626e-06
    69.0    
0.5099743008613586 0.9176604151725769 0.4026380181312561 train 70.0 0.11587374556809664 0.05760515226051211 0.05749081864953041 2.14876172321965e-06
    70.0    
0.5101524591445923 0.9147005081176758 0.40218526124954224 train 71.0 0.11589650072157383 0.0576121624559164 0.05751088691875338 2.660014843058889e-06
    71.0    
0.510333240032196 0.9098588228225708 0.40072405338287354 train 72.0 0.11594311915338039 0.057610671129077674 0.05756543356925249 1.849469185799535e-06
    72.0    
0.5102649331092834 0.9047235250473022 0.39889439940452576 train 73.0 0.11600081373006105 0.05767651069909334 0.057557594794780016 2.4447178930131486e-06
    73.0    
0.5118336081504822 0.9001672863960266 0.39786460995674133 train 74.0 0.11573931034654379 0.05752868447452784 0.05744818888604641 2.510349986550864e-06
    74.0    
0.5114403963088989 0.8947713971138 0.3961188793182373 train 75.0 0.11571156978607178 0.05752545140683651 0.05742669073864817 3.1693832625023788e-06
    75.0    
0.5115926265716553 0.8884264230728149 0.39448294043540955 train 76.0 0.11567135754972696 0.05750322619453072 0.057413380201905964 2.553813146732864e-06
    76.0    
0.5107787251472473 0.8811013102531433 0.3923879861831665 train 77.0 0.11593486223369837 0.057614904381334785 0.057565808147192005 3.205099346814677e-06
    77.0    
0.5113593339920044 0.8771880865097046 0.3910902738571167 train 78.0 0.11572024397552014 0.0575192953273654 0.05744775872677565 3.257900743847131e-06
    78.0    
0.5121746063232422 0.87067711353302 0.3894769251346588 train 79.0 0.11606280829757452 0.0576935850456357 0.05761654227972031 2.4112555365718435e-06
    79.0    
0.51385897397995 0.8660504817962646 0.3880033493041992 train 80.0 0.11557375155389309 0.05744323376566172 0.057387352250516416 1.9324013464938616e-06
    80.0    
0.513818621635437 0.8590872287750244 0.385932594537735 train 81.0 0.11590207047760487 0.057593660652637484 0.05756807990372181 2.999551270477241e-06
    81.0    
0.5141238570213318 0.8544667959213257 0.38485634326934814 train 82.0 0.1154018972069025 0.057362538482993844 0.05730291217565536 2.6571856324153487e-06
    82.0    
0.5133231282234192 0.8502762913703918 0.38297662138938904 train 83.0 0.11560958687216044 0.057446030452847484 0.057434141933918 3.3934556995518506e-06
    83.0    
0.5134062170982361 0.8466140627861023 0.3820685148239136 train 84.0 0.11547054942697287 0.057374378461390735 0.05737039851024747 2.3322452307183994e-06
    84.0    
0.5157329440116882 0.8423083424568176 0.3810197412967682 train 85.0 0.11554682943969966 0.0574318683706224 0.05739110441878438 2.493170541129075e-06
    85.0    
0.515143871307373 0.8353995680809021 0.3790654242038727 train 86.0 0.11579972859472036 0.057562946956604716 0.05751121086999774 2.0867598777840612e-06
    86.0    
0.5161705613136292 0.8293635249137878 0.3770553171634674 train 87.0 0.11576514016836882 0.057534432411193846 0.057511802706867454 3.013980631294544e-06
    87.0    
0.5158717036247253 0.8284738063812256 0.37672361731529236 train 88.0 0.11546591565012931 0.05741265194490552 0.05733805576339364 2.2379642814485123e-06
    88.0    
0.5155054330825806 0.822213888168335 0.3751526176929474 train 89.0 0.11557876303792 0.05742338661104441 0.057441502902656795 2.541764615671127e-06
    89.0    
0.5174914598464966 0.8171724081039429 0.37384912371635437 train 90.0 0.11532798305153846 0.05732542740181088 0.05729366410523653 4.150725999352289e-06
    90.0    
0.5167498588562012 0.8096227645874023 0.37108609080314636 train 91.0 0.11572770614176989 0.05750146515667438 0.05751925654709339 3.91952153222519e-06
    91.0    
0.5178492665290833 0.8056348562240601 0.3699863851070404 train 92.0 0.11549502022564412 0.057407671175897124 0.057385356519371274 2.6583920771372505e-06
    92.0    
0.5196256637573242 0.7982302904129028 0.3680417537689209 train 93.0 0.11519379779696465 0.05727188868448138 0.05722424464300275 2.9031762096565217e-06
    93.0    
0.5183379054069519 0.7935208678245544 0.36673736572265625 train 94.0 0.11537591695785522 0.05735306998714804 0.057329076267778875 3.0052012789383298e-06
    94.0    
0.5200690627098083 0.7860782742500305 0.3646146357059479 train 95.0 0.11560730587691069 0.0574653565697372 0.05745020139962435 3.3822041132225422e-06
    95.0    
0.5182505249977112 0.7806944847106934 0.3628670275211334 train 96.0 0.11535010010004043 0.05732674667611718 0.057333984803408386 2.5575607196515193e-06
    96.0    
0.5195468664169312 0.7768648862838745 0.3616349995136261 train 97.0 0.1156517332047224 0.05747741533443332 0.05748551880940795 3.2889570320548955e-06
    97.0    
0.5197930335998535 0.7708301544189453 0.360095351934433 train 98.0 0.11529622681438922 0.05729215083643794 0.057319818157702686 3.690360699692974e-06
    98.0    
0.5200518369674683 0.765303373336792 0.35839542746543884 train 99.0 0.11574464034289121 0.05753015900030732 0.05753019850701094 2.1424127680802485e-06
    99.0    
