Corr-Diag Corr-Full Corr-Swap Data Epoch Loss MMD-Full MMD-Swap Mean
0.23165833950042725 1.9145548343658447 0.5795086622238159 train 0.0 0.27311681643128394 0.14203478705137967 0.11364164359867573 1.8745940906228498e-05
    0.0    
0.29627543687820435 1.4791783094406128 0.5176460146903992 train 1.0 0.149379480779171 0.0735312021151185 0.0686647891253233 6.4807713897607755e-06
    1.0    
0.330778032541275 1.2369155883789062 0.48504751920700073 train 2.0 0.13503086924552918 0.06575663551688195 0.06365908775478601 5.8692435231932905e-06
    2.0    
0.35469359159469604 1.0828113555908203 0.45108848810195923 train 3.0 0.13014561880379916 0.06326975146308542 0.062071928009390834 5.321216576703591e-06
    3.0    
0.380618691444397 0.9728918075561523 0.4263613820075989 train 4.0 0.12723739333450795 0.061908825263381005 0.061135207489132884 7.161267603805754e-06
    4.0    
0.40083882212638855 0.8889416456222534 0.40464192628860474 train 5.0 0.12490546245127916 0.0608671928755939 0.0603419397957623 3.831570211332291e-06
    5.0    
0.41946807503700256 0.8276752233505249 0.3870522379875183 train 6.0 0.1235449681431055 0.06036153333261609 0.059909321311861274 3.2365344395657303e-06
    6.0    
0.4345211982727051 0.7870098948478699 0.37597543001174927 train 7.0 0.12231474041938782 0.059873268958181146 0.059526092950254676 3.7783640891575487e-06
    7.0    
0.4464256167411804 0.7565871477127075 0.3701361119747162 train 8.0 0.12115964788943528 0.05943368386477232 0.05910736028105021 2.4147254862327827e-06
    8.0    
0.45600685477256775 0.7449932098388672 0.3682064116001129 train 9.0 0.12088182225823402 0.05940221788361669 0.059104291554540396 3.9361125345749315e-06
    9.0    
0.4662477374076843 0.7433286309242249 0.36526793241500854 train 10.0 0.12023594859987498 0.05917315982282162 0.058891748543828726 4.307472863729345e-06
    10.0    
0.47353240847587585 0.7504632472991943 0.36806049942970276 train 11.0 0.11955410629510879 0.058939495347440245 0.05861395623534918 3.2392060802521883e-06
    11.0    
0.4791441559791565 0.7562299966812134 0.3701664209365845 train 12.0 0.11954615399241447 0.05898126410320401 0.05871331145986915 2.900612344092224e-06
    12.0    
0.4852070212364197 0.7564951777458191 0.36886435747146606 train 13.0 0.11878412030637264 0.05865645481273532 0.05840324835851789 2.54419251177751e-06
    13.0    
0.48901718854904175 0.7651157379150391 0.37020325660705566 train 14.0 0.11864770371466875 0.058657510485500094 0.05836984001100063 2.609759349070373e-06
    14.0    
0.49616026878356934 0.7780190706253052 0.37321868538856506 train 15.0 0.11820816554129124 0.05847153879702091 0.05821149975061417 2.131437668140279e-06
    15.0    
0.4993933439254761 0.7815330028533936 0.37487149238586426 train 16.0 0.11836472723633051 0.058593479860574005 0.058327902015298604 1.4972046074035461e-06
    16.0    
0.5018624663352966 0.7827706336975098 0.3740053176879883 train 17.0 0.11806651398539543 0.058478246349841355 0.058216081373393534 2.2841638838144718e-06
    17.0    
0.5048843026161194 0.7879481911659241 0.3750265836715698 train 18.0 0.1183625839278102 0.05863379707559943 0.058418249413371086 3.1244724141288316e-06
    18.0    
0.5087614059448242 0.7841312885284424 0.37450292706489563 train 19.0 0.11776830054819584 0.05834983730688691 0.05816454630345106 2.5309084321634145e-06
    19.0    
0.5112602114677429 0.788486897945404 0.3752504885196686 train 20.0 0.1176019774004817 0.05830273013561964 0.05809384142979979 2.6385860110167414e-06
    20.0    
0.5134273171424866 0.7853806018829346 0.373626708984375 train 21.0 0.11786536123603582 0.05845124073326588 0.05825244873762131 2.7257744932285277e-06
    21.0    
0.5142711400985718 0.7936358451843262 0.37552353739738464 train 22.0 0.11745888829231262 0.05825243830680847 0.05808626359328627 2.969352635773248e-06
    22.0    
0.51705402135849 0.7892661094665527 0.37505239248275757 train 23.0 0.11745472550392151 0.05828664645552635 0.05807841660454869 3.7838115076738177e-06
    23.0    
0.5176194310188293 0.7894519567489624 0.37393760681152344 train 24.0 0.11738649494946003 0.05825202008709311 0.05807930951938033 2.474509983585449e-06
    24.0    
0.5187934041023254 0.7923778891563416 0.37432554364204407 train 25.0 0.1170868581533432 0.05811076998710632 0.057952735517174 3.2423774882772705e-06
    25.0    
0.5201489925384521 0.7957671880722046 0.373846173286438 train 26.0 0.11723204217851162 0.05820735236629844 0.058025614582002165 4.521106802712893e-06
    26.0    
0.5207620859146118 0.7936328649520874 0.3736080527305603 train 27.0 0.11718990091234445 0.05817780870944261 0.05803593253716827 1.9030078419746133e-06
    27.0    
0.5209402441978455 0.799717128276825 0.37422144412994385 train 28.0 0.11693569172173739 0.05805985009297729 0.05792153015732765 2.7090904950455297e-06
    28.0    
0.5208430886268616 0.7920116782188416 0.37145525217056274 train 29.0 0.11677628863602876 0.05799751030281186 0.057843694128096104 2.1623261545755668e-06
    29.0    
0.5213303565979004 0.7952089309692383 0.3711194694042206 train 30.0 0.11708149041980505 0.05815756035968661 0.05800411036238074 2.9819063911418198e-06
    30.0    
0.5213140249252319 0.8003759980201721 0.3718359172344208 train 31.0 0.11690694808959962 0.05804036410525441 0.05796722672879696 2.581162107162527e-06
    31.0    
0.5213608741760254 0.8003016710281372 0.37113386392593384 train 32.0 0.11666988488286734 0.05795085610821843 0.05783475091680884 3.162285565849743e-06
    32.0    
0.5224292278289795 0.804558515548706 0.37193524837493896 train 33.0 0.11639187064021826 0.05780003149062395 0.05772277383133769 1.9744054498005426e-06
    33.0    
0.5227062702178955 0.8056994080543518 0.37270504236221313 train 34.0 0.11669654682278634 0.05796822562813759 0.05786860423162579 3.0356536626641173e-06
    34.0    
0.5232229232788086 0.8085318207740784 0.37307390570640564 train 35.0 0.11628834869712591 0.057762854676693676 0.05767827071249485 1.3287130968819838e-06
    35.0    
0.5203452706336975 0.8100601434707642 0.3724674880504608 train 36.0 0.11655663974583148 0.05789709284901619 0.05782450392842293 1.9904539385606768e-06
    36.0    
0.5213612914085388 0.8096929788589478 0.3716631829738617 train 37.0 0.11653878156095743 0.05787603469565511 0.057835165485739706 3.7860838801861973e-06
    37.0    
0.5215491056442261 0.8166341781616211 0.3730265498161316 train 38.0 0.1163839939981699 0.05781708557158709 0.057746609356254336 3.2167085919354577e-06
    38.0    
0.5219173431396484 0.8128733038902283 0.3721846044063568 train 39.0 0.11643520198762417 0.05783577146008611 0.05779002154245973 2.207285206168308e-06
    39.0    
0.5197077989578247 0.8196840286254883 0.37345871329307556 train 40.0 0.11622409161180258 0.05772631645202637 0.057693148497492075 2.695249122552923e-06
    40.0    
0.5205270051956177 0.8186267614364624 0.37297505140304565 train 41.0 0.11641396746039391 0.0578105984441936 0.05780703444033861 2.811442982419976e-06
    41.0    
0.5198466181755066 0.8196867108345032 0.37258416414260864 train 42.0 0.11613112848252058 0.0576868706010282 0.0576578227430582 2.403276766926865e-06
    42.0    
0.5198461413383484 0.8253988027572632 0.37417417764663696 train 43.0 0.11626706834882498 0.057779461666941645 0.057702463064342735 3.2042837574408622e-06
    43.0    
0.5188320279121399 0.8226814866065979 0.3733682334423065 train 44.0 0.11656348697841168 0.057926845140755176 0.0578558337315917 2.6507266284170328e-06
    44.0    
0.5157902836799622 0.8269987106323242 0.37419480085372925 train 45.0 0.11637254789471627 0.057809937670826914 0.05778585346415639 1.688374482000654e-06
    45.0    
0.5176663398742676 0.8303178548812866 0.3749919533729553 train 46.0 0.11614795673638582 0.057669723425060514 0.057708833385258916 2.4571756966906833e-06
    46.0    
0.5184040665626526 0.829136073589325 0.37423983216285706 train 47.0 0.11574890043586493 0.05749081019312143 0.05749312316998839 3.013417881447822e-06
    47.0    
0.5180428624153137 0.830005943775177 0.3750316798686981 train 48.0 0.11600597243756056 0.05761475894600153 0.05763393551111221 1.7775830656319158e-06
    48.0    
0.5169241428375244 0.828809916973114 0.37513747811317444 train 49.0 0.11590326447039842 0.05758144682273269 0.05756667099893093 2.022038415816496e-06
    49.0    
0.5163315534591675 0.834116518497467 0.375625878572464 train 50.0 0.11600283890962601 0.05762733288109303 0.05762550001963973 3.011424496435211e-06
    50.0    
0.5160994529724121 0.8314564228057861 0.37574565410614014 train 51.0 0.11600214540958405 0.057621562611311676 0.05763081109151244 1.6956131503320648e-06
    51.0    
0.5147714614868164 0.8329200148582458 0.37417852878570557 train 52.0 0.11601158108562232 0.05760896554216743 0.05765474395826459 2.529841594878235e-06
    52.0    
0.5161875486373901 0.8319855332374573 0.37401968240737915 train 53.0 0.11604938056319952 0.05762497210875153 0.05767846012488007 2.5834287953330204e-06
    53.0    
0.5139528512954712 0.8328757286071777 0.37371376156806946 train 54.0 0.1158960522711277 0.05752262165769935 0.05763343686237931 2.12189911508176e-06
    54.0    
0.5153294205665588 0.8315705060958862 0.3731471598148346 train 55.0 0.1158864513784647 0.05753135994076729 0.05761848919093609 2.5523538624838693e-06
    55.0    
0.5130430459976196 0.8299395442008972 0.37320855259895325 train 56.0 0.11574748374521732 0.05748381102457643 0.057531966716051104 3.0964672532718396e-06
    56.0    
0.5146207809448242 0.8288228511810303 0.3728291094303131 train 57.0 0.11568151701241731 0.05743847511708736 0.05751206547021866 2.6947511742037022e-06
    57.0    
0.5139990448951721 0.828454852104187 0.3727753162384033 train 58.0 0.11581098072230817 0.057504743076860904 0.057581501118838786 2.058086238321266e-06
    58.0    
0.5130850076675415 0.8299605250358582 0.37311312556266785 train 59.0 0.11574048608541489 0.057474255729466676 0.05754000172019005 2.667102990017156e-06
    59.0    
0.5149912238121033 0.8243827819824219 0.37166881561279297 train 60.0 0.11574208308011294 0.057472243309020996 0.057548065930604936 2.565828935985337e-06
    60.0    
0.5141981244087219 0.8246774077415466 0.3721802532672882 train 61.0 0.1156636405736208 0.05744021221995354 0.05750380216166377 2.886139554902911e-06
    61.0    
0.5139538049697876 0.8241839408874512 0.371065229177475 train 62.0 0.11594156861305237 0.05757019069045782 0.057652801275253296 1.2379092595438124e-06
    62.0    
0.5126903057098389 0.822127640247345 0.3716656565666199 train 63.0 0.11569905001670122 0.057447032537311316 0.05753544868901372 2.700716549952631e-06
    63.0    
0.5129496455192566 0.8172842264175415 0.36989733576774597 train 64.0 0.11576375432312488 0.057456398028880355 0.05759081108495593 3.953580289817182e-06
    64.0    
0.5139260292053223 0.8143283724784851 0.3688170909881592 train 65.0 0.11579765416681767 0.057492922954261304 0.0575905604660511 2.446146254442283e-06
    65.0    
0.5114080905914307 0.8136481642723083 0.36893177032470703 train 66.0 0.11588102169334888 0.057547028567641975 0.057622112296521664 2.205288637924241e-06
    66.0    
0.513046383857727 0.8117647767066956 0.36837518215179443 train 67.0 0.11565939530730247 0.05742928668856621 0.05752331912517548 1.7184116813950823e-06
    67.0    
0.5135183334350586 0.8098846077919006 0.3675161600112915 train 68.0 0.1156560380011797 0.05743131585419178 0.05752191390842199 1.8682511608858476e-06
    68.0    
0.5151395797729492 0.8080219626426697 0.3668890595436096 train 69.0 0.11547305166721344 0.05732884081080556 0.05744301777333021 2.420267492198036e-06
    69.0    
0.5132336020469666 0.8056689500808716 0.3660590946674347 train 70.0 0.1156194806843996 0.05739743933081627 0.057526886314153675 2.2104229628894245e-06
    70.0    
0.5143957734107971 0.8037136793136597 0.3659735321998596 train 71.0 0.1154931416735053 0.05734318632632494 0.05745608193799853 2.556113940954674e-06
    71.0    
0.513552725315094 0.7997967004776001 0.36482349038124084 train 72.0 0.11548331521451473 0.057320014014840125 0.057469555381685494 2.0145955659245374e-06
    72.0    
0.5139314532279968 0.8023609519004822 0.3657549023628235 train 73.0 0.11549667328596115 0.057344830874353644 0.05746170250698924 2.2925496523384936e-06
    73.0    
0.51557457447052 0.7966668009757996 0.3643690347671509 train 74.0 0.1154041188955307 0.05728279611095786 0.05743528274819255 1.2801076536561595e-06
    74.0    
0.5140963196754456 0.7949835658073425 0.36369216442108154 train 75.0 0.11555956941097975 0.05735656151548028 0.05751749243587256 2.51972301157366e-06
    75.0    
0.5137544870376587 0.7907789945602417 0.3630419075489044 train 76.0 0.1156371858343482 0.05739586373791099 0.05755683152005076 2.2817487206339138e-06
    76.0    
0.5152474045753479 0.7850631475448608 0.3609706163406372 train 77.0 0.11573530800640583 0.05747584074735641 0.05757615219801664 1.6220334373429068e-06
    77.0    
0.5148163437843323 0.7842778563499451 0.3607555031776428 train 78.0 0.11546972185373307 0.05733282811939716 0.05745280597358942 2.3338220671575982e-06
    78.0    
0.515809178352356 0.7793914079666138 0.3596037030220032 train 79.0 0.11523164004087448 0.05722764652222395 0.0573305281624198 2.3247955596161773e-06
    79.0    
0.5146901607513428 0.7781762480735779 0.35945820808410645 train 80.0 0.11576827794313431 0.057459396030753854 0.057631159592419864 1.5686858887420385e-06
    80.0    
0.5141351222991943 0.7727080583572388 0.35775890946388245 train 81.0 0.11555783022195101 0.05735974967479706 0.0575208836607635 2.3482978122046916e-06
    81.0    
0.515211820602417 0.7730088233947754 0.3579529821872711 train 82.0 0.11532472304999829 0.05722762949764729 0.05742428934201598 2.549467581047793e-06
    82.0    
0.5152605175971985 0.7686883807182312 0.3568137586116791 train 83.0 0.1152430073171854 0.05722393225878477 0.05735207334160805 1.9876522401318653e-06
    83.0    
0.5157545804977417 0.7659274339675903 0.3561282157897949 train 84.0 0.11552600145339965 0.05732490787282586 0.057534872572869065 2.935598786280025e-06
    84.0    
0.5157935619354248 0.7631099820137024 0.35568246245384216 train 85.0 0.11517034232616424 0.057185116540640596 0.05732306558638811 3.012991101059015e-06
    85.0    
0.5168145298957825 0.7610558867454529 0.3552819490432739 train 86.0 0.11536366123706103 0.057275216206908224 0.05742432853206992 3.1429226510226727e-06
    86.0    
0.5169894099235535 0.7548621892929077 0.35360532999038696 train 87.0 0.11526641923934221 0.05720093615353108 0.05740692907944322 2.1235864551272243e-06
    87.0    
0.5156058073043823 0.7534350752830505 0.3534640967845917 train 88.0 0.1153946441039443 0.05729308314621449 0.05744164504110813 2.4708228920644615e-06
    88.0    
0.5160805583000183 0.7509927153587341 0.3524726927280426 train 89.0 0.11552748147398234 0.057346241734921935 0.057521320451050996 2.440186790408916e-06
    89.0    
0.5166494846343994 0.7501440048217773 0.3523494005203247 train 90.0 0.11525449939072133 0.057212801091372965 0.05738266929984093 2.3608511128259124e-06
    90.0    
0.517924427986145 0.7488169074058533 0.35224631428718567 train 91.0 0.11509416315704585 0.05714532436802983 0.057295451052486894 1.7596784118723008e-06
    91.0    
0.517229437828064 0.7432824373245239 0.35061517357826233 train 92.0 0.11563894331455231 0.05742610238492489 0.05755934365093708 1.6939517308856011e-06
    92.0    
0.5163044929504395 0.740166187286377 0.34962600469589233 train 93.0 0.1155308671668172 0.057342083528637885 0.0575346066057682 1.7264510461245663e-06
    93.0    
0.5172408223152161 0.7368704676628113 0.3487275242805481 train 94.0 0.11519703444093465 0.057174892090260984 0.057372593898326156 1.9651183720270637e-06
    94.0    
0.5165905952453613 0.7336272597312927 0.3477936089038849 train 95.0 0.11534394882619381 0.05726585743948817 0.057428554780781266 1.3988767477712827e-06
    95.0    
0.5186614990234375 0.7331094145774841 0.34743231534957886 train 96.0 0.11516859237104654 0.05714731825515628 0.05737703431397676 2.266357114422135e-06
    96.0    
0.5182041525840759 0.7323111891746521 0.3467435836791992 train 97.0 0.1153056126460433 0.057244546934962275 0.05741848459467292 2.552213572926121e-06
    97.0    
0.5184285640716553 0.7260317206382751 0.3453007638454437 train 98.0 0.11526067182421684 0.05721280762925744 0.05740473525598645 2.430532504149596e-06
    98.0    
0.5173757076263428 0.7248899936676025 0.3451198935508728 train 99.0 0.11533377930521965 0.05725199297070503 0.05744098188355565 2.8014824238198344e-06
    99.0    
