Corr-Diag Corr-Full Corr-Swap Data Epoch Loss MMD-Full MMD-Swap Mean
0.21615701913833618 1.795310378074646 0.5937942266464233 train 0.0 0.2616441418975592 0.13807366438210011 0.11086287416517734 3.3361720852553844e-05
    0.0    
0.2557944357395172 1.454521656036377 0.5567819476127625 train 1.0 0.1451691234111786 0.07360634434968233 0.06849607583135367 3.012239176314324e-05
    1.0    
0.27283796668052673 1.2868574857711792 0.5401108264923096 train 2.0 0.13260074730962515 0.0666347061470151 0.06406894421204924 2.612797834444791e-05
    2.0    
0.2795243561267853 1.2113336324691772 0.5293738842010498 train 3.0 0.12728392396122218 0.06370182802900672 0.06214545531198382 2.432000110275112e-05
    3.0    
0.28262144327163696 1.1645134687423706 0.5188573598861694 train 4.0 0.12432728692889214 0.06211784677579999 0.06100021017715335 2.1526182536035776e-05
    4.0    
0.28094667196273804 1.1441601514816284 0.513058602809906 train 5.0 0.12274586081504822 0.06131533546373248 0.06035491010174155 2.0086612494196743e-05
    5.0    
0.2786106467247009 1.1278728246688843 0.5096200704574585 train 6.0 0.12156891722232104 0.06069954220205545 0.059887273591011765 2.021622822212521e-05
    6.0    
0.27907392382621765 1.1095300912857056 0.5064025521278381 train 7.0 0.12081731557846069 0.06030040558427572 0.0596042407117784 2.1161036784178577e-05
    7.0    
0.2728465497493744 1.0927790403366089 0.5031555891036987 train 8.0 0.12027248822152614 0.060029793065041304 0.05937746468931437 1.7669870430836454e-05
    8.0    
0.27143046259880066 1.0873470306396484 0.49893811345100403 train 9.0 0.11979114565998315 0.05981454635038972 0.0591483573615551 1.5703544704592787e-05
    9.0    
0.2687484323978424 1.0919511318206787 0.4990644156932831 train 10.0 0.119348862208426 0.059572621695697305 0.058976114876568314 1.5873563825152814e-05
    10.0    
0.26518067717552185 1.0850876569747925 0.49961140751838684 train 11.0 0.11916316457092763 0.0595088336803019 0.05887239152565599 1.5698964489274658e-05
    11.0    
0.26534509658813477 1.0607627630233765 0.4963158071041107 train 12.0 0.11899109818041324 0.05942772479727864 0.05880001962184906 1.3854485587216914e-05
    12.0    
0.26179003715515137 1.047653317451477 0.4945122301578522 train 13.0 0.11838570598512888 0.05912370843812823 0.05851178716868162 1.2954376870766282e-05
    13.0    
0.2605718672275543 1.049151062965393 0.4931749105453491 train 14.0 0.11835157077759505 0.05909889739006758 0.058512363843619825 1.2709942893707193e-05
    14.0    
0.25992026925086975 1.0453022718429565 0.4941469728946686 train 15.0 0.11850555676966906 0.05917538437992334 0.0585975730791688 1.2525087186077144e-05
    15.0    
0.25640127062797546 1.05075204372406 0.4922633171081543 train 16.0 0.11861766908317804 0.05921800054609776 0.05866580482572317 1.2461267942853738e-05
    16.0    
0.25668394565582275 1.043074607849121 0.49018776416778564 train 17.0 0.11844026084989309 0.05914610002189875 0.05856523307040334 1.1570685273909476e-05
    17.0    
0.2538350224494934 1.0540789365768433 0.4915672242641449 train 18.0 0.11827460005879402 0.05902550376951694 0.05852810144424438 1.0830230166902766e-05
    18.0    
0.25349316000938416 1.0579705238342285 0.48851144313812256 train 19.0 0.11818042580038308 0.05899309065192938 0.0584694367274642 9.60930537985405e-06
    19.0    
0.2547261118888855 1.0639861822128296 0.4887932240962982 train 20.0 0.11836561925709248 0.05908520452678204 0.05856257462874055 7.949066457513254e-06
    20.0    
0.2542600631713867 1.0627118349075317 0.4892023503780365 train 21.0 0.11800774551928044 0.05890356220304966 0.05838992008939385 8.507241545885336e-06
    21.0    
0.253319650888443 1.068485140800476 0.48624441027641296 train 22.0 0.11815816517919302 0.05894993709400296 0.05849897181615234 8.357535079994705e-06
    22.0    
0.25406232476234436 1.0805211067199707 0.48709139227867126 train 23.0 0.11791047386825085 0.05886085871607065 0.05834006745368242 7.403923063975526e-06
    23.0    
0.2539583444595337 1.094275951385498 0.48428723216056824 train 24.0 0.11797170881181955 0.05887336429208517 0.05839437395334244 6.49555295240134e-06
    24.0    
0.2540677785873413 1.104310393333435 0.4839320480823517 train 25.0 0.11785539910197258 0.058812048304826024 0.05834473932161927 6.186343853187282e-06
    25.0    
0.25361236929893494 1.1218000650405884 0.4814614951610565 train 26.0 0.11800509754568339 0.05888626789674163 0.05842279249802232 7.1035101427696645e-06
    26.0    
0.25317510962486267 1.1449154615402222 0.48074865341186523 train 27.0 0.11787321828305722 0.058813011124730113 0.058363525103777646 4.988218279322609e-06
    27.0    
0.25452283024787903 1.1659469604492188 0.4817606508731842 train 28.0 0.11796431072056293 0.05886375829577446 0.05840223690494895 5.836955097038299e-06
    28.0    
0.2515181303024292 1.1882954835891724 0.47861379384994507 train 29.0 0.11761462543159723 0.058684372138231994 0.058237959798425436 4.7614921641070396e-06
    29.0    
0.2532137334346771 1.2143917083740234 0.47536832094192505 train 30.0 0.11762288562953473 0.05869561670348048 0.05823629343882203 4.607656592270359e-06
    30.0    
0.25347986817359924 1.2513357400894165 0.47593942284584045 train 31.0 0.11765295229852199 0.05870806334540248 0.058256404288113114 5.693279490515124e-06
    31.0    
0.25403693318367004 1.276939034461975 0.4752098619937897 train 32.0 0.11767688293009997 0.05871618216857314 0.05827274963259697 5.08620496475487e-06
    32.0    
0.25256744027137756 1.3176181316375732 0.4724907875061035 train 33.0 0.1175138258188963 0.058626500945538285 0.058204387128353116 4.281020210328279e-06
    33.0    
0.25156694650650024 1.3585368394851685 0.47384461760520935 train 34.0 0.11764723245054483 0.05868177823722363 0.058282571248710155 4.922118478134507e-06
    34.0    
0.2515746057033539 1.3827694654464722 0.4700339138507843 train 35.0 0.11746331695467234 0.0585752222687006 0.05820586450397968 3.254767989346874e-06
    35.0    
0.2501945495605469 1.4201310873031616 0.4734075963497162 train 36.0 0.11770924530923367 0.05869790989905596 0.0583331934735179 3.377902658030507e-06
    36.0    
0.24793468415737152 1.4622944593429565 0.4705261290073395 train 37.0 0.11762468449771404 0.05863995278254151 0.05830575011670589 3.9636247493035626e-06
    37.0    
0.2500452399253845 1.4956692457199097 0.47014257311820984 train 38.0 0.11727408207952976 0.05846678044646978 0.05813317749649286 2.993026100739371e-06
    38.0    
0.2508440315723419 1.542796015739441 0.47142288088798523 train 39.0 0.11733204100281 0.05850466445088386 0.05815531035885215 3.8689672692271415e-06
    39.0    
0.25071433186531067 1.5706630945205688 0.4706866443157196 train 40.0 0.11730069112032653 0.05849680693820119 0.058132086023688315 4.356188583187759e-06
    40.0    
0.24936796724796295 1.6130859851837158 0.47043725848197937 train 41.0 0.11718643862754106 0.05844102561473846 0.0580747839063406 3.70611269318033e-06
    41.0    
0.24796593189239502 1.6505544185638428 0.47288888692855835 train 42.0 0.11735145088285208 0.05852719759568572 0.058154363669455054 3.03707861348812e-06
    42.0    
0.24595703184604645 1.6862146854400635 0.4717462658882141 train 43.0 0.1171070560440421 0.058377327769994734 0.05806306794285774 3.4982524539373117e-06
    43.0    
0.24683183431625366 1.7038371562957764 0.473507821559906 train 44.0 0.11722975619137287 0.05844960680231452 0.05811175659298897 3.394726036276552e-06
    44.0    
0.24678221344947815 1.7294963598251343 0.47212761640548706 train 45.0 0.11716000508517027 0.058402294442057606 0.0580921695753932 4.196394456812413e-06
    45.0    
0.24510890245437622 1.7667218446731567 0.47301632165908813 train 46.0 0.11718098644167185 0.05842669505625963 0.05808855142444372 3.631004801718518e-06
    46.0    
0.245030477643013 1.7966340780258179 0.47291967272758484 train 47.0 0.11690245665609837 0.058242168854922054 0.05799948152154684 2.521198894100962e-06
    47.0    
0.2444342076778412 1.8363592624664307 0.47502759099006653 train 48.0 0.11721560459583998 0.058441724088042976 0.058115573078393934 3.2590141927357763e-06
    48.0    
0.2424996942281723 1.8600306510925293 0.4753791093826294 train 49.0 0.11719310261309147 0.05841912120580673 0.05811205407604575 3.4351021440670593e-06
    49.0    
0.2439817190170288 1.8822120428085327 0.47405293583869934 train 50.0 0.11701760180294514 0.05832498423755169 0.05803296938538551 3.0913572572899284e-06
    50.0    
0.24139940738677979 1.9034900665283203 0.4738731384277344 train 51.0 0.11722542509436608 0.058430178500711916 0.05813529532402754 3.0809949294052785e-06
    51.0    
0.23984642326831818 1.9240416288375854 0.47482752799987793 train 52.0 0.11710412852466107 0.05836766317486763 0.05807926427572965 2.8476242732722312e-06
    52.0    
0.23671451210975647 1.9659068584442139 0.47594571113586426 train 53.0 0.11737294990569352 0.05848621103912592 0.05822643380612135 3.722398105310276e-06
    53.0    
0.23441262543201447 1.975535273551941 0.4726581573486328 train 54.0 0.1171817335113883 0.05839164797216654 0.05812920242547989 5.47775471204659e-06
    54.0    
0.23476245999336243 1.9982227087020874 0.4743281602859497 train 55.0 0.11687969524413347 0.058234749995172023 0.05798605415970087 3.3854776120278984e-06
    55.0    
0.23569485545158386 2.019423246383667 0.47380581498146057 train 56.0 0.11700214687734842 0.05830396072939038 0.058041246831417086 2.751684178292635e-06
    56.0    
0.23300479352474213 2.0393121242523193 0.47245505452156067 train 57.0 0.11686293847858906 0.058207942564040424 0.05800230223685503 3.861528512061341e-06
    57.0    
0.23155100643634796 2.03971791267395 0.47148266434669495 train 58.0 0.11678892333060503 0.05819723147898912 0.05793966550379991 3.0269852686615195e-06
    58.0    
0.23236432671546936 2.0660672187805176 0.47366464138031006 train 59.0 0.11697129137814045 0.058266713712364436 0.058050703294575214 3.621588348323712e-06
    59.0    
0.2297254502773285 2.086557626724243 0.4714905023574829 train 60.0 0.11658616110682488 0.05807793827727437 0.05785573387518525 3.822082362603396e-06
    60.0    
0.23026269674301147 2.0911219120025635 0.47113025188446045 train 61.0 0.11670697193592787 0.05815326992422342 0.057902324069291355 2.6368061298853718e-06
    61.0    
0.22734284400939941 2.101285219192505 0.4659649133682251 train 62.0 0.11683326534926891 0.058200429938733575 0.057980490513145924 4.830352281715022e-06
    62.0    
0.22779428958892822 2.116644859313965 0.46578261256217957 train 63.0 0.11665184307843447 0.05808415532112122 0.05791742557659745 3.10064569930546e-06
    63.0    
0.22712182998657227 2.129727840423584 0.4671386480331421 train 64.0 0.11683513097465038 0.058185958564281465 0.05800289941951633 2.8482395464379806e-06
    64.0    
0.22566545009613037 2.1307168006896973 0.4675642251968384 train 65.0 0.11692807845771312 0.05822846673429012 0.05805032983422279 3.0709161364939064e-06
    65.0    
0.22379976511001587 2.133495330810547 0.4660235047340393 train 66.0 0.11688894513994455 0.05822399564087391 0.05801626721397042 2.6579575660434784e-06
    66.0    
0.22435009479522705 2.1253933906555176 0.46732231974601746 train 67.0 0.116429862678051 0.057991079539060596 0.05779357306659222 2.890520363507676e-06
    67.0    
0.22354701161384583 2.141355037689209 0.46637120842933655 train 68.0 0.11689091976732016 0.058209952618926766 0.058032542765140534 2.814736262735096e-06
    68.0    
0.22308269143104553 2.1307830810546875 0.4702008366584778 train 69.0 0.11675580337643623 0.0581349615380168 0.05797632616013289 3.682162741824868e-06
    69.0    
0.2222239077091217 2.141270399093628 0.4643186330795288 train 70.0 0.11668903890997172 0.058102710284292695 0.05794335635378957 2.5791453026613453e-06
    70.0    
0.21912792325019836 2.1304233074188232 0.46205058693885803 train 71.0 0.11648035522550344 0.057977392189204696 0.05786135755479336 3.842790647468064e-06
    71.0    
0.2211615890264511 2.132251262664795 0.4694362282752991 train 72.0 0.11667445339262486 0.05809908479452133 0.05793178817257285 3.8253051570791285e-06
    72.0    
0.22233814001083374 2.1170785427093506 0.46726536750793457 train 73.0 0.11644065327942371 0.05796996651217341 0.057831330224871635 2.3267255073733395e-06
    73.0    
0.22241418063640594 2.1115081310272217 0.4670623242855072 train 74.0 0.11622201740741729 0.05783247046172619 0.05775479253381491 3.2064178867585724e-06
    74.0    
0.21902626752853394 2.102254867553711 0.4663099944591522 train 75.0 0.11656322702765465 0.05802132308483124 0.057906277142465115 4.148744665144477e-06
    75.0    
0.2214818298816681 2.092665433883667 0.46885985136032104 train 76.0 0.11656313925981522 0.05802045730873942 0.05790865240618587 3.2158968679141253e-06
    76.0    
0.2193077802658081 2.0886147022247314 0.4658580720424652 train 77.0 0.1164281352981925 0.05795161137357354 0.0578412725776434 3.675658035717788e-06
    77.0    
0.21984514594078064 2.0673065185546875 0.4697245955467224 train 78.0 0.11618207328021526 0.05780181871727109 0.05774751786142587 2.716989683904103e-06
    78.0    
0.2199440747499466 2.0726101398468018 0.46957752108573914 train 79.0 0.11656819693744183 0.05804195459932089 0.057896028868854046 2.578129397079465e-06
    79.0    
0.22055132687091827 2.059699296951294 0.4727245271205902 train 80.0 0.11642243258655072 0.057956318147480486 0.057834443766623736 4.860408353124512e-06
    80.0    
0.22137343883514404 2.0510191917419434 0.47267472743988037 train 81.0 0.11634187698364258 0.05787885686382652 0.0578347665630281 3.298361889392254e-06
    81.0    
0.22063815593719482 2.041011333465576 0.4746535122394562 train 82.0 0.11620717007666827 0.057836760729551316 0.05774180632084608 2.226035576313734e-06
    82.0    
0.21996784210205078 2.0351648330688477 0.4738621115684509 train 83.0 0.11612392406910658 0.057791307773441075 0.05771026998758316 2.786475761240581e-06
    83.0    
0.2195393443107605 2.033039093017578 0.4746440052986145 train 84.0 0.11628665097057819 0.057850970141589644 0.05781220344826579 2.9660131986020133e-06
    84.0    
0.21819378435611725 2.0266942977905273 0.47338518500328064 train 85.0 0.1163314751163125 0.057875167168676855 0.05783273983746767 2.880530473703402e-06
    85.0    
0.2188127338886261 2.0204999446868896 0.4746653437614441 train 86.0 0.11611632291227579 0.05777749937027693 0.057716006115078926 1.7131499134848127e-06
    86.0    
0.21889090538024902 2.0115208625793457 0.47622618079185486 train 87.0 0.11604328475892543 0.05774771507829428 0.057674171887338165 2.356696086280863e-06
    87.0    
0.2170158475637436 1.9987136125564575 0.4740351140499115 train 88.0 0.11593750085681677 0.057694775480777026 0.05762656766921282 2.901961124734953e-06
    88.0    
0.21990008652210236 2.0014564990997314 0.47917845845222473 train 89.0 0.11623519785702228 0.05784372091293335 0.057771930675953626 3.3068383800127776e-06
    89.0    
0.21928147971630096 1.9999151229858398 0.47861263155937195 train 90.0 0.11611763682216406 0.05777422640472651 0.057728285174816846 3.6696048937301384e-06
    90.0    
0.21982893347740173 1.991673469543457 0.4763658344745636 train 91.0 0.11589089661836624 0.057632664740085604 0.0576412794739008 2.3600343865837203e-06
    91.0    
0.21803168952465057 1.9916177988052368 0.4754132032394409 train 92.0 0.11612544681876898 0.057762411069124935 0.057748814187943934 4.726859515358228e-06
    92.0    
0.2180786430835724 1.989949345588684 0.47987884283065796 train 93.0 0.11608405694365502 0.05776171550154686 0.057711619772017005 2.776758719846839e-06
    93.0    
0.21849405765533447 1.9885437488555908 0.4821128845214844 train 94.0 0.11619069922715425 0.0577698465436697 0.057806844022125006 3.5414061585470336e-06
    94.0    
0.21846520900726318 1.9804728031158447 0.4774843752384186 train 95.0 0.11590569127351046 0.0576597997546196 0.057633000202476976 2.524242972867796e-06
    95.0    
0.21953178942203522 1.9809983968734741 0.4850962162017822 train 96.0 0.11605915099382401 0.05771750906482339 0.05772923830896616 3.957427907153033e-06
    96.0    
0.216750830411911 1.9773364067077637 0.4823125898838043 train 97.0 0.116163843087852 0.057787929866462945 0.05776469599455595 2.5874030598060926e-06
    97.0    
0.2157348394393921 1.9766719341278076 0.47996702790260315 train 98.0 0.11594043333083391 0.0576346368342638 0.057694634553045035 3.2570519579167012e-06
    98.0    
0.21732878684997559 1.9785951375961304 0.4832092225551605 train 99.0 0.115848268866539 0.0576248444058001 0.05761389238759875 2.8368910989229335e-06
    99.0    
