Corr-Diag Corr-Full Corr-Swap Data Epoch Loss MMD-Full MMD-Swap Mean
0.4876575767993927 0.33920159935951233 0.22172005474567413 train 0.0 0.4093445198237896 0.0731384633295238 0.06799060486257076 8.125905992528715e-07
    0.0    
0.4753362834453583 0.24960815906524658 0.16832846403121948 train 1.0 0.1468173437565565 0.05777700539678335 0.05796395273879171 8.971858846962277e-07
    1.0    
0.4714156985282898 0.16842421889305115 0.13480313122272491 train 2.0 0.13583440750837325 0.05692989220842719 0.057288326378911736 5.373924523155438e-07
    2.0    
0.47067317366600037 0.12372548878192902 0.12100137025117874 train 3.0 0.13263189315795898 0.05671472877264023 0.05714030941948295 5.372006626203074e-07
    3.0    
0.4696049988269806 0.10369399189949036 0.11149352788925171 train 4.0 0.13169513493776322 0.05673045877367258 0.05720340507104993 3.2336953381673084e-07
    4.0    
0.46898218989372253 0.0967523530125618 0.10900916904211044 train 5.0 0.13114724908024072 0.05669679628685117 0.05714691689237952 4.5964694095346204e-07
    5.0    
0.46896061301231384 0.09310095757246017 0.10309157520532608 train 6.0 0.13027531880885362 0.056562006492167714 0.05707110030576587 3.887710136041278e-07
    6.0    
0.47005391120910645 0.08701632171869278 0.1001816913485527 train 7.0 0.13050398852676154 0.05666564382612705 0.05711173938587308 6.315573841675359e-07
    7.0    
0.46843981742858887 0.08617020398378372 0.09908553957939148 train 8.0 0.1304877632856369 0.05667760193347931 0.057171028442680835 4.469726775369054e-07
    8.0    
0.4698107838630676 0.08445914089679718 0.09621988236904144 train 9.0 0.13019367311149835 0.056645898036658766 0.05714242093265057 3.052601300623792e-07
    9.0    
0.46850186586380005 0.08035260438919067 0.09363557398319244 train 10.0 0.13002567403018475 0.0566803603246808 0.05715529065579176 3.6768653899343917e-07
    10.0    
0.46748286485671997 0.07686951011419296 0.09202394634485245 train 11.0 0.1297264200076461 0.05653787039220333 0.05704476835206151 5.855804374732543e-07
    11.0    
0.46889230608940125 0.07705248147249222 0.09075280278921127 train 12.0 0.12965407352894545 0.056566691435873506 0.05708303024992347 9.507865001978644e-07
    12.0    
0.4686294198036194 0.07879792898893356 0.09009083360433578 train 13.0 0.12961018826812506 0.056636265181005 0.05716653324663639 2.2097709972968005e-07
    13.0    
0.46907714009284973 0.07796407490968704 0.08823217451572418 train 14.0 0.12928188245743513 0.05651473216712475 0.0570419136993587 6.643494430136343e-07
    14.0    
0.46852266788482666 0.07463272660970688 0.08750028908252716 train 15.0 0.12940282870084047 0.056535087805241344 0.057088388148695234 3.281450062786462e-07
    15.0    
0.46996253728866577 0.07485783100128174 0.08594287186861038 train 16.0 0.12898917127400636 0.05655984217301011 0.0571281829290092 3.3616305472605745e-07
    16.0    
0.4700271487236023 0.0766853466629982 0.08570036292076111 train 17.0 0.12945305917412042 0.056649053040891885 0.057171883564442395 3.226068088224565e-07
    17.0    
0.46744540333747864 0.07618217915296555 0.08309648931026459 train 18.0 0.12932757943868636 0.0565233045257628 0.057067518141120675 5.279279093883815e-07
    18.0    
0.4672466814517975 0.07296978682279587 0.08339396119117737 train 19.0 0.128899668417871 0.05646632956340909 0.05698790380731225 5.873966983926948e-07
    19.0    
0.46723687648773193 0.07481198012828827 0.08295845240354538 train 20.0 0.1293143055215478 0.056602153107523916 0.05712156768888235 3.631659808434051e-07
    20.0    
0.4671785235404968 0.07241503894329071 0.08259337395429611 train 21.0 0.12859592217952012 0.05644303964450956 0.057006706595420835 4.397120676458144e-07
    21.0    
0.4705091118812561 0.07393025606870651 0.08060508966445923 train 22.0 0.12877525009214877 0.05649842105805874 0.05701950682327151 2.71310227617505e-07
    22.0    
0.46917304396629333 0.06901603937149048 0.07946190237998962 train 23.0 0.12891376551240682 0.05654012097045779 0.0571155365742743 3.3977323710132623e-07
    23.0    
0.46719419956207275 0.07272855192422867 0.08034072816371918 train 24.0 0.12882373176515102 0.05653439190238714 0.057105226721614596 3.501657772631006e-07
    24.0    
0.4694899022579193 0.07208051532506943 0.07926073670387268 train 25.0 0.12859675083309413 0.05643120551481843 0.056963127385824916 4.180442942924856e-07
    25.0    
0.46916794776916504 0.07239251583814621 0.07855918258428574 train 26.0 0.12857542909681796 0.05642420908436179 0.056986482441425325 3.6677201364909706e-07
    26.0    
0.4686378538608551 0.07170190662145615 0.07766158878803253 train 27.0 0.12867436848580838 0.05650191243737936 0.05705173429101706 4.441180010417156e-07
    27.0    
0.46800634264945984 0.07135257869958878 0.07774719595909119 train 28.0 0.1286842991411686 0.05647310068830848 0.0570051052980125 3.4304591167710896e-07
    28.0    
0.4694739282131195 0.06940165162086487 0.07662113010883331 train 29.0 0.12856888737529515 0.05645729755982756 0.05700077353045344 2.929357378889108e-07
    29.0    
0.4686064124107361 0.0699402466416359 0.07607070356607437 train 30.0 0.1290430948138237 0.05658822448924184 0.05710839718580246 4.837751248487621e-07
    30.0    
0.46865272521972656 0.06942673027515411 0.07565466314554214 train 31.0 0.12845897145569324 0.056361742950975895 0.05692190952599049 3.554528404947632e-07
    31.0    
0.46806490421295166 0.06700117886066437 0.07650033384561539 train 32.0 0.12862700168043376 0.05650317572057247 0.057054153569042684 4.807984055332781e-07
    32.0    
0.4687623083591461 0.07269883900880814 0.07647548615932465 train 33.0 0.12822425346821548 0.0563934631831944 0.0569344899430871 4.232224739553203e-07
    33.0    
0.4678725004196167 0.06803786754608154 0.0750637948513031 train 34.0 0.12846457552164792 0.056440086457878354 0.056960118450224397 4.799701969204762e-07
    34.0    
0.4693053364753723 0.06720829010009766 0.07472574710845947 train 35.0 0.12854865796864032 0.05651972990483046 0.05707145044580102 6.208969125509611e-07
    35.0    
0.4692416787147522 0.07007841765880585 0.07385704666376114 train 36.0 0.1283319652453065 0.05642530862241983 0.05695631187409163 8.114546972137759e-07
    36.0    
0.4696451723575592 0.07047015428543091 0.07519976794719696 train 37.0 0.12838708877563476 0.05644644746556878 0.05701523529365659 3.3817940447988803e-07
    37.0    
0.4682515859603882 0.07007615268230438 0.07399200648069382 train 38.0 0.1283656494319439 0.05652689708396792 0.05706517418846488 4.1299429653918196e-07
    38.0    
0.4676097631454468 0.070627361536026 0.0729759931564331 train 39.0 0.12830300405621528 0.056472008246928454 0.05703117735683918 5.606254944723332e-07
    39.0    
0.4681243598461151 0.06715571880340576 0.07287934422492981 train 40.0 0.12834787510335446 0.05647069552913308 0.057046178467571734 4.69503248723413e-07
    40.0    
0.4672956168651581 0.0675342008471489 0.07323334366083145 train 41.0 0.1281807043030858 0.05643318297341466 0.0570048800110817 5.205720299272798e-07
    41.0    
0.4687716066837311 0.06982076168060303 0.07305368781089783 train 42.0 0.12827312398701907 0.056404559947550295 0.056967467553913596 3.5246665675003896e-07
    42.0    
0.4682880640029907 0.0669528916478157 0.07165829092264175 train 43.0 0.1284669065475464 0.05653471412137151 0.057119674198329445 3.3414875133530586e-07
    43.0    
0.4677904546260834 0.06549236178398132 0.0714484229683876 train 44.0 0.12823837351053954 0.05649516053497791 0.057059100605547426 9.002041565508989e-07
    44.0    
0.46871480345726013 0.06786762923002243 0.07084466516971588 train 45.0 0.12800070594996213 0.05636885102838278 0.05692405864596367 2.0636262831885688e-07
    45.0    
0.46842899918556213 0.06737219542264938 0.07159262150526047 train 46.0 0.12816784363240002 0.056486726198345424 0.0570598573051393 4.804202262675972e-07
    46.0    
0.4686525762081146 0.06645021587610245 0.07090312987565994 train 47.0 0.12808384414762258 0.05642649490386248 0.056996879987418654 2.164427144180081e-07
    47.0    
0.4683815538883209 0.06643044948577881 0.07083626091480255 train 48.0 0.1280699449777603 0.056417453344911335 0.05697696270421147 3.6674452985607786e-07
    48.0    
0.46825361251831055 0.06753067672252655 0.07145268470048904 train 49.0 0.12775098495185375 0.056312474925071 0.056886653695255515 3.5468147530082206e-07
    49.0    
0.4690708816051483 0.067657969892025 0.07045183330774307 train 50.0 0.12828089099377393 0.056456631775945426 0.05705497438088059 2.1833706398410868e-07
    50.0    
0.4674491882324219 0.06732990592718124 0.07060255110263824 train 51.0 0.12775982107967138 0.05638450663536787 0.05694870246574282 3.517118614126957e-07
    51.0    
0.46745508909225464 0.06736395508050919 0.07067866623401642 train 52.0 0.12811073500663042 0.056487242635339496 0.05705589069053531 4.951601795255556e-07
    52.0    
0.4688752293586731 0.0671703889966011 0.07030020654201508 train 53.0 0.12758036244660617 0.056222922299057246 0.05679096968844533 2.8035140076099196e-07
    53.0    
0.46929609775543213 0.06661015003919601 0.06937449425458908 train 54.0 0.12813751988112926 0.05646784054115415 0.05705701053142548 4.855432393924275e-07
    54.0    
0.46869683265686035 0.06811133027076721 0.06987445801496506 train 55.0 0.12823689892888068 0.05650670725852251 0.05705957271158695 3.594361146497249e-07
    55.0    
0.4688553512096405 0.06750880926847458 0.0682276114821434 train 56.0 0.1279465949907899 0.05644461747258902 0.05700902407988906 7.267721002790495e-07
    56.0    
0.4672291576862335 0.06693316251039505 0.06847644597291946 train 57.0 0.1280514758825302 0.05643482374027371 0.05697942918166518 2.627164121804526e-07
    57.0    
0.4689440131187439 0.06714633107185364 0.0681922510266304 train 58.0 0.1277781844884157 0.056498643439263106 0.057065595369786025 4.0123316580320534e-07
    58.0    
0.46846485137939453 0.06612306088209152 0.06771260499954224 train 59.0 0.1283071780949831 0.05652731636539102 0.057088451497256755 3.407552355838561e-07
    59.0    
0.46742087602615356 0.06606167554855347 0.06865907460451126 train 60.0 0.12813429579138755 0.05648271474987268 0.05705122858285904 4.5006646587353316e-07
    60.0    
0.4689757823944092 0.0670214295387268 0.06783827394247055 train 61.0 0.12811149451881648 0.056488026697188616 0.0570259577780962 2.8225221626598795e-07
    61.0    
0.46890026330947876 0.06612201780080795 0.06765563786029816 train 62.0 0.12819188296794892 0.05655172407627106 0.05712272420525551 2.600456809886964e-07
    62.0    
0.46788516640663147 0.06437545269727707 0.06668248027563095 train 63.0 0.1280127514898777 0.05644946338608861 0.057029625792056324 3.471517970865534e-07
    63.0    
0.46797454357147217 0.06538461148738861 0.06631700694561005 train 64.0 0.12761838257312774 0.05637373091652989 0.056935762707144025 4.5479933419301233e-07
    64.0    
0.4681517779827118 0.06607498973608017 0.0674014762043953 train 65.0 0.12774321541190148 0.05643848516047001 0.05701568067073822 4.045364505600446e-07
    65.0    
0.4664807915687561 0.06547551602125168 0.0666453167796135 train 66.0 0.1275620875880122 0.056343656554818156 0.05688335947692394 3.993271491253836e-07
    66.0    
0.46930137276649475 0.0660417303442955 0.06693615019321442 train 67.0 0.12799727767705918 0.056474332511425016 0.05704081065952778 3.489896869268705e-07
    67.0    
0.46868038177490234 0.06701990216970444 0.06627082824707031 train 68.0 0.12758647881448268 0.05634115954861045 0.05690740793943405 6.199820177243964e-07
    68.0    
0.46896106004714966 0.0678238794207573 0.06791146844625473 train 69.0 0.12763022840023042 0.0563897399045527 0.05694056680426002 5.196964139031479e-07
    69.0    
0.46941134333610535 0.06406016647815704 0.06550069898366928 train 70.0 0.1278992199152708 0.05643405899405479 0.057004874013364314 4.968716211806168e-07
    70.0    
0.4699806571006775 0.06462260335683823 0.06522636860609055 train 71.0 0.12759615547955036 0.056310403440147636 0.05687804453074932 3.159772745675582e-07
    71.0    
0.46959981322288513 0.06765372306108475 0.06555253267288208 train 72.0 0.12792344916611909 0.05644622083753347 0.0570053993165493 3.96444420402986e-07
    72.0    
0.4694634675979614 0.06459390372037888 0.06537894159555435 train 73.0 0.12747178822755814 0.05629070609807968 0.05681918110698461 3.4687801075961033e-07
    73.0    
0.46882593631744385 0.06371895968914032 0.06394456326961517 train 74.0 0.12736265890300275 0.05626215897500515 0.05685693865641952 1.9075307022831112e-07
    74.0    
0.46858641505241394 0.06416715681552887 0.06360043585300446 train 75.0 0.12757055517286062 0.056332453042268756 0.05689842700958252 4.317068942327751e-07
    75.0    
0.46721044182777405 0.06558965146541595 0.06566287577152252 train 76.0 0.1275530983507633 0.05631064355373382 0.05684883534908294 4.2796330035344e-07
    76.0    
0.4679224491119385 0.06467761844396591 0.06491576880216599 train 77.0 0.1275545520707965 0.05642404826357961 0.056983093060553075 2.7776366096077254e-07
    77.0    
0.4679972231388092 0.064271479845047 0.06346116960048676 train 78.0 0.12776822879910468 0.05639285856857896 0.056941918432712554 4.0875778495319537e-07
    78.0    
0.46770989894866943 0.06598804891109467 0.06497182697057724 train 79.0 0.12818023975938558 0.05653605379164219 0.057093036361038685 3.274829794008838e-07
    79.0    
0.4684106111526489 0.06642746180295944 0.06403252482414246 train 80.0 0.12781555201858283 0.0564108919352293 0.05694101622328162 4.3700418927983264e-07
    80.0    
0.46791884303092957 0.06155933067202568 0.06358153373003006 train 81.0 0.127343726195395 0.05629684370011091 0.05692455993965268 2.524668616388226e-07
    81.0    
0.4677777588367462 0.06443604826927185 0.06290136277675629 train 82.0 0.12751852128654717 0.05642936009913683 0.056979226693511006 2.377057910507574e-07
    82.0    
0.4684341847896576 0.06602773070335388 0.06416097283363342 train 83.0 0.12737641021609306 0.05637761989608407 0.05700133014470339 2.728207562086027e-07
    83.0    
0.47046321630477905 0.06289290636777878 0.06211918592453003 train 84.0 0.12770940870046615 0.05644896578043699 0.05701906891539693 3.1425736324308673e-07
    84.0    
0.46826404333114624 0.06358524411916733 0.06312546879053116 train 85.0 0.12779145482927562 0.05644204439595342 0.05700857952237129 4.6103065187708125e-07
    85.0    
0.46963316202163696 0.0656980499625206 0.06284618377685547 train 86.0 0.12754097804427147 0.056358680557459594 0.05691886380314827 5.188395562072401e-07
    86.0    
0.469536155462265 0.06385909765958786 0.06328622251749039 train 87.0 0.12769089836627245 0.05647436745464802 0.057050448171794416 3.323490034290444e-07
    87.0    
0.4696100950241089 0.06478186696767807 0.0634235218167305 train 88.0 0.1275038357451558 0.056339920610189435 0.05692938070744276 4.1479668766442046e-07
    88.0    
0.47065797448158264 0.06375150382518768 0.061927106231451035 train 89.0 0.1278415300324559 0.05649883989244699 0.05709567489102483 4.5354448729995056e-07
    89.0    
0.468007892370224 0.062204062938690186 0.06256065517663956 train 90.0 0.127549450956285 0.05640864498913288 0.056982470788061616 2.508698742076376e-07
    90.0    
0.4687685966491699 0.06457729637622833 0.061908140778541565 train 91.0 0.12730081982910632 0.05632356602698565 0.05688502680510282 5.242476390776574e-07
    91.0    
0.46865132451057434 0.06411758810281754 0.0628986582159996 train 92.0 0.1274296898767352 0.05633417801931501 0.056897897105664015 3.6596554764400935e-07
    92.0    
0.46729516983032227 0.06488592177629471 0.06216555833816528 train 93.0 0.1275964756309986 0.056440529469400647 0.05704001443460584 2.6128543595405063e-07
    93.0    
0.46826305985450745 0.06600389629602432 0.06247948110103607 train 94.0 0.1274111808091402 0.05641582002863288 0.05701538955792785 3.8436030536104226e-07
    94.0    
0.46854886412620544 0.06386365741491318 0.06161382421851158 train 95.0 0.127974003367126 0.05652360215783119 0.057079148311167956 1.7533160701077577e-07
    95.0    
0.46907052397727966 0.06267435848712921 0.06104225665330887 train 96.0 0.12759758334606885 0.05651782013475895 0.05708982605487108 2.863533268282481e-07
    96.0    
0.4673699140548706 0.063277468085289 0.06115281954407692 train 97.0 0.1273565398529172 0.05639302168041468 0.05696112083271146 4.1346214629811584e-07
    97.0    
0.46991297602653503 0.06479056924581528 0.06117301434278488 train 98.0 0.12769030760973693 0.05642882088199258 0.057025541085749865 3.0607807843807677e-07
    98.0    
0.4687937796115875 0.06306692212820053 0.06171450391411781 train 99.0 0.1269450442492962 0.0561686808988452 0.05675836591050029 4.75929113008533e-07
    99.0    
