Corr-Diag Corr-Full Corr-Swap Data Epoch Loss MMD-Full MMD-Swap Mean
0.2163175791501999 1.950390338897705 0.5997657775878906 train 0.0 0.26941768363118174 0.14295269779860972 0.11372019238770008 1.0576545719231945e-05
    0.0    
0.254763126373291 1.6163712739944458 0.552623987197876 train 1.0 0.147256777882576 0.07509863078594207 0.06906532507389784 7.889317203080282e-06
    1.0    
0.2689937949180603 1.4016196727752686 0.5342351198196411 train 2.0 0.13288090631365776 0.06688369993120431 0.06410224800929427 6.064722583687399e-06
    2.0    
0.27496400475502014 1.271653175354004 0.5220720767974854 train 3.0 0.12743991795927287 0.06378650704398751 0.062199479807168244 3.4014815355476458e-06
    3.0    
0.27503252029418945 1.1780368089675903 0.5133178234100342 train 4.0 0.12491064328700303 0.06239159237593413 0.061299273148179054 4.9132299864140805e-06
    4.0    
0.2742271423339844 1.1256206035614014 0.5044187903404236 train 5.0 0.12279202431440353 0.06125948192551732 0.060471594408154486 3.4960798984684516e-06
    5.0    
0.2715788185596466 1.0705091953277588 0.5002041459083557 train 6.0 0.12125035349279642 0.06046923624351621 0.05982542982324958 2.9804862151650013e-06
    6.0    
0.2703779637813568 1.0434178113937378 0.4952625632286072 train 7.0 0.12081634871661663 0.060232884529978034 0.059701804053038356 3.894161181960953e-06
    7.0    
0.2669164836406708 1.0177392959594727 0.4930126368999481 train 8.0 0.11949770718812942 0.05955009248107672 0.05912565477192402 2.9732880193478195e-06
    8.0    
0.26083987951278687 0.999322235584259 0.4901871085166931 train 9.0 0.11928576126694679 0.05941451910883188 0.05909307753667235 2.384645995334722e-06
    9.0    
0.2567020654678345 0.9997363686561584 0.4894004762172699 train 10.0 0.11874787036329508 0.05916349528357387 0.058838373124599455 3.100167759839678e-06
    10.0    
0.2534472644329071 0.9903450012207031 0.4847643971443176 train 11.0 0.11839050006121397 0.05898050133138895 0.05868985127657652 2.965560042866855e-06
    11.0    
0.24761952459812164 0.9764626026153564 0.48458755016326904 train 12.0 0.1180567067489028 0.05880710674449802 0.05855015525594354 3.5953967199020553e-06
    12.0    
0.24547706544399261 0.9721364378929138 0.48391056060791016 train 13.0 0.11793560512363911 0.058746972754597664 0.058503049556165934 2.452499074934167e-06
    13.0    
0.24180541932582855 0.9734413027763367 0.48308321833610535 train 14.0 0.11783918607980012 0.0587064977735281 0.05845499971881509 2.9375946724030655e-06
    14.0    
0.23945145308971405 0.9694225788116455 0.4828430712223053 train 15.0 0.11740653369575739 0.05850924968719482 0.05822593376040459 2.691357167350361e-06
    15.0    
0.23719799518585205 0.9802592992782593 0.4803544878959656 train 16.0 0.11788666225969792 0.05874435028061271 0.058473911117762324 1.965728415598278e-06
    16.0    
0.23510870337486267 0.9791188836097717 0.478588342666626 train 17.0 0.11781837929040194 0.05866657005622983 0.0584861415438354 4.107242602913175e-06
    17.0    
0.2323555052280426 0.9794167876243591 0.4802023768424988 train 18.0 0.11775592520833016 0.058653070274740454 0.05843637119978666 2.660244717844762e-06
    18.0    
0.23238971829414368 0.9877890944480896 0.48044338822364807 train 19.0 0.11743698321282864 0.058462631050497295 0.0583169661089778 2.9609905141114723e-06
    19.0    
0.22931304574012756 0.9968282580375671 0.47808128595352173 train 20.0 0.11761127568781377 0.05856037687510252 0.05839476464316249 2.9794853162457002e-06
    20.0    
0.22898155450820923 0.997440755367279 0.48014557361602783 train 21.0 0.11721477013081312 0.05837534293532372 0.058185100369155404 2.6846828404814005e-06
    21.0    
0.2254960834980011 1.0016218423843384 0.4792511761188507 train 22.0 0.11737376686185598 0.05843542642891407 0.05828826216980815 2.382104639764293e-06
    22.0    
0.22507041692733765 1.0104115009307861 0.47966939210891724 train 23.0 0.11739292021840811 0.05846462123095989 0.0582775672338903 2.6469483600521926e-06
    23.0    
0.22436784207820892 1.0119400024414062 0.4767448604106903 train 24.0 0.11723931510001422 0.05837617639452219 0.05821677770465612 3.3523317597428104e-06
    24.0    
0.22136487066745758 1.0151845216751099 0.4797278344631195 train 25.0 0.11734367098659276 0.05842743817716837 0.05827160095795989 3.1042065984365763e-06
    25.0    
0.21995733678340912 1.017089605331421 0.47840335965156555 train 26.0 0.1172763417288661 0.0583861549384892 0.05824657261371612 2.5751589873834746e-06
    26.0    
0.21648116409778595 1.0253571271896362 0.47833362221717834 train 27.0 0.11731536813080311 0.058404001239687205 0.058268923033028844 2.3173265617515426e-06
    27.0    
0.2182435840368271 1.0341416597366333 0.47776931524276733 train 28.0 0.11699451528489589 0.05826222982257605 0.05809121472761035 2.165881824112148e-06
    28.0    
0.2169414609670639 1.0372947454452515 0.47746819257736206 train 29.0 0.11666750300675631 0.0580748837813735 0.057956155445426705 2.5325196020276053e-06
    29.0    
0.21472683548927307 1.042456030845642 0.4820033609867096 train 30.0 0.11705624096095563 0.05827790386974811 0.058143484611064195 2.554084630901343e-06
    30.0    
0.2128250002861023 1.0490102767944336 0.48024678230285645 train 31.0 0.11722781926393509 0.05835491709411144 0.05823844207450748 2.408141881460324e-06
    31.0    
0.21007920801639557 1.0548369884490967 0.4791533350944519 train 32.0 0.11710880380123853 0.05829856518656015 0.058176523558795455 4.143434125580825e-06
    32.0    
0.20919448137283325 1.059746265411377 0.47862115502357483 train 33.0 0.11708654578775167 0.05828265007585287 0.058170910142362114 3.464747123871348e-06
    33.0    
0.20966516435146332 1.0650513172149658 0.47836869955062866 train 34.0 0.11677141267806292 0.05809466378763318 0.05804511534050107 1.896385242616816e-06
    34.0    
0.20728321373462677 1.077410340309143 0.47844940423965454 train 35.0 0.1167438193410635 0.058097929172217844 0.05801736742258072 2.3525428787252167e-06
    35.0    
0.20654988288879395 1.0762594938278198 0.4782885015010834 train 36.0 0.11661742080003024 0.05803938904777169 0.0579489584453404 2.9537975478888256e-06
    36.0    
0.2033141404390335 1.0838044881820679 0.47784119844436646 train 37.0 0.1166417245939374 0.05803431123495102 0.057978756874799725 2.709470891204546e-06
    37.0    
0.2025732547044754 1.0912319421768188 0.47732314467430115 train 38.0 0.11666729517281055 0.058071818556636574 0.05796669544652104 2.754107072178158e-06
    38.0    
0.2013414055109024 1.0878535509109497 0.4746326804161072 train 39.0 0.1168820457905531 0.05815343311056495 0.058101336229592564 3.0749724828638136e-06
    39.0    
0.19974307715892792 1.0987242460250854 0.47519639134407043 train 40.0 0.11674588933587074 0.058095723800361154 0.05802119391039014 2.5339211333630374e-06
    40.0    
0.19798427820205688 1.10805082321167 0.4741014242172241 train 41.0 0.11664759885519743 0.05804279984906316 0.057976764664053916 2.6512989279581234e-06
    41.0    
0.19807475805282593 1.1089470386505127 0.4752204716205597 train 42.0 0.1165680605918169 0.057983622569590804 0.0579610800370574 1.868986487352231e-06
    42.0    
0.19629040360450745 1.1115667819976807 0.4749104678630829 train 43.0 0.11658681772649288 0.05799563962966204 0.05796737413853407 2.8394119908625726e-06
    43.0    
0.19300492107868195 1.1210741996765137 0.47426751255989075 train 44.0 0.11638843234628439 0.05789931420236826 0.057866343576461074 1.6069327557488577e-06
    44.0    
0.19226910173892975 1.1312118768692017 0.47549399733543396 train 45.0 0.11649873163551092 0.0579510061815381 0.057926462162286044 3.1727799978398252e-06
    45.0    
0.1925530582666397 1.132753610610962 0.4764881730079651 train 46.0 0.1165619433298707 0.057976595535874365 0.05796502554789185 2.596249260022887e-06
    46.0    
0.19014042615890503 1.1366219520568848 0.4764429032802582 train 47.0 0.11644476782530547 0.0579152188077569 0.057907194029539824 2.7461242098070215e-06
    47.0    
0.18852220475673676 1.1444189548492432 0.4785026013851166 train 48.0 0.11643491290509701 0.05791645109653473 0.057896774262189865 4.2453393689356744e-06
    48.0    
0.18788160383701324 1.1516519784927368 0.47858521342277527 train 49.0 0.11679585579782724 0.05810162859037518 0.05807113513350487 2.6710101792559726e-06
    49.0    
0.1845068335533142 1.1528147459030151 0.47615572810173035 train 50.0 0.11650674980133773 0.0579472597129643 0.057938967887312176 2.6663076369004557e-06
    50.0    
0.18576325476169586 1.164789080619812 0.477845162153244 train 51.0 0.11640324160456657 0.05788648622110486 0.05789609011262655 4.218180492898682e-06
    51.0    
0.18431109189987183 1.1804829835891724 0.47994986176490784 train 52.0 0.1165473933890462 0.057964020278304815 0.057961019687354565 2.078882744172006e-06
    52.0    
0.18169786036014557 1.1802736520767212 0.476955771446228 train 53.0 0.11644745830446482 0.05788845365867019 0.05793970251455903 2.623080717967241e-06
    53.0    
0.1832071840763092 1.1845320463180542 0.47898006439208984 train 54.0 0.11640728883445263 0.057848273180425167 0.05794154617935419 1.925242713696207e-06
    54.0    
0.1806664764881134 1.1962692737579346 0.47829973697662354 train 55.0 0.11617495734244584 0.057768032029271124 0.05779140502214432 2.529997573219589e-06
    55.0    
0.1810726374387741 1.19651460647583 0.477008193731308 train 56.0 0.11625295132398605 0.0577824979275465 0.057856299895793196 2.761564928732696e-06
    56.0    
0.17988842725753784 1.2088795900344849 0.47886595129966736 train 57.0 0.11643770951777696 0.05790452484041452 0.057918165866285565 2.21926711674314e-06
    57.0    
0.17923550307750702 1.2106932401657104 0.4802248775959015 train 58.0 0.11617890644818545 0.057767886240035295 0.05779601166024804 3.28559667650552e-06
    58.0    
0.17900049686431885 1.2267063856124878 0.4787360429763794 train 59.0 0.11612167932093144 0.05771441476419568 0.057794934082776306 2.913217031164095e-06
    59.0    
0.17862460017204285 1.2356566190719604 0.47914159297943115 train 60.0 0.11631685394793749 0.0578148434497416 0.05788760138675571 2.372606559220003e-06
    60.0    
0.17872819304466248 1.247054100036621 0.48240774869918823 train 61.0 0.11621842734515667 0.057746318746358154 0.05785763965919614 2.9719433314312482e-06
    61.0    
0.17840918898582458 1.2584033012390137 0.4794170558452606 train 62.0 0.1164839455112815 0.05788948738947511 0.057978136502206325 2.731498625507811e-06
    62.0    
0.17862437665462494 1.264891505241394 0.4807192087173462 train 63.0 0.11605683572590351 0.05770452717319131 0.057739965934306386 2.5750020995474188e-06
    63.0    
0.17745399475097656 1.2706328630447388 0.4820239543914795 train 64.0 0.116234019882977 0.057767293471843006 0.05785607099533081 3.026218109880574e-06
    64.0    
0.17709453403949738 1.2792624235153198 0.48574715852737427 train 65.0 0.11638816002756357 0.057844061329960825 0.057931799925863746 4.095805252291029e-06
    65.0    
0.1782337874174118 1.3031949996948242 0.4860546588897705 train 66.0 0.11602708488702775 0.057641042601317166 0.05777724329382181 2.086640279230778e-06
    66.0    
0.17742803692817688 1.3106272220611572 0.4860410690307617 train 67.0 0.1164820248261094 0.057898898776620626 0.05797125665470958 1.9174983663106104e-06
    67.0    
0.17644082009792328 1.3247966766357422 0.4874308109283447 train 68.0 0.11628360889852046 0.057776286583393816 0.05789675565436483 2.5366066438436974e-06
    68.0    
0.17518702149391174 1.3272531032562256 0.4867198169231415 train 69.0 0.11636567153036595 0.05782902983948588 0.057926574796438215 1.3336441497813212e-06
    69.0    
0.17743077874183655 1.353690505027771 0.4909495413303375 train 70.0 0.11614729598164558 0.05770885428413749 0.057830546516925097 1.9433971374382963e-06
    70.0    
0.1765826940536499 1.3788106441497803 0.4917360544204712 train 71.0 0.11596222121268511 0.05761670652776957 0.05773944573476911 1.7341088778266567e-06
    71.0    
0.17551888525485992 1.3857342004776 0.4932490885257721 train 72.0 0.11614801749587059 0.0577173126116395 0.057820144798606636 2.329704102521646e-06
    72.0    
0.1765696257352829 1.4084053039550781 0.49854981899261475 train 73.0 0.11617601044476032 0.057729153223335744 0.057838261984288694 2.3250315734912874e-06
    73.0    
0.1773841679096222 1.4327936172485352 0.4982564449310303 train 74.0 0.11578381720930338 0.05752083659172058 0.057658635135740044 1.5032300098027918e-06
    74.0    
0.17695778608322144 1.4500266313552856 0.4990532100200653 train 75.0 0.115958049595356 0.057620380371809006 0.057731794137507675 2.9619038741657278e-06
    75.0    
0.1771775335073471 1.4675962924957275 0.501552164554596 train 76.0 0.11584825608879327 0.05755108335986733 0.057695862241089343 1.1886751281053876e-06
    76.0    
0.17747139930725098 1.4885534048080444 0.5014323592185974 train 77.0 0.11598961889743804 0.05762242883443833 0.057763763293623926 2.16699345401139e-06
    77.0    
0.17794005572795868 1.5121712684631348 0.5013691782951355 train 78.0 0.11567362416535616 0.057455803100019694 0.05761560954153538 1.6596303566984716e-06
    78.0    
0.1768939048051834 1.5456242561340332 0.5071390867233276 train 79.0 0.1160200421884656 0.05762712126597762 0.05779187036678195 2.292614908583346e-06
    79.0    
0.1765592098236084 1.5666934251785278 0.5109187364578247 train 80.0 0.11579861458390951 0.057533948123455046 0.05766370303928852 2.2854201233712956e-06
    80.0    
0.17621001601219177 1.5998777151107788 0.5136281251907349 train 81.0 0.1161470115929842 0.057671746015548704 0.05787690978497267 2.8146771455794806e-06
    81.0    
0.17658671736717224 1.6263729333877563 0.5173983573913574 train 82.0 0.11570861294865609 0.05746068324893713 0.057651323433965444 2.0545180632325355e-06
    82.0    
0.17701315879821777 1.658666968345642 0.5196484327316284 train 83.0 0.11596146408468484 0.05761841464787722 0.05774633543565869 1.9128881376673235e-06
    83.0    
0.17924675345420837 1.6849563121795654 0.5193608403205872 train 84.0 0.11558829203248024 0.05741008721292019 0.05758226670324802 2.9450022793753305e-06
    84.0    
0.1784469038248062 1.7266063690185547 0.5239289402961731 train 85.0 0.11565474584698678 0.05743141256272793 0.05762891126796603 2.44942270910542e-06
    85.0    
0.1791565716266632 1.7465338706970215 0.5251093506813049 train 86.0 0.11567435193806887 0.057444948237389326 0.05763798801228404 2.292146064064582e-06
    86.0    
0.18151675164699554 1.7765262126922607 0.5265966653823853 train 87.0 0.11556053075939417 0.05735213156789541 0.05761848460882902 2.0667446278821444e-06
    87.0    
0.180063858628273 1.8104517459869385 0.529958188533783 train 88.0 0.11580490354448557 0.05750291047617793 0.057710897605866195 2.9073266887280624e-06
    88.0    
0.17897170782089233 1.8399171829223633 0.5339796543121338 train 89.0 0.11565533183515071 0.05742906058207154 0.05763727370649576 2.248704504381749e-06
    89.0    
0.18048349022865295 1.8617894649505615 0.5340035557746887 train 90.0 0.11560273058712482 0.05740969052538276 0.05760389488190412 2.1138141619303497e-06
    90.0    
0.1796272248029709 1.8906610012054443 0.534627377986908 train 91.0 0.11559337135404349 0.057394460905343295 0.057612309083342556 2.2435201572079677e-06
    91.0    
0.181813582777977 1.9168661832809448 0.5398449897766113 train 92.0 0.11565433651208877 0.057458168752491476 0.057609309777617454 2.0046081772306934e-06
    92.0    
0.17961667478084564 1.9435486793518066 0.5419203042984009 train 93.0 0.11562352180480957 0.05742396797984838 0.057615792099386456 1.8585254792924388e-06
    93.0    
0.1814342737197876 1.972131609916687 0.5477241277694702 train 94.0 0.11571683317422866 0.05745694477111101 0.0576757981069386 2.4916273559938418e-06
    94.0    
0.1799549162387848 1.9918068647384644 0.546081006526947 train 95.0 0.11567875102162362 0.057447415199130776 0.05764665741473436 1.7764734820957528e-06
    95.0    
0.1803140938282013 2.0147130489349365 0.549476146697998 train 96.0 0.11607365936040878 0.05763865310698748 0.057852421142160895 2.8199112875881838e-06
    96.0    
0.17974209785461426 2.041449785232544 0.5508623123168945 train 97.0 0.11572181481868028 0.05746544107794762 0.057673238553106784 2.121119905496016e-06
    97.0    
0.18124432861804962 2.058413028717041 0.5506348609924316 train 98.0 0.11549278404563665 0.05733213946223259 0.05758062783628702 1.6637210364933708e-06
    98.0    
0.18194253742694855 2.0803346633911133 0.5563995242118835 train 99.0 0.1154621671140194 0.05731931308284402 0.05756642457097769 2.7447431421023794e-06
    99.0    
