Corr-Diag Corr-Full Corr-Swap Data Epoch Loss MMD-Full MMD-Swap Mean
0.21170079708099365 1.8598928451538086 0.5893613696098328 train 0.0 0.2622495559602976 0.13788295701146125 0.11117455493658782 4.020891719846986e-05
    0.0    
0.25784656405448914 1.526881456375122 0.549035906791687 train 1.0 0.14591501489281655 0.07339711595326662 0.06884560976177453 3.1395902624353766e-05
    1.0    
0.27602922916412354 1.3185535669326782 0.5226287245750427 train 2.0 0.13242280088365077 0.06589387759566306 0.06400234635919333 2.3926741050672717e-05
    2.0    
0.28572574257850647 1.227241039276123 0.5092651844024658 train 3.0 0.12762396201491355 0.06333076372742653 0.06222761092707515 2.3011980374576524e-05
    3.0    
0.29055458307266235 1.1628642082214355 0.49504348635673523 train 4.0 0.12508457131683826 0.062015596572309734 0.06124773440882564 2.3295791834243573e-05
    4.0    
0.29484400153160095 1.1232309341430664 0.4864179790019989 train 5.0 0.12366361118853092 0.06136063752695918 0.06063898291438818 2.268475145683624e-05
    5.0    
0.29617780447006226 1.0827709436416626 0.4780474007129669 train 6.0 0.12243273317813873 0.06076118594035506 0.060128962900489566 1.7513848433736712e-05
    6.0    
0.2976667582988739 1.0466468334197998 0.4683407247066498 train 7.0 0.12164647359400987 0.06036401882767677 0.059845925383269785 1.7140222553280182e-05
    7.0    
0.30082952976226807 1.0111366510391235 0.46263837814331055 train 8.0 0.12103025499731303 0.060089989602565765 0.05959371635690332 1.6576539564994164e-05
    8.0    
0.30141404271125793 0.9816921949386597 0.457795649766922 train 9.0 0.12003710336983203 0.059637035485357044 0.059135224986821416 1.6164618500624783e-05
    9.0    
0.3022684156894684 0.954461932182312 0.4467135965824127 train 10.0 0.11980199009180069 0.05957744600251317 0.05902899274602533 1.5444575183209963e-05
    10.0    
0.3011666238307953 0.9318351149559021 0.44347047805786133 train 11.0 0.11968175403773784 0.05950966374948621 0.059046393539756534 1.410536697221687e-05
    11.0    
0.29935750365257263 0.9229404926300049 0.4383828639984131 train 12.0 0.11945202723145484 0.059406007044017314 0.05898174196481705 1.3722131370741408e-05
    12.0    
0.2988511025905609 0.9179820418357849 0.4340156316757202 train 13.0 0.11912361104041339 0.05929946633055806 0.05880623383447528 1.1936981536564417e-05
    13.0    
0.29913660883903503 0.9095962047576904 0.4324323534965515 train 14.0 0.11861309144645929 0.05904522884637117 0.05859232058748603 1.3043622857367154e-05
    14.0    
0.2997477948665619 0.9114524722099304 0.4276678264141083 train 15.0 0.11849702302366495 0.05901978543028236 0.05853627141565085 1.14324466267135e-05
    15.0    
0.2983390688896179 0.9174199104309082 0.4263993799686432 train 16.0 0.11860820017755032 0.05909415867179632 0.05859443254768849 1.0521946933295112e-05
    16.0    
0.3013707399368286 0.933780312538147 0.42676249146461487 train 17.0 0.11814828507602215 0.058841719552874566 0.05841660963371396 8.481910299451556e-06
    17.0    
0.3019097149372101 0.9557457566261292 0.42706185579299927 train 18.0 0.11813840758055448 0.0588499834574759 0.05841652736067772 8.458849151793402e-06
    18.0    
0.30180901288986206 0.9835130572319031 0.42433595657348633 train 19.0 0.1181756178662181 0.05887853130698204 0.058442482221871615 7.627444574609399e-06
    19.0    
0.3030036985874176 1.0187625885009766 0.42635205388069153 train 20.0 0.11810806401073932 0.05884979331865907 0.058422476463019846 7.3968199103546795e-06
    20.0    
0.30223920941352844 1.0630979537963867 0.4290277361869812 train 21.0 0.11797515477985143 0.05878739448264241 0.05836790153756738 7.409240879496792e-06
    21.0    
0.30228203535079956 1.1039875745773315 0.42896631360054016 train 22.0 0.11824305988848209 0.058921299409121275 0.05851434696465731 6.829877293057507e-06
    22.0    
0.30136311054229736 1.1539353132247925 0.4332209527492523 train 23.0 0.11782973229885102 0.05871452571824193 0.058322327118366955 5.1059737415926065e-06
    23.0    
0.3019688129425049 1.1966969966888428 0.4334583580493927 train 24.0 0.11750009294599295 0.058552073054015635 0.05816653173416853 6.880401542730397e-06
    24.0    
0.3010895252227783 1.2618093490600586 0.43995335698127747 train 25.0 0.11773429937660694 0.05864102268591523 0.05832455325871706 5.099285772303119e-06
    25.0    
0.2996450960636139 1.3104069232940674 0.4422486126422882 train 26.0 0.11761741541326046 0.058609870821237565 0.05824841247871518 6.3945090005290695e-06
    26.0    
0.30126309394836426 1.3778389692306519 0.4458632469177246 train 27.0 0.11752461157739162 0.05856059782207012 0.05821588290855288 3.621983751145308e-06
    27.0    
0.3016553819179535 1.433235764503479 0.44912511110305786 train 28.0 0.11740990590304136 0.0585138451308012 0.058157098032534126 4.202252057439182e-06
    28.0    
0.29801511764526367 1.4845815896987915 0.4531466066837311 train 29.0 0.11759847927838564 0.0586213593184948 0.05824686378240585 4.141183580941288e-06
    29.0    
0.297985315322876 1.541739583015442 0.4588376581668854 train 30.0 0.11729062471538781 0.05845239363610744 0.05811567731201649 3.6026285670232028e-06
    30.0    
0.2964804172515869 1.586180567741394 0.46029549837112427 train 31.0 0.11760433379560709 0.05859708191826939 0.05829105315729976 5.5116001931310166e-06
    31.0    
0.29721906781196594 1.6413346529006958 0.4670550227165222 train 32.0 0.11708058912307023 0.05835567880421877 0.0580166575871408 3.862885478156386e-06
    32.0    
0.2950681447982788 1.6829769611358643 0.4722287058830261 train 33.0 0.1174134374782443 0.058519975133240226 0.05819014804437757 3.0829833121970296e-06
    33.0    
0.29423123598098755 1.7400033473968506 0.47523489594459534 train 34.0 0.117303795106709 0.058451558854430916 0.05815719312056899 3.8977736949163955e-06
    34.0    
0.2929385006427765 1.770309329032898 0.47628650069236755 train 35.0 0.11708268869668245 0.05834677085280418 0.05804576063528657 2.8810482035623863e-06
    35.0    
0.29202744364738464 1.8167260885238647 0.4799017012119293 train 36.0 0.1171250469237566 0.05833868414163589 0.05810155114158988 3.538526016200194e-06
    36.0    
0.2916853427886963 1.8438712358474731 0.4822259247303009 train 37.0 0.11726046200841665 0.05842488866299391 0.05815407544374466 5.76240290683927e-06
    37.0    
0.2923109829425812 1.8789029121398926 0.486849844455719 train 38.0 0.11700399838387966 0.05829601550474763 0.05803370261564851 2.7686132852977607e-06
    38.0    
0.2899388372898102 1.8964576721191406 0.48709335923194885 train 39.0 0.1171291559189558 0.05838082205504179 0.05807549012824893 2.1868067960895132e-06
    39.0    
0.28889814019203186 1.9289237260818481 0.48787403106689453 train 40.0 0.1167619101703167 0.05818908248096705 0.057906014509499074 2.7391213279770454e-06
    40.0    
0.28815439343452454 1.9473276138305664 0.4903138279914856 train 41.0 0.11705730624496936 0.05833059873431921 0.058061375264078376 3.085837761318544e-06
    41.0    
0.2853703796863556 1.9725033044815063 0.48900339007377625 train 42.0 0.11691558562219143 0.058239844981580975 0.058019142262637616 2.881845830415841e-06
    42.0    
0.2877803146839142 2.001295328140259 0.49343010783195496 train 43.0 0.1167263961955905 0.058150722309947014 0.05792031807824969 3.9536075746582355e-06
    43.0    
0.28424736857414246 2.0065371990203857 0.4928639531135559 train 44.0 0.11691925223916769 0.05825372461229563 0.058014831691980365 3.205358780178358e-06
    44.0    
0.28359803557395935 2.0115418434143066 0.4939531981945038 train 45.0 0.11678538627922536 0.05819432245567441 0.05794454162940383 2.2507281300931936e-06
    45.0    
0.2818278968334198 2.0260303020477295 0.492636501789093 train 46.0 0.11664622571319341 0.058114223405718805 0.057887176238000396 2.7532507829164388e-06
    46.0    
0.27848511934280396 2.041048526763916 0.49128633737564087 train 47.0 0.11687760695815086 0.05820777613669634 0.0580269761569798 2.6216262085654307e-06
    47.0    
0.278888076543808 2.049250602722168 0.49474409222602844 train 48.0 0.11668571013957262 0.05814524780958891 0.057896975912153724 2.301468157384079e-06
    48.0    
0.27827146649360657 2.0476818084716797 0.49216729402542114 train 49.0 0.11648335721343756 0.05804411865770817 0.05779820481315255 2.5382887542946264e-06
    49.0    
0.27906763553619385 2.0458545684814453 0.4919721186161041 train 50.0 0.11652676939964295 0.058046504724770784 0.05784313037991524 4.346067271399079e-06
    50.0    
0.2784934639930725 2.050851345062256 0.49492332339286804 train 51.0 0.11691222120076418 0.058221683502197266 0.058051821682602166 2.9774689664918697e-06
    51.0    
0.2784634232521057 2.0465903282165527 0.4915502071380615 train 52.0 0.11662208057940006 0.058084673956036566 0.05790482204407454 3.37759115609515e-06
    52.0    
0.27624326944351196 2.0369653701782227 0.4920424222946167 train 53.0 0.11671628151088953 0.05811837919056415 0.05796692792326212 2.0569805201375857e-06
    53.0    
0.27418652176856995 2.0316309928894043 0.4893990159034729 train 54.0 0.11668108891695737 0.05808093639090657 0.05797213027253747 2.6658469778340077e-06
    54.0    
0.27402088046073914 2.026388645172119 0.49050047993659973 train 55.0 0.11667440220713615 0.05809362536296248 0.05795240273699164 2.8764206945197657e-06
    55.0    
0.275537371635437 2.0186946392059326 0.4912964403629303 train 56.0 0.11638327099382878 0.05796014435589313 0.05779760919511318 2.1174525954847923e-06
    56.0    
0.27416273951530457 2.007267475128174 0.48674046993255615 train 57.0 0.11664022639393806 0.05812493484467268 0.05788801189512014 3.986558567703469e-06
    57.0    
0.2728384733200073 1.9875696897506714 0.4879288375377655 train 58.0 0.11657548293471337 0.05807556264102459 0.05787614909932017 3.607392272897414e-06
    58.0    
0.2738478183746338 1.9912577867507935 0.49244678020477295 train 59.0 0.11625794190913438 0.057886709813028576 0.057752369120717045 2.930832124548033e-06
    59.0    
0.2718857228755951 1.9672120809555054 0.4887247383594513 train 60.0 0.11651215367019177 0.058032116163522 0.05785981981083751 3.0573835374525515e-06
    60.0    
0.27145737409591675 1.9627176523208618 0.48899856209754944 train 61.0 0.11628329742699861 0.05791457440704107 0.05775239061564207 3.4760687412926927e-06
    61.0    
0.27096492052078247 1.9513492584228516 0.4884963631629944 train 62.0 0.11615335550159216 0.05784136401489377 0.0576968296431005 3.3238532068935456e-06
    62.0    
0.27108263969421387 1.9429384469985962 0.48758041858673096 train 63.0 0.1163018824160099 0.057906795535236595 0.05778097737580538 2.5413976345589617e-06
    63.0    
0.2707545757293701 1.9322631359100342 0.4907807409763336 train 64.0 0.11610555440187455 0.05780212048441172 0.05769313355907798 4.481762971408898e-06
    64.0    
0.2700861692428589 1.9194574356079102 0.4898667633533478 train 65.0 0.11610877092927695 0.05782068779692054 0.057679491993039844 2.7442436021374306e-06
    65.0    
0.2683647572994232 1.912278413772583 0.4884254038333893 train 66.0 0.11659971229732037 0.05803144307807088 0.05795851351693273 2.676056055861409e-06
    66.0    
0.2667481303215027 1.9066919088363647 0.48994648456573486 train 67.0 0.11641195721924305 0.05795344095677137 0.05785066848620772 3.7466838875843678e-06
    67.0    
0.26706501841545105 1.8934227228164673 0.4897702932357788 train 68.0 0.11626302815973759 0.05787967639043927 0.05777763059362769 3.5880857467418537e-06
    68.0    
0.26469895243644714 1.8855684995651245 0.4869118928909302 train 69.0 0.11608080510050059 0.05776479231193662 0.057714356128126386 2.6502359560254263e-06
    69.0    
0.26623985171318054 1.887286901473999 0.4922785758972168 train 70.0 0.11595329903066158 0.05770844228565693 0.05764287248253822 2.114955123033724e-06
    70.0    
0.2661847472190857 1.892958402633667 0.491763710975647 train 71.0 0.11582681737840175 0.05764279806986451 0.057585098687559365 4.565442395687569e-06
    71.0    
0.2647637128829956 1.8767139911651611 0.4890112280845642 train 72.0 0.11616315491497517 0.0578232697211206 0.05774049850180745 3.915175057045417e-06
    72.0    
0.264187753200531 1.8789249658584595 0.4880644977092743 train 73.0 0.11601269248872996 0.05773953203111887 0.05767421141266823 3.0192059057299048e-06
    73.0    
0.26305392384529114 1.8704200983047485 0.4885992705821991 train 74.0 0.11616176638752222 0.057785613033920526 0.05777977185323834 2.6960301511280704e-06
    74.0    
0.26133283972740173 1.8745743036270142 0.48347997665405273 train 75.0 0.11571552440524101 0.05760778810828924 0.057512704115360976 2.2779684059059946e-06
    75.0    
0.26248422265052795 1.8668268918991089 0.4880896210670471 train 76.0 0.11609389919787645 0.05774777375161648 0.05775151941925287 2.8442129860195564e-06
    76.0    
0.2620909810066223 1.8649463653564453 0.4868714511394501 train 77.0 0.11596080150455236 0.05773267898708582 0.05763316735625267 2.899671699196915e-06
    77.0    
0.2602708637714386 1.8638302087783813 0.48623499274253845 train 78.0 0.11610781461000443 0.057765621971338985 0.057750134095549584 3.4797446915035835e-06
    78.0    
0.2609653174877167 1.8669586181640625 0.48865973949432373 train 79.0 0.1158897078409791 0.05765970276668668 0.057639633901417256 1.7692688061288209e-06
    79.0    
0.2604016363620758 1.8537689447402954 0.48553094267845154 train 80.0 0.11605901036411524 0.057750282511115074 0.05771838292479515 3.0213889203878352e-06
    80.0    
0.2612124979496002 1.8598560094833374 0.4890550673007965 train 81.0 0.11592976741492748 0.05767056522890925 0.057670007422566415 3.570976105038426e-06
    81.0    
0.26019611954689026 1.8562971353530884 0.4838804006576538 train 82.0 0.11593749437481166 0.05768273772671819 0.05766844507306814 2.293355237270589e-06
    82.0    
0.25956904888153076 1.847822904586792 0.48370030522346497 train 83.0 0.11562709897756576 0.05753218656405806 0.057510636374354364 1.883915729194996e-06
    83.0    
0.2606264650821686 1.8524742126464844 0.48365697264671326 train 84.0 0.1157287746295333 0.057568303868174554 0.057577068526297806 2.634828661030042e-06
    84.0    
0.2589522898197174 1.851516604423523 0.48624032735824585 train 85.0 0.11596441965550185 0.05770862618461251 0.057670903988182545 2.3280776986212004e-06
    85.0    
0.25856971740722656 1.847826361656189 0.4824601709842682 train 86.0 0.11556900512427092 0.05749189235270023 0.05749515382573009 3.3796859497670084e-06
    86.0    
0.2587880790233612 1.844192624092102 0.48273834586143494 train 87.0 0.11573103707283736 0.057584091145545246 0.05756515810266137 2.9449602152453735e-06
    87.0    
0.2560768723487854 1.8451906442642212 0.47710713744163513 train 88.0 0.11598381131887436 0.05769628893584013 0.05770248431712389 2.880240572267212e-06
    88.0    
0.25880613923072815 1.8349511623382568 0.47876718640327454 train 89.0 0.11580788899213075 0.05760961469262838 0.057615941166877745 2.236555928902817e-06
    89.0    
0.2557832896709442 1.8377187252044678 0.4779868721961975 train 90.0 0.11562014974653721 0.057515603862702845 0.05752545611932874 2.8332447072898503e-06
    90.0    
0.25675421953201294 1.8280103206634521 0.47782862186431885 train 91.0 0.11551204457879066 0.05746645415201783 0.05746259670704603 3.747209802895668e-06
    91.0    
0.2546837329864502 1.8246862888336182 0.4769304692745209 train 92.0 0.11600280698388815 0.05770274255424738 0.057719477713108064 1.929725158333895e-06
    92.0    
0.2527539134025574 1.816062331199646 0.4741794168949127 train 93.0 0.11581141449511051 0.05761932039633393 0.057611097153276204 2.6476006951270392e-06
    93.0    
0.25533178448677063 1.8137000799179077 0.4759913682937622 train 94.0 0.11589869908988476 0.05765022497624159 0.057664795387536286 3.0803191748418612e-06
    94.0    
0.25440943241119385 1.8162055015563965 0.4777427017688751 train 95.0 0.11581857446581126 0.05761624047532678 0.05761967459693551 4.377789537102217e-06
    95.0    
0.25445911288261414 1.8086271286010742 0.47286590933799744 train 96.0 0.11579240571707487 0.05756299188360572 0.057651438564062116 1.9934739157179138e-06
    96.0    
0.2535058259963989 1.800466775894165 0.4695017337799072 train 97.0 0.11601661786437034 0.05769519468769431 0.05774025481194258 2.9600032576126978e-06
    97.0    
0.2532656490802765 1.7969176769256592 0.4713413417339325 train 98.0 0.11593191258609295 0.057639887649565937 0.05771058533340692 2.6840714326681336e-06
    98.0    
0.25632256269454956 1.7911503314971924 0.47618138790130615 train 99.0 0.11572463639080524 0.05755365444347262 0.057594641353935 2.3209686332847923e-06
    99.0    
