Corr-Diag Corr-Full Corr-Swap Data Epoch Loss MMD-Full MMD-Swap Mean
0.2755787968635559 1.6504406929016113 0.5799822211265564 train 0.0 0.2872212255746126 0.1117590744420886 0.09234645012766123 2.0843639504164457e-05
    0.0    
0.30369898676872253 1.287686824798584 0.5179401636123657 train 1.0 0.15183456294238568 0.06781924780458212 0.06435978833585977 1.7152957298094407e-05
    1.0    
0.3160460889339447 1.1329185962677002 0.49194902181625366 train 2.0 0.13800144001841544 0.0633749533444643 0.0616919045895338 1.3008061614527833e-05
    2.0    
0.3241887092590332 1.045617938041687 0.4766336679458618 train 3.0 0.13312932215631007 0.06183189088478684 0.060661326367408036 1.3274397133500315e-05
    3.0    
0.3288375735282898 0.9875770211219788 0.46691247820854187 train 4.0 0.12973523136228324 0.060725775845348835 0.05974994048476219 1.066884033207316e-05
    4.0    
0.3326009213924408 0.9524747133255005 0.4561569094657898 train 5.0 0.12805880080908538 0.06029600912705064 0.05947475852444768 1.048252761393087e-05
    5.0    
0.33366820216178894 0.937469482421875 0.4471134543418884 train 6.0 0.12686445947736502 0.05998595800250769 0.059210470523685214 1.1396530680940486e-05
    6.0    
0.3331901431083679 0.9213033318519592 0.4414869546890259 train 7.0 0.12590103168040515 0.05972876489162445 0.0589549233019352 8.601195077062584e-06
    7.0    
0.3355970084667206 0.9103772044181824 0.4363822042942047 train 8.0 0.12543076388537883 0.05964429549872875 0.058906120117753744 7.4578529165592045e-06
    8.0    
0.3391548991203308 0.9174595475196838 0.430018812417984 train 9.0 0.12469571318477392 0.05938676519319415 0.05866871604695916 7.240858394652605e-06
    9.0    
0.34121987223625183 0.9278526306152344 0.42683202028274536 train 10.0 0.12432249471545219 0.059274857230484486 0.058565698582679036 6.108803972892929e-06
    10.0    
0.3439236581325531 0.9509747624397278 0.42503032088279724 train 11.0 0.12420841421931982 0.05926203288137913 0.05856836827471852 5.620366664516041e-06
    11.0    
0.34605222940444946 0.9937016367912292 0.42410194873809814 train 12.0 0.12410941231995821 0.05924359129741788 0.058555324729532 6.889156338729663e-06
    12.0    
0.35020697116851807 1.0453863143920898 0.42204806208610535 train 13.0 0.12370426464825869 0.05908186169341206 0.05839998608455062 3.984405793744372e-06
    13.0    
0.35422980785369873 1.098232388496399 0.42127516865730286 train 14.0 0.12381859704852104 0.05915002819150686 0.05852782748639584 3.629775164881721e-06
    14.0    
0.35487619042396545 1.1779741048812866 0.42547816038131714 train 15.0 0.12351883757859468 0.05905038312077522 0.05841523889452219 3.488139554974623e-06
    15.0    
0.3581116199493408 1.2545067071914673 0.4286608397960663 train 16.0 0.12328928329050541 0.058963996060192585 0.058334786333143714 2.733061137405457e-06
    16.0    
0.3595734238624573 1.3379161357879639 0.43306630849838257 train 17.0 0.12309521984308958 0.05889123186469078 0.05827078154310584 4.0310624171979725e-06
    17.0    
0.3592067062854767 1.3967381715774536 0.4350167214870453 train 18.0 0.12339026041328907 0.059054033178836104 0.05849670859053731 3.099916739301989e-06
    18.0    
0.3623071014881134 1.4601738452911377 0.44263339042663574 train 19.0 0.12285667542368174 0.05880789514631033 0.05823745304718614 3.8995317481749225e-06
    19.0    
0.3632374107837677 1.5053380727767944 0.4494723081588745 train 20.0 0.12282082196325064 0.05882392544299364 0.05824790282174945 2.4164910428225994e-06
    20.0    
0.36489757895469666 1.5402203798294067 0.4555233120918274 train 21.0 0.12265192285180092 0.0587520794570446 0.05821322239935398 2.935477823484689e-06
    21.0    
0.3656274080276489 1.5796728134155273 0.46524524688720703 train 22.0 0.12241496246308088 0.058679528571665286 0.058125092536211016 2.134386704710778e-06
    22.0    
0.36805760860443115 1.6081162691116333 0.4748120605945587 train 23.0 0.12249208346009255 0.058715198338031765 0.058220859933644536 3.1493339065491455e-06
    23.0    
0.3675430715084076 1.6389278173446655 0.4836585223674774 train 24.0 0.12218674097210169 0.058594384081661705 0.05809368871152401 1.741407345434709e-06
    24.0    
0.36756768822669983 1.6522839069366455 0.4910303056240082 train 25.0 0.12218853112310171 0.058608169462531806 0.05813599305227399 3.5416985610936536e-06
    25.0    
0.36787304282188416 1.6793289184570312 0.5040252804756165 train 26.0 0.1218686892092228 0.05848111871629953 0.058017894960939884 2.479025852153427e-06
    26.0    
0.36804866790771484 1.699831485748291 0.5099522471427917 train 27.0 0.12169419769197702 0.05841360477730632 0.05798932870849967 3.283159458078444e-06
    27.0    
0.36601191759109497 1.7178088426589966 0.5153883099555969 train 28.0 0.12186555989086628 0.0585247995518148 0.05810174437239766 3.5925409065384883e-06
    28.0    
0.36620402336120605 1.7323493957519531 0.5242311954498291 train 29.0 0.12136792976409197 0.05829711724072695 0.05789660003036261 2.8276715511310613e-06
    29.0    
0.36498311161994934 1.7559475898742676 0.5303213596343994 train 30.0 0.12151016250252723 0.05835982389748096 0.05800202790647745 3.0257735943450825e-06
    30.0    
0.36344844102859497 1.761634349822998 0.5336334109306335 train 31.0 0.12125381153076888 0.058259900584816934 0.057928397040814164 2.8540864605020033e-06
    31.0    
0.3622874617576599 1.7779794931411743 0.5392794609069824 train 32.0 0.12121919091790914 0.05827282989397645 0.05791129132732749 3.490652716209297e-06
    32.0    
0.35910776257514954 1.7786544561386108 0.5380635857582092 train 33.0 0.12135466378182173 0.05834792299196124 0.05801596105098725 5.112375220051035e-06
    33.0    
0.3591516613960266 1.7885050773620605 0.5446175336837769 train 34.0 0.12104189049452543 0.058182666394859556 0.05790060183033347 3.010726231877925e-06
    34.0    
0.35665833950042725 1.7867391109466553 0.5425884127616882 train 35.0 0.12117251932621002 0.058268710914999244 0.05799073558300734 3.153857733195764e-06
    35.0    
0.3553054928779602 1.786545991897583 0.5445544719696045 train 36.0 0.12089512899518012 0.05816343247890472 0.057866351902484896 2.240772118966561e-06
    36.0    
0.3533925712108612 1.7882540225982666 0.5446464419364929 train 37.0 0.12100488632917404 0.05820836447179317 0.05793300673365593 3.719984988492797e-06
    37.0    
0.3541070520877838 1.7805958986282349 0.5439711213111877 train 38.0 0.12085917424410582 0.058144550994038584 0.0578557363152504 3.210274826415116e-06
    38.0    
0.35097721219062805 1.7758442163467407 0.5404598712921143 train 39.0 0.12094227351248264 0.05818055627867579 0.057926144562661645 3.931117134925444e-06
    39.0    
0.3504786491394043 1.7729278802871704 0.5425270199775696 train 40.0 0.12072883680462837 0.05810671467334032 0.05781145641580224 4.104575054952875e-06
    40.0    
0.34937694668769836 1.767027497291565 0.5399477481842041 train 41.0 0.12091043490916491 0.0581608066894114 0.0579682794958353 3.642124738689745e-06
    41.0    
0.34924232959747314 1.7607160806655884 0.5400692224502563 train 42.0 0.12030822578817606 0.057896224539726975 0.05767131567001343 3.0058602078497643e-06
    42.0    
0.34828850626945496 1.7474596500396729 0.5342558026313782 train 43.0 0.12028135918080807 0.05789373226463795 0.05765938498079777 2.674783900147304e-06
    43.0    
0.3444036543369293 1.7439736127853394 0.5350867509841919 train 44.0 0.12035335540771484 0.05792296115309 0.057717314921319485 4.094657924724743e-06
    44.0    
0.34497514367103577 1.7351224422454834 0.5351570844650269 train 45.0 0.12024048641324044 0.05787675816565752 0.05766414415091276 2.2861711386212846e-06
    45.0    
0.3435312509536743 1.7237809896469116 0.5305972695350647 train 46.0 0.12056935716420412 0.05804814208298922 0.05783111155033112 3.527500666677952e-06
    46.0    
0.3425183594226837 1.7142878770828247 0.529702365398407 train 47.0 0.12057776167988778 0.05804206553846598 0.057847900968045 2.6223151508020237e-06
    47.0    
0.3424885869026184 1.7014752626419067 0.5249808430671692 train 48.0 0.12016079630702733 0.057840607147663835 0.05766298875212669 2.919318603744614e-06
    48.0    
0.3401848375797272 1.6938458681106567 0.525144636631012 train 49.0 0.12029925022274256 0.057906257566064594 0.05775669554248452 2.7040061922889436e-06
    49.0    
0.3382713496685028 1.682518482208252 0.5189601182937622 train 50.0 0.12020762104541063 0.057876750640571115 0.0577041170373559 3.761635525734164e-06
    50.0    
0.33803144097328186 1.6721560955047607 0.5182841420173645 train 51.0 0.12043240174651146 0.057983828093856576 0.057837192602455616 2.498914454918122e-06
    51.0    
0.3385714888572693 1.664270043373108 0.5198850631713867 train 52.0 0.12040235295891762 0.05797376731410622 0.05782307967543602 2.67806240117352e-06
    52.0    
0.3367689847946167 1.6549649238586426 0.515407383441925 train 53.0 0.11994393520057202 0.05774610785767436 0.05762819429859519 4.823592007596744e-06
    53.0    
0.33631664514541626 1.6449470520019531 0.5142499804496765 train 54.0 0.12001645296812058 0.05777373591437936 0.05766297873109579 4.318579158280045e-06
    54.0    
0.3344356417655945 1.636251449584961 0.5091357827186584 train 55.0 0.1200712076202035 0.05781162567436695 0.05769889384508133 1.914106860567699e-06
    55.0    
0.3337218761444092 1.6271693706512451 0.5081828236579895 train 56.0 0.12002841312438249 0.05780890114605427 0.05769416034221649 3.082415105382097e-06
    56.0    
0.3336787521839142 1.6170077323913574 0.505354106426239 train 57.0 0.12028886325657367 0.05792248418554664 0.05784313404932618 2.53943721872929e-06
    57.0    
0.33344122767448425 1.614481806755066 0.506464421749115 train 58.0 0.11987544704228639 0.05771620225161314 0.057650139201432464 4.173231900495011e-06
    58.0    
0.3304470479488373 1.6069741249084473 0.5018292665481567 train 59.0 0.12003287773579359 0.05781641282141209 0.057715592570602894 3.3777469070628285e-06
    59.0    
0.3298625648021698 1.5987215042114258 0.5013678073883057 train 60.0 0.11975150808691978 0.057675226666033266 0.05760308057069778 2.071392145808204e-06
    60.0    
0.3295103907585144 1.5905650854110718 0.49748334288597107 train 61.0 0.11982558589428663 0.05772037928923965 0.05760330390185118 4.099197667528642e-06
    61.0    
0.32780349254608154 1.5844453573226929 0.4965382218360901 train 62.0 0.11989933494478464 0.05773968057706952 0.057674648836255074 2.259810344185098e-06
    62.0    
0.3263050317764282 1.5827255249023438 0.492906391620636 train 63.0 0.11981508363038301 0.05769921263679862 0.05764257680624724 2.997027877427172e-06
    63.0    
0.3262026011943817 1.574986219406128 0.48792216181755066 train 64.0 0.11988131303340196 0.0577459310926497 0.05765582293272018 1.9437152332102414e-06
    64.0    
0.32807108759880066 1.5752424001693726 0.4918365776538849 train 65.0 0.1197971474379301 0.05770503716543317 0.05762788210064173 2.9543778055085568e-06
    65.0    
0.3263430893421173 1.5706208944320679 0.48987656831741333 train 66.0 0.11975589439272881 0.057694063112139704 0.057609268333762884 3.0967887596489163e-06
    66.0    
0.32565757632255554 1.5638372898101807 0.4863665699958801 train 67.0 0.11983827218413352 0.05771898701786995 0.057665956187993285 2.930837354142568e-06
    67.0    
0.32509493827819824 1.5618157386779785 0.48399296402931213 train 68.0 0.12001021914184093 0.05779853906482458 0.05779953012242913 3.1932756883179536e-06
    68.0    
0.32385605573654175 1.5575608015060425 0.4815155863761902 train 69.0 0.11963942557573319 0.05764461874961853 0.057580836545675994 3.071411583732697e-06
    69.0    
0.32387781143188477 1.5542153120040894 0.48112431168556213 train 70.0 0.11962396413087845 0.057647135704755784 0.05757707707583904 2.8516794827737613e-06
    70.0    
0.32330358028411865 1.5490400791168213 0.4813993573188782 train 71.0 0.1197131810337305 0.057679866179823874 0.057601722963154314 3.7398374388430966e-06
    71.0    
0.32314202189445496 1.5502943992614746 0.47747743129730225 train 72.0 0.11958211369812488 0.057598968148231504 0.05756915954872966 3.143693902529776e-06
    72.0    
0.3222123086452484 1.5450581312179565 0.47753483057022095 train 73.0 0.11977922067046165 0.057716103922575715 0.05768609432503581 1.9531942143657943e-06
    73.0    
0.3214324712753296 1.5430785417556763 0.4760602116584778 train 74.0 0.1195116699486971 0.05757863091304898 0.057525156624615194 4.801355771633098e-06
    74.0    
0.3223702907562256 1.5429357290267944 0.4756844937801361 train 75.0 0.11956193793565034 0.05761327555403113 0.05756157927215099 2.3224195047077956e-06
    75.0    
0.31849339604377747 1.5378437042236328 0.4726143777370453 train 76.0 0.11973086509853602 0.057693067826330664 0.05766742140054703 3.1242650493368274e-06
    76.0    
0.32013916969299316 1.5373473167419434 0.47348207235336304 train 77.0 0.11950738687068224 0.057588363867253065 0.057559101711958646 2.819635483319871e-06
    77.0    
0.32094165682792664 1.5347093343734741 0.4722002148628235 train 78.0 0.11965606272220612 0.05766514897346497 0.05759907122701406 3.2040713904279983e-06
    78.0    
0.3218786418437958 1.531212329864502 0.46821704506874084 train 79.0 0.11946834396570921 0.057549794223159555 0.05755429320037365 4.194601842755219e-06
    79.0    
0.32031863927841187 1.5288609266281128 0.4686064124107361 train 80.0 0.11980127058923244 0.05772488320246339 0.05772879073396325 2.8922684123244835e-06
    80.0    
0.3185504078865051 1.5239768028259277 0.4665071666240692 train 81.0 0.11974243219941855 0.05769127262756228 0.057693673055619 2.3701002191955922e-06
    81.0    
0.31790077686309814 1.524134874343872 0.46527478098869324 train 82.0 0.11925549570471049 0.057459113802760836 0.057442779466509816 2.7909024993277853e-06
    82.0    
0.31856292486190796 1.5205079317092896 0.46324294805526733 train 83.0 0.11937440477311612 0.057510886453092096 0.05751956220716238 2.640917955432087e-06
    83.0    
0.3165588080883026 1.5189520120620728 0.4604201912879944 train 84.0 0.11949679233133793 0.05759844807907939 0.05754457993432879 4.423516656970605e-06
    84.0    
0.3189031481742859 1.5153720378875732 0.4616146981716156 train 85.0 0.11929745253175497 0.057471887301653625 0.057487724926322696 2.590005578895216e-06
    85.0    
0.3185281455516815 1.5124571323394775 0.4617389142513275 train 86.0 0.11965188074856997 0.05765855874866247 0.05763935191556811 2.166143531212583e-06
    86.0    
0.31795406341552734 1.5114458799362183 0.46044352650642395 train 87.0 0.11930424839258194 0.05746383957564831 0.057517554573714734 2.1414277853182284e-06
    87.0    
0.3172776401042938 1.508002519607544 0.4580886960029602 train 88.0 0.11977977853268384 0.05773662703111768 0.05772021533921361 3.315054073027568e-06
    88.0    
0.3170298635959625 1.5038436651229858 0.45895132422447205 train 89.0 0.11961078312247991 0.05763749595731497 0.05762814074754715 3.5052489693043754e-06
    89.0    
0.31667768955230713 1.502928614616394 0.4558714032173157 train 90.0 0.11938483357429504 0.05752297326922417 0.0575647590123117 3.752125849132426e-06
    90.0    
0.31817659735679626 1.4988964796066284 0.45630505681037903 train 91.0 0.11931729666888714 0.05748265629634261 0.057520771995186806 2.496628667358891e-06
    91.0    
0.3147914707660675 1.4983556270599365 0.45194703340530396 train 92.0 0.11924296025186777 0.0574541787430644 0.05750453528016806 2.195581373598543e-06
    92.0    
0.31794580817222595 1.4935929775238037 0.45346295833587646 train 93.0 0.11931521851569414 0.05748734382912517 0.057517678141593934 2.2452975372289075e-06
    93.0    
0.3188582956790924 1.4951461553573608 0.4515244662761688 train 94.0 0.11918965056538582 0.05742789251729846 0.057487294282764195 2.5608599116822006e-06
    94.0    
0.3163057565689087 1.4916781187057495 0.44963836669921875 train 95.0 0.11916679155081511 0.05743244333192706 0.05745145613327622 2.0423854039108846e-06
    95.0    
0.31959810853004456 1.4909032583236694 0.4509173631668091 train 96.0 0.11920441012829543 0.05746660338714719 0.05746076639741659 2.578839939815225e-06
    96.0    
0.3169509470462799 1.4851839542388916 0.4497854709625244 train 97.0 0.11943078469485044 0.05756362251937389 0.05757194325327873 2.87602028947731e-06
    97.0    
0.31823429465293884 1.4818202257156372 0.44939103722572327 train 98.0 0.1191143711283803 0.057405664194375275 0.0574055664986372 3.145018808936584e-06
    98.0    
0.3178633451461792 1.47511625289917 0.4461253881454468 train 99.0 0.11932866968214512 0.057513077799230816 0.057516731545329096 2.4349058094230713e-06
    99.0    
