Corr-Diag Corr-Full Corr-Swap Data Epoch Loss MMD-Full MMD-Swap Mean
0.1653950959444046 1.0791873931884766 0.5691644549369812 train 0.0 0.3996988382935524 0.20452777422964574 0.19376493640244008 5.43155510968063e-05
    0.0    
0.22082000970840454 0.7360411286354065 0.47216087579727173 train 1.0 0.37002210050821305 0.18433416970074176 0.18489907413721085 2.8772603400284424e-05
    1.0    
0.24541810154914856 0.6010008454322815 0.42806515097618103 train 2.0 0.3624245385825634 0.17957534678280354 0.182264993339777 2.5860554160317406e-05
    2.0    
0.2475408911705017 0.5449758768081665 0.41346269845962524 train 3.0 0.3603707531094551 0.17836556620895863 0.18148861177265643 2.239542118331883e-05
    3.0    
0.23914219439029694 0.48687031865119934 0.3955670893192291 train 4.0 0.35971130192279815 0.17796363025903703 0.18124448366463183 1.572332803334575e-05
    4.0    
0.21805624663829803 0.46372777223587036 0.40049684047698975 train 5.0 0.35949546173214914 0.17772361919283866 0.1812740356475115 1.6073778169811703e-05
    5.0    
0.21183626353740692 0.4217663109302521 0.38904765248298645 train 6.0 0.3582963904738426 0.17705088771879673 0.18075464271008967 1.7528172975289635e-05
    6.0    
0.20563983917236328 0.399544894695282 0.3904929459095001 train 7.0 0.3575065526366234 0.17662469275295734 0.1803946355730295 1.3910826965002343e-05
    7.0    
0.1857382208108902 0.38891443610191345 0.3950076997280121 train 8.0 0.35766323044896126 0.17669870249927044 0.18048598527908324 1.65998480952112e-05
    8.0    
0.15909676253795624 0.37204211950302124 0.39867231249809265 train 9.0 0.357388773560524 0.17638349771499634 0.1805069488286972 1.4633887985837646e-05
    9.0    
0.13647308945655823 0.34232786297798157 0.3962112367153168 train 10.0 0.3574687899649143 0.17630609758198262 0.18064900487661362 1.1293655006738845e-05
    10.0    
0.12266681343317032 0.3443707525730133 0.4039496183395386 train 11.0 0.35603286907076837 0.17565148793160915 0.17986109748482704 9.83266636467306e-06
    11.0    
0.11603093147277832 0.3164358139038086 0.400971382856369 train 12.0 0.3553217974305153 0.17520386338233948 0.1795933935046196 1.0862773706321605e-05
    12.0    
0.1072249561548233 0.3406876027584076 0.4012342095375061 train 13.0 0.3562505106627941 0.1756313755363226 0.1800886680930853 1.3337600648810621e-05
    13.0    
0.09849013388156891 0.31796759366989136 0.40255603194236755 train 14.0 0.35619533479213716 0.17563657462596893 0.1800158715993166 1.3541114640247542e-05
    14.0    
0.08565099537372589 0.302687406539917 0.40766575932502747 train 15.0 0.3553721883893013 0.17521123059093952 0.17961857363581657 1.3642140402225778e-05
    15.0    
0.07890582829713821 0.30806151032447815 0.4023122489452362 train 16.0 0.35522606551647185 0.17511712707579136 0.1795553518086672 1.4699115126859397e-05
    16.0    
0.057078346610069275 0.302665650844574 0.4083132743835449 train 17.0 0.35567994713783263 0.17528732091188431 0.17982576802372932 1.3760171896137763e-05
    17.0    
0.04381173849105835 0.2904175817966461 0.40637290477752686 train 18.0 0.3550875733792782 0.17491680465638637 0.17959772422909737 1.528243228676729e-05
    18.0    
0.025486048310995102 0.27942243218421936 0.4117167890071869 train 19.0 0.35539745464920997 0.1750472768396139 0.17976636700332166 1.3573588148574345e-05
    19.0    
0.020641347393393517 0.2683696448802948 0.4088326096534729 train 20.0 0.35491898968815805 0.174778316244483 0.1795482648164034 1.2752487236866727e-05
    20.0    
0.019351622089743614 0.27539315819740295 0.40716397762298584 train 21.0 0.3542354482412338 0.1744767865538597 0.17915525816380978 1.3946340914117172e-05
    21.0    
0.005361294839531183 0.277885764837265 0.41652536392211914 train 22.0 0.3548632223904133 0.17471448332071304 0.1795355948060751 1.7338474208372645e-05
    22.0    
0.0011361634824424982 0.2602159082889557 0.40622445940971375 train 23.0 0.35460717365145683 0.17455886714160443 0.1794278346002102 1.828434324124828e-05
    23.0    
-0.013501028530299664 0.2635315954685211 0.4028928875923157 train 24.0 0.3538780188560486 0.17421710111200808 0.17903363808989525 1.4256089343689382e-05
    24.0    
-0.02665196731686592 0.25951236486434937 0.40969589352607727 train 25.0 0.3542324380576611 0.17442345000803472 0.1791721400618553 1.7816410036175512e-05
    25.0    
-0.03694528341293335 0.26952654123306274 0.41253846883773804 train 26.0 0.35425319135189054 0.1744050593674183 0.1791999889910221 1.387708107358776e-05
    26.0    
-0.033868249505758286 0.25505486130714417 0.4068092405796051 train 27.0 0.35413433372974396 0.17437613241374492 0.179101582467556 1.5671401342842728e-05
    27.0    
-0.040374163538217545 0.25446611642837524 0.40111178159713745 train 28.0 0.353475826382637 0.17396901570260526 0.1788419172167778 1.867690843937453e-05
    28.0    
-0.05988078936934471 0.24819116294384003 0.4066311717033386 train 29.0 0.3541498540341854 0.17424636974930763 0.17922769188880922 1.4664856280433014e-05
    29.0    
-0.06925896555185318 0.24107037484645844 0.4023608863353729 train 30.0 0.3535901641845703 0.1739960330724716 0.17891207925975322 1.6793288523331285e-05
    30.0    
-0.07191365957260132 0.25880464911460876 0.4104563891887665 train 31.0 0.3539684911072254 0.17422733701765536 0.1790474357455969 1.4744687177881133e-05
    31.0    
-0.08627072721719742 0.2363070547580719 0.4115172326564789 train 32.0 0.353814239948988 0.17420138113200664 0.17890280462801456 1.589831845194567e-05
    32.0    
-0.09187263250350952 0.25078725814819336 0.4084596633911133 train 33.0 0.3530989772081375 0.17378113463521003 0.17859525099396706 1.5846837413846515e-05
    33.0    
-0.10641109198331833 0.23105964064598083 0.41271254420280457 train 34.0 0.35307041093707087 0.17376922108232976 0.1785711270570755 1.7819436834543012e-05
    34.0    
-0.10800297558307648 0.24332138895988464 0.4093196988105774 train 35.0 0.3532447151839733 0.1737677800655365 0.17873630948364735 1.4541422387992498e-05
    35.0    
-0.10415443778038025 0.24507088959217072 0.41023367643356323 train 36.0 0.35230623200535777 0.173298377096653 0.1782767952233553 1.8785885913530365e-05
    36.0    
-0.12151391059160233 0.2426532804965973 0.4155387580394745 train 37.0 0.35307626143097876 0.17379709430038928 0.17854042015969754 1.673051156103611e-05
    37.0    
-0.12349216639995575 0.24061952531337738 0.41109973192214966 train 38.0 0.35321493476629257 0.17380237616598607 0.17865882106125355 1.6234673239523545e-05
    38.0    
-0.1415288895368576 0.23241887986660004 0.4161214828491211 train 39.0 0.3533925837278366 0.17383564323186873 0.1787849535048008 1.7155263776658103e-05
    39.0    
-0.1501428335905075 0.2368091195821762 0.4152613580226898 train 40.0 0.35283481135964395 0.1735036612302065 0.17854970298707484 1.765513479767833e-05
    40.0    
-0.14899693429470062 0.23769380152225494 0.41168728470802307 train 41.0 0.35272863671183585 0.17353833757340908 0.17839570924639703 1.7601500076125376e-05
    41.0    
-0.15061713755130768 0.2202245146036148 0.40796422958374023 train 42.0 0.3528226482868195 0.17350952565670014 0.17851155266165733 1.537514071969781e-05
    42.0    
-0.15449288487434387 0.23231622576713562 0.41067397594451904 train 43.0 0.3522406256198883 0.17319809041917325 0.17825162321329116 1.6103947928058915e-05
    43.0    
-0.1641400009393692 0.22527922689914703 0.4120754599571228 train 44.0 0.3528804011642933 0.1735855446010828 0.17848827987909316 1.5130896827031393e-05
    44.0    
-0.1606990247964859 0.23815706372261047 0.40783777832984924 train 45.0 0.3520374393463135 0.17323776595294477 0.17799773678183556 1.485137727286201e-05
    45.0    
-0.17873886227607727 0.23473237454891205 0.4147893488407135 train 46.0 0.35271749302744865 0.17337032623589038 0.17852974742650984 1.4182654922478832e-05
    46.0    
-0.18266691267490387 0.2217852622270584 0.4109686017036438 train 47.0 0.35249323561787604 0.1734061360359192 0.17826332569122313 1.833486749092117e-05
    47.0    
-0.1827935427427292 0.22302378714084625 0.4116840362548828 train 48.0 0.35265939772129057 0.1734451435506344 0.17837985023856162 1.7352718714391813e-05
    48.0    
-0.18986862897872925 0.22510983049869537 0.41001269221305847 train 49.0 0.35213001057505605 0.17310272805392743 0.17819144941866397 1.834939575928729e-05
    49.0    
-0.1798235923051834 0.22514548897743225 0.40084564685821533 train 50.0 0.3511165091395378 0.17263227589428426 0.17766302406787873 1.6598894944763742e-05
    50.0    
-0.19283339381217957 0.22663478553295135 0.40345269441604614 train 51.0 0.3522673742473125 0.17334080383181572 0.17809469640254974 1.9439803509158082e-05
    51.0    
-0.19663679599761963 0.22097079455852509 0.4042898416519165 train 52.0 0.35178885027766227 0.17304692834615706 0.1779134125262499 1.6880121620488353e-05
    52.0    
-0.19289512932300568 0.22668743133544922 0.40758010745048523 train 53.0 0.3516294990479946 0.1729546531289816 0.17783030413091183 1.6812698959256522e-05
    53.0    
-0.19491137564182281 0.23487812280654907 0.4077948331832886 train 54.0 0.35156113862991334 0.1729722221940756 0.17774698182940482 1.8803179045789875e-05
    54.0    
-0.2076423019170761 0.2227512001991272 0.4169835150241852 train 55.0 0.35221276894211767 0.17330764271318913 0.17804868273437024 1.9176790374331176e-05
    55.0    
-0.20148518681526184 0.23701715469360352 0.4042864739894867 train 56.0 0.35135944798588753 0.1728212360292673 0.1776667656004429 1.6257930838037282e-05
    56.0    
-0.2200922816991806 0.2293589860200882 0.40955182909965515 train 57.0 0.3530710542201996 0.17363819904625416 0.17855368934571744 1.978695763682481e-05
    57.0    
-0.2157362997531891 0.23467934131622314 0.4079393446445465 train 58.0 0.3519639195501804 0.17317485839128494 0.17790806122124195 1.8098166037816554e-05
    58.0    
-0.21279674768447876 0.23684868216514587 0.41203993558883667 train 59.0 0.3518527416884899 0.173010443598032 0.17796537399291992 2.0551895431708544e-05
    59.0    
-0.23022030293941498 0.22298564016819 0.4161340892314911 train 60.0 0.35156909465789793 0.17297664739191532 0.17771068081259728 1.7008913346217014e-05
    60.0    
-0.22829610109329224 0.2226007878780365 0.41387689113616943 train 61.0 0.352174524217844 0.1731103079020977 0.17817514039576055 1.885793790279422e-05
    61.0    
-0.22872959077358246 0.22974087297916412 0.4110742211341858 train 62.0 0.35241669207811355 0.17328258983790876 0.1782293576747179 1.922270530485548e-05
    62.0    
-0.2338588982820511 0.23650920391082764 0.41352346539497375 train 63.0 0.3520863753557205 0.17310018897056578 0.1780849725753069 1.6752230294514447e-05
    63.0    
-0.23901067674160004 0.2276478409767151 0.4173084497451782 train 64.0 0.3521821103990078 0.17306327506899832 0.1782173204421997 1.7869777366286144e-05
    64.0    
-0.2368849217891693 0.21741849184036255 0.4140371084213257 train 65.0 0.35159372091293334 0.1728120943158865 0.17787457525730133 2.1520289010368288e-05
    65.0    
-0.23593296110630035 0.21895667910575867 0.4121584892272949 train 66.0 0.3511421886086464 0.1726127828657627 0.17763024233281613 1.741449159453623e-05
    66.0    
-0.2293582707643509 0.2272709757089615 0.4107772707939148 train 67.0 0.35152732089161876 0.17285371907055377 0.17777677208185197 2.165119076380506e-05
    67.0    
-0.23536290228366852 0.23005275428295135 0.4135209918022156 train 68.0 0.3518092802166939 0.17294240258634092 0.177957391962409 1.8225495296064764e-05
    68.0    
-0.23036429286003113 0.23755723237991333 0.4131801426410675 train 69.0 0.35143339246511457 0.1728009994328022 0.177727567628026 2.009913259826135e-05
    69.0    
-0.2467639446258545 0.22940240800380707 0.41847455501556396 train 70.0 0.35185344457626344 0.17291800528764725 0.17802703507244588 1.9205876014893875e-05
    70.0    
-0.24059712886810303 0.22904439270496368 0.4144931733608246 train 71.0 0.351334719657898 0.1727000031620264 0.17772161290049554 2.136755210813135e-05
    71.0    
-0.23209859430789948 0.23959189653396606 0.4075058400630951 train 72.0 0.3510205253958702 0.17257573187351227 0.17753310553729534 1.56035694089951e-05
    72.0    
-0.2324276566505432 0.240275576710701 0.40237000584602356 train 73.0 0.35100935518741605 0.17267220713198184 0.1774448361247778 1.7978691175812855e-05
    73.0    
-0.24157510697841644 0.2313314825296402 0.4081129729747772 train 74.0 0.3518745316565037 0.17300506338477134 0.17796554997563363 1.6723737644497305e-05
    74.0    
-0.22970050573349 0.22321760654449463 0.4029507339000702 train 75.0 0.3505096976459026 0.17247252278029918 0.17714340925216676 1.9828816220979206e-05
    75.0    
-0.22407850623130798 0.23631539940834045 0.39661890268325806 train 76.0 0.35092635452747345 0.17258432649075986 0.1774529878795147 2.0570912965922616e-05
    76.0    
-0.24125948548316956 0.2323000133037567 0.4079163074493408 train 77.0 0.3521567477285862 0.17319682888686658 0.17806332655251025 1.6294912711600773e-05
    77.0    
-0.24266348779201508 0.23107518255710602 0.40769386291503906 train 78.0 0.35158629149198534 0.17295895606279374 0.17771361000835895 1.8564602214610204e-05
    78.0    
-0.2476738542318344 0.23001469671726227 0.4094485938549042 train 79.0 0.35135612726211546 0.17284287467598916 0.17759894743561744 1.9407219951972365e-05
    79.0    
-0.2531498968601227 0.23355180025100708 0.4082227349281311 train 80.0 0.3516372254490852 0.1729370377957821 0.1777754723280668 2.0782295905519277e-05
    80.0    
-0.26437970995903015 0.23364007472991943 0.41613492369651794 train 81.0 0.3514288169145584 0.1727716912329197 0.17771536588668824 1.8136683138436638e-05
    81.0    
-0.2682039737701416 0.23493178188800812 0.41919267177581787 train 82.0 0.3524936954677105 0.17321575671434403 0.17833378657698631 1.9266077288193628e-05
    82.0    
-0.26021409034729004 0.23382136225700378 0.4146755337715149 train 83.0 0.3513579116761684 0.1727620542794466 0.1776443413645029 1.964056536962744e-05
    83.0    
-0.25533533096313477 0.22997862100601196 0.4164668023586273 train 84.0 0.3514456456899643 0.1728376926481724 0.17766666412353516 1.808343040465843e-05
    84.0    
-0.2486601173877716 0.23582249879837036 0.4067387878894806 train 85.0 0.3517532503604889 0.1729336954653263 0.17788837052881717 1.720100044622086e-05
    85.0    
-0.26218709349632263 0.23600514233112335 0.41613924503326416 train 86.0 0.35187875881791114 0.1729018034785986 0.17803910933434963 1.635827538848389e-05
    86.0    
-0.2639646530151367 0.23597699403762817 0.41597795486450195 train 87.0 0.351873944401741 0.17293824084103107 0.17798894993960857 1.6432035408797674e-05
    87.0    
-0.2586035430431366 0.23375584185123444 0.41249707341194153 train 88.0 0.35091486245393755 0.17249109253287315 0.17748740620911121 1.597307164047379e-05
    88.0    
-0.2592390775680542 0.2439941018819809 0.4160628616809845 train 89.0 0.35185159504413605 0.17296999879181385 0.17794539205729962 2.1228483092272654e-05
    89.0    
-0.25589919090270996 0.23354999721050262 0.419145405292511 train 90.0 0.35110177636146545 0.172615280225873 0.1775484225153923 1.8182679923484102e-05
    90.0    
-0.26070231199264526 0.22142086923122406 0.41406136751174927 train 91.0 0.3513504505157471 0.1726379083096981 0.1777823431044817 1.6722813597880304e-05
    91.0    
-0.25343358516693115 0.23322533071041107 0.41127723455429077 train 92.0 0.35144642263650894 0.17275559686124325 0.17775661043822766 1.9860530301230028e-05
    92.0    
-0.2645210921764374 0.23202621936798096 0.4145580232143402 train 93.0 0.3515977171063423 0.17283187352120877 0.1778316779434681 1.6294419765472412e-05
    93.0    
-0.2523328363895416 0.23258687555789948 0.41397011280059814 train 94.0 0.35051616206765174 0.1723131824284792 0.17728124625980854 1.7600750652491115e-05
    94.0    
-0.26050546765327454 0.24158532917499542 0.4121762216091156 train 95.0 0.3509099595248699 0.17252973891794682 0.17745431281626226 2.1153444322408177e-05
    95.0    
-0.25173091888427734 0.2420952320098877 0.414201021194458 train 96.0 0.35118924617767333 0.17255777321755886 0.17771353647112847 1.8470762370270677e-05
    96.0    
-0.25266528129577637 0.23741863667964935 0.4093930721282959 train 97.0 0.3514315588772297 0.17285535156726836 0.17765576466917993 2.0651519662351348e-05
    97.0    
-0.2515753507614136 0.23593644797801971 0.4069706201553345 train 98.0 0.35145172268152236 0.1727793974429369 0.1777424506098032 1.844424696173519e-05
    98.0    
-0.25053906440734863 0.2343176305294037 0.4079301655292511 train 99.0 0.3509443382918835 0.1724619982391596 0.17755457550287246 2.0062518160557374e-05
    99.0    
