Corr-Diag Corr-Full Corr-Swap Data Epoch Loss MMD-Full MMD-Swap Mean
0.09779158234596252 1.2291229963302612 0.7051436901092529 train 0.0 0.38784717962145804 0.1925939191877842 0.18561949752271176 5.720406988984905e-06
    0.0    
0.11680541187524796 1.1626795530319214 0.6828387975692749 train 1.0 0.3616230446100235 0.17793008320033551 0.17891359828412534 3.0898481782060117e-06
    1.0    
0.1299891471862793 1.1822644472122192 0.681617259979248 train 2.0 0.3585604976117611 0.17642631120979785 0.1780122932046652 3.827723503491143e-06
    2.0    
0.13195578753948212 1.1756608486175537 0.6695532202720642 train 3.0 0.35787032410502434 0.1761304810643196 0.17783880054950715 4.469589384825667e-06
    3.0    
0.1340128779411316 1.231359839439392 0.6738258004188538 train 4.0 0.3567922496795654 0.17558154962956907 0.17742809310555457 3.0879284622642444e-06
    4.0    
0.1384577453136444 1.2016257047653198 0.6627506017684937 train 5.0 0.3568432520329952 0.1756172212958336 0.17750658221542837 3.397449518161011e-06
    5.0    
0.14505980908870697 1.2410897016525269 0.6614110469818115 train 6.0 0.35686368972063065 0.17567361518740654 0.17754264071583747 2.539550905567012e-06
    6.0    
0.155426025390625 1.2556792497634888 0.6680325865745544 train 7.0 0.3551721057295799 0.17485453508794307 0.1767363377660513 3.3193643957929453e-06
    7.0    
0.15548700094223022 1.2591056823730469 0.6619628071784973 train 8.0 0.35580169677734375 0.17520399928092956 0.1770518459379673 2.661243115653633e-06
    8.0    
0.15992899239063263 1.2637964487075806 0.656243622303009 train 9.0 0.35621343985199927 0.1753380388021469 0.17733838625252246 2.925492481153924e-06
    9.0    
0.16182275116443634 1.2819929122924805 0.6574872136116028 train 10.0 0.35559083983302114 0.17506315119564533 0.1770034237205982 3.2348345939681167e-06
    10.0    
0.16780269145965576 1.2978923320770264 0.6562222242355347 train 11.0 0.3551283930242062 0.17487586334347724 0.17675423353910447 2.858773996194941e-06
    11.0    
0.17045630514621735 1.311434030532837 0.6582919359207153 train 12.0 0.3549216511845589 0.17474766880273818 0.17670095205307007 2.406251041975338e-06
    12.0    
0.1680229753255844 1.319518804550171 0.6523516774177551 train 13.0 0.35569324731826785 0.1750803354382515 0.17714182227849962 2.0934007807227317e-06
    13.0    
0.1670079380273819 1.3194454908370972 0.6504714488983154 train 14.0 0.3548588049411774 0.17466983892023563 0.1767187114804983 1.929703103087377e-06
    14.0    
0.1732427179813385 1.3168829679489136 0.649915874004364 train 15.0 0.3537937091290951 0.17408016964793205 0.17629358492791652 1.961413090612041e-06
    15.0    
0.16951027512550354 1.3333569765090942 0.6581393480300903 train 16.0 0.354410598129034 0.17446024537086488 0.1765061192214489 1.6834762845974183e-06
    16.0    
0.17583277821540833 1.3565516471862793 0.6572070121765137 train 17.0 0.35472548454999925 0.1745305896550417 0.17676413670182228 3.0766098007006804e-06
    17.0    
0.17249856889247894 1.3545700311660767 0.6504860520362854 train 18.0 0.3542280456423759 0.1743160232156515 0.17652368187904358 2.488847485437873e-06
    18.0    
0.171410471200943 1.3773480653762817 0.6558195948600769 train 19.0 0.35407226011157034 0.17434410385787488 0.176332046687603 1.8148840581488912e-06
    19.0    
0.18036778271198273 1.3667004108428955 0.6489872932434082 train 20.0 0.35396146968007086 0.1741735276579857 0.17639915749430657 2.006825070566265e-06
    20.0    
0.17475733160972595 1.3618404865264893 0.6448037624359131 train 21.0 0.3540077781677246 0.17417298689484595 0.17644984111189843 2.1425144041131716e-06
    21.0    
0.17306137084960938 1.4069104194641113 0.6512145400047302 train 22.0 0.3534898552298546 0.17382764883339405 0.1762545247375965 1.993624891838408e-06
    22.0    
0.17664846777915955 1.4048525094985962 0.6475176811218262 train 23.0 0.3540854674577713 0.17411201179027558 0.17653205372393133 2.8648610168602318e-06
    23.0    
0.18054023385047913 1.4036788940429688 0.6504868268966675 train 24.0 0.35400968462228777 0.1741129909455776 0.17643901973962783 2.0439090349100297e-06
    24.0    
0.17828942835330963 1.4455976486206055 0.6519755721092224 train 25.0 0.35331337809562685 0.1737590304017067 0.17611731022596358 1.5644479844922898e-06
    25.0    
0.18008731305599213 1.4654194116592407 0.6521724462509155 train 26.0 0.35359713405370713 0.1739865578711033 0.17616964593529702 2.2831393380329246e-06
    26.0    
0.18631611764431 1.5074809789657593 0.6575005650520325 train 27.0 0.3532899177074432 0.17374774299561976 0.1761156413704157 1.8414228861729498e-06
    27.0    
0.18788287043571472 1.5100836753845215 0.658397376537323 train 28.0 0.35326648503541946 0.17377393424510956 0.17607258893549443 1.7651332200330216e-06
    28.0    
0.1849958747625351 1.5287724733352661 0.656114399433136 train 29.0 0.35319040924310685 0.1736430973559618 0.17615522287786006 2.61566992776352e-06
    29.0    
0.1864006221294403 1.5732589960098267 0.6672182679176331 train 30.0 0.35391861602663993 0.17400622561573983 0.17646401718258858 1.6765802683949005e-06
    30.0    
0.18243306875228882 1.5829817056655884 0.6651660203933716 train 31.0 0.35232535913586616 0.17327016428112985 0.175646251514554 1.8525427094573388e-06
    31.0    
0.19162549078464508 1.6190476417541504 0.6656650304794312 train 32.0 0.3536713096499443 0.17394417427480222 0.17632405057549477 1.907110572574311e-06
    32.0    
0.18922796845436096 1.6363834142684937 0.6718930602073669 train 33.0 0.3531088423728943 0.17361179292201995 0.1760673439502716 2.0558143205562374e-06
    33.0    
0.1896611601114273 1.6717455387115479 0.6710965633392334 train 34.0 0.3532392883300781 0.17359965309500694 0.17625435896217823 2.471197149134241e-06
    34.0    
0.18743295967578888 1.7128489017486572 0.6743308901786804 train 35.0 0.35304968103766443 0.17360051281750202 0.1760742465406656 2.730993855948327e-06
    35.0    
0.1976310908794403 1.7462716102600098 0.6751914024353027 train 36.0 0.3521506761014461 0.17319146558642387 0.17560935117304324 1.497675498285389e-06
    36.0    
0.19103065133094788 1.7787333726882935 0.6786954998970032 train 37.0 0.3531277503073216 0.17364720106124878 0.1761099299788475 1.6725698515074328e-06
    37.0    
0.1973510980606079 1.8718305826187134 0.6826435923576355 train 38.0 0.35261534467339517 0.1734527785331011 0.1757946538180113 2.253248567285482e-06
    38.0    
0.19458143413066864 1.8835678100585938 0.6797799468040466 train 39.0 0.3527006880939007 0.1734116130322218 0.1759287765622139 2.0429702090041246e-06
    39.0    
0.1948753297328949 1.9521723985671997 0.6859888434410095 train 40.0 0.352890702188015 0.1735172002017498 0.17599242262542247 2.48762762566912e-06
    40.0    
0.19097672402858734 1.9250741004943848 0.6774421334266663 train 41.0 0.35292097806930545 0.17347425602376462 0.17608970247209071 1.7716143929646933e-06
    41.0    
0.19122031331062317 2.020908832550049 0.688680112361908 train 42.0 0.352794468998909 0.17350848138332367 0.175935465246439 2.270731783937663e-06
    42.0    
0.18993212282657623 2.048825263977051 0.6927405595779419 train 43.0 0.3526157405972481 0.1733829717338085 0.17587855212390424 1.768678657754208e-06
    43.0    
0.19195979833602905 2.099022150039673 0.6940340995788574 train 44.0 0.3520332157611847 0.17318736478686333 0.17552481301128864 2.0306877104303567e-06
    44.0    
0.19237105548381805 2.1583638191223145 0.6862941980361938 train 45.0 0.3525326906144619 0.173285835981369 0.17594372816383838 1.3653082078235457e-06
    45.0    
0.1929370015859604 2.1820452213287354 0.6952826976776123 train 46.0 0.3524097582697868 0.17321460701525213 0.17587258085608481 2.3908046387077775e-06
    46.0    
0.1938077211380005 2.195169448852539 0.691526472568512 train 47.0 0.3527245298027992 0.17337235912680626 0.17601104848086835 2.298991375937476e-06
    47.0    
0.18773600459098816 2.2455663681030273 0.6918480396270752 train 48.0 0.35256684452295306 0.17327773585915565 0.17593723490834237 1.3947857269158703e-06
    48.0    
0.18981845676898956 2.2936792373657227 0.691961407661438 train 49.0 0.3527252620458603 0.17337414048612118 0.17600458219647408 1.910917490022257e-06
    49.0    
0.19042763113975525 2.314035415649414 0.6984038949012756 train 50.0 0.351939269900322 0.17305480509996415 0.17554944150149823 1.7448652442908497e-06
    50.0    
0.19159047305583954 2.331800937652588 0.7018156051635742 train 51.0 0.35282770335674285 0.17335131458938122 0.17613435931503774 1.5282145113815204e-06
    51.0    
0.19324372708797455 2.4025192260742188 0.7124965786933899 train 52.0 0.3529309548437595 0.17346448071300982 0.17613068401813506 1.812297455217049e-06
    52.0    
0.19391082227230072 2.401555061340332 0.7088931202888489 train 53.0 0.3526020835340023 0.17332194969058037 0.17594269804656507 2.1656803710357053e-06
    53.0    
0.19205574691295624 2.3814492225646973 0.7074041366577148 train 54.0 0.35209823682904245 0.173144818469882 0.1756418078392744 1.1897335525645758e-06
    54.0    
0.19668389856815338 2.4255311489105225 0.7116780281066895 train 55.0 0.3521942529082298 0.17299787171185016 0.17591496124863626 1.9624296783149475e-06
    55.0    
0.18958847224712372 2.397599458694458 0.69115149974823 train 56.0 0.3529743947088718 0.1735120341181755 0.17617089822888374 1.6831286302476656e-06
    56.0    
0.19129221141338348 2.3949925899505615 0.7002025246620178 train 57.0 0.35191839680075643 0.172968675121665 0.17566610381007194 2.3195339053927455e-06
    57.0    
0.19101977348327637 2.4649784564971924 0.6998759508132935 train 58.0 0.35235704511404037 0.1732248540967703 0.17582608610391617 2.3744526060909266e-06
    58.0    
0.19664734601974487 2.3916025161743164 0.7028894424438477 train 59.0 0.3526060138642788 0.17335779391229153 0.1759009601175785 2.780205477392883e-06
    59.0    
0.18914654850959778 2.419023036956787 0.6985827088356018 train 60.0 0.35270553320646286 0.17337814219295977 0.17600500606000424 2.105703515553614e-06
    60.0    
0.1912986785173416 2.4139633178710938 0.6994994282722473 train 61.0 0.3518745961785317 0.17294315285980702 0.17560512118041516 1.541336359878187e-06
    61.0    
0.18926946818828583 2.4011614322662354 0.6876994371414185 train 62.0 0.35221799492836 0.17308832995593548 0.17579736314713956 1.9189531030860962e-06
    62.0    
0.18969736993312836 2.3849637508392334 0.6902278065681458 train 63.0 0.35282073229551314 0.1733946930617094 0.1761163867264986 2.192128476963262e-06
    63.0    
0.18683046102523804 2.387038469314575 0.6874219179153442 train 64.0 0.35260782957077025 0.1732995679229498 0.1759922944009304 1.400318978994619e-06
    64.0    
0.19061578810214996 2.40547776222229 0.6924972534179688 train 65.0 0.3521950256824493 0.17310675494372846 0.17573899865150452 1.5304628959711408e-06
    65.0    
0.19240537285804749 2.318371057510376 0.6886365413665771 train 66.0 0.35214412078261376 0.17303652055561541 0.1757796449959278 1.5278587852662895e-06
    66.0    
0.18527759611606598 2.3427443504333496 0.6897154450416565 train 67.0 0.35319096595048904 0.17353624135255813 0.17630786955356598 1.7249126358365174e-06
    67.0    
0.1938564032316208 2.3393375873565674 0.7018862366676331 train 68.0 0.35185386061668394 0.17286863081157208 0.17568107143044473 2.3691441128903534e-06
    68.0    
0.19583240151405334 2.325099229812622 0.6982161998748779 train 69.0 0.35228462412953376 0.1731479612737894 0.17585544928908348 1.4033454363016062e-06
    69.0    
0.19494841992855072 2.368408441543579 0.6961950063705444 train 70.0 0.35158715799450874 0.17285662166774274 0.17541468307375907 2.2768842882214813e-06
    70.0    
0.19845011830329895 2.3809549808502197 0.6998386979103088 train 71.0 0.35141721040010454 0.1727582723647356 0.17535299316048622 1.7512176100353827e-06
    71.0    
0.19217760860919952 2.3197317123413086 0.6913526058197021 train 72.0 0.351664327532053 0.1728120419383049 0.17555861927568914 1.6859935385582503e-06
    72.0    
0.19236329197883606 2.351518154144287 0.6862431764602661 train 73.0 0.3518743295967579 0.1730533717572689 0.1755347467958927 2.2633544176642317e-06
    73.0    
0.19066846370697021 2.3289968967437744 0.6822192072868347 train 74.0 0.3519063539803028 0.17282143369317055 0.17581238687038422 2.211971832366544e-06
    74.0    
0.1918574422597885 2.3135809898376465 0.6842275261878967 train 75.0 0.35256280601024625 0.17336659975349902 0.1759080708026886 1.4755619304196443e-06
    75.0    
0.19167108833789825 2.358804941177368 0.6953608989715576 train 76.0 0.3523964589834213 0.17320575922727585 0.17589014619588852 2.149736474166275e-06
    76.0    
0.19342981278896332 2.3825623989105225 0.6960625052452087 train 77.0 0.352409220635891 0.1731362170726061 0.17596334144473075 1.6594768794675474e-06
    77.0    
0.18512499332427979 2.3538455963134766 0.6859402656555176 train 78.0 0.35274704173207283 0.1733956565707922 0.17604251764714718 1.7304309949395247e-06
    78.0    
0.19147390127182007 2.3705577850341797 0.6876088380813599 train 79.0 0.35198056280612944 0.1729521457850933 0.17572536155581475 2.8361253043840406e-06
    79.0    
0.1905541568994522 2.313369035720825 0.684639573097229 train 80.0 0.3515862053632736 0.17282299838960172 0.1754850609600544 1.6355612615370774e-06
    80.0    
0.19507959485054016 2.3470120429992676 0.6952100396156311 train 81.0 0.3513887085020542 0.17271479457616806 0.17540965877473355 1.7895192740979837e-06
    81.0    
0.19601359963417053 2.3371400833129883 0.7005820870399475 train 82.0 0.35237796530127524 0.17318500094115735 0.17591590397059917 1.7492958477305365e-06
    82.0    
0.19565020501613617 2.3481109142303467 0.6986807584762573 train 83.0 0.35179413095116613 0.1729324347525835 0.17557231903076173 1.742826043482637e-06
    83.0    
0.19511687755584717 2.312622547149658 0.6968741416931152 train 84.0 0.3518218405544758 0.17293438129127026 0.17560085274279116 1.438792196495342e-06
    84.0    
0.19362106919288635 2.3037490844726562 0.6957970857620239 train 85.0 0.3509721329808235 0.1724872249364853 0.17522990472614766 1.9057206372963265e-06
    85.0    
0.19313523173332214 2.286395788192749 0.6819514632225037 train 86.0 0.3526992104947567 0.17326386421918868 0.17616826213896275 1.719812985356839e-06
    86.0    
0.19487054646015167 2.309818744659424 0.6811344027519226 train 87.0 0.3516621848940849 0.17276044875383378 0.1756589615345001 1.3362617892198614e-06
    87.0    
0.18962834775447845 2.2904860973358154 0.6868818402290344 train 88.0 0.35244372084736825 0.17317134492099284 0.17600166529417038 1.7211126532856724e-06
    88.0    
0.1874825656414032 2.2694592475891113 0.6789332032203674 train 89.0 0.35151682794094086 0.17276327542960643 0.17549467630684376 1.4591589660994941e-06
    89.0    
0.19374072551727295 2.2979888916015625 0.6919623613357544 train 90.0 0.35164713323116303 0.17279380314052106 0.17560050047934056 1.967729076568503e-06
    90.0    
0.19635699689388275 2.284752607345581 0.6884130239486694 train 91.0 0.35173914894461633 0.17285897865891456 0.17561492390930653 1.4186954331307788e-06
    91.0    
0.19157011806964874 2.266221761703491 0.6930631995201111 train 92.0 0.35229429438710214 0.17308656334877015 0.1759290401637554 1.955618927240721e-06
    92.0    
0.19432024657726288 2.292466878890991 0.6848635077476501 train 93.0 0.3519102409482002 0.1728821312636137 0.1757612342387438 1.924285925269942e-06
    93.0    
0.18880870938301086 2.2873005867004395 0.687995195388794 train 94.0 0.35239039167761804 0.1731165826320648 0.1759976228326559 1.5722368971182732e-06
    94.0    
0.19469118118286133 2.2817399501800537 0.6824542880058289 train 95.0 0.35143431037664413 0.1726789228618145 0.17546858049929143 1.6311028048221488e-06
    95.0    
0.1955503225326538 2.270303964614868 0.6845167279243469 train 96.0 0.3518696600198746 0.17299909248948098 0.17560541704297067 2.3589311695104698e-06
    96.0    
0.19044341146945953 2.2542636394500732 0.6822110414505005 train 97.0 0.35203404396772386 0.17306019864976407 0.1757229555398226 1.5295360071831965e-06
    97.0    
0.18853427469730377 2.251849412918091 0.6810513138771057 train 98.0 0.35247421488165853 0.17321291513741016 0.17600206881761551 1.6314106687786989e-06
    98.0    
0.19128766655921936 2.2787468433380127 0.6784219145774841 train 99.0 0.35171420603990555 0.17282986208796502 0.1756208611279726 1.400939368068066e-06
    99.0    
