Corr-Diag Corr-Full Corr-Swap Data Epoch Loss MMD-Full MMD-Swap Mean
0.06283845752477646 1.3868509531021118 0.8163207173347473 train 0.0 0.40367180287837984 0.19733140267431737 0.19165591962635517 9.428423254576046e-06
    0.0    
0.09730682522058487 1.3463793992996216 0.7875173687934875 train 1.0 0.3867641004920006 0.1895288436859846 0.18782907485961914 3.9419701352017e-06
    1.0    
0.11378824710845947 1.3029171228408813 0.7605240345001221 train 2.0 0.3814952337741852 0.18709348976612092 0.1872396884858608 3.0278742997325025e-06
    2.0    
0.12362147867679596 1.3054962158203125 0.7505002021789551 train 3.0 0.37939948797225953 0.1860056933015585 0.1870542097836733 1.7122290500992676e-06
    3.0    
0.12832839787006378 1.318233609199524 0.7458642721176147 train 4.0 0.3789385536313057 0.1857899195700884 0.18713689751923085 2.889359393520863e-06
    4.0    
0.13599799573421478 1.340008020401001 0.7384082674980164 train 5.0 0.37867591619491575 0.185653141066432 0.18723947755992412 1.8487538682165905e-06
    5.0    
0.14413189888000488 1.372737169265747 0.741117000579834 train 6.0 0.37794085264205934 0.18533846810460092 0.18695182755589485 1.183520794256765e-06
    6.0    
0.14575214684009552 1.416603922843933 0.7466050386428833 train 7.0 0.3776454669237137 0.1852136355638504 0.1869027742743492 2.4620835574751254e-06
    7.0    
0.1504400372505188 1.4307655096054077 0.743659496307373 train 8.0 0.3776503209769726 0.18525865890085697 0.18691934503614901 1.5340048094003578e-06
    8.0    
0.15425610542297363 1.4460798501968384 0.7410265207290649 train 9.0 0.3772254544496536 0.18499701790511608 0.18684463784098626 1.867028345259314e-06
    9.0    
0.15959922969341278 1.4701365232467651 0.7376702427864075 train 10.0 0.37703208848834036 0.18497944287955762 0.1867323275655508 1.7814447801356437e-06
    10.0    
0.16416478157043457 1.4821656942367554 0.7377797961235046 train 11.0 0.3766342708468437 0.18474667452275753 0.18662313230335711 1.7642929606154212e-06
    11.0    
0.1626114696264267 1.511946678161621 0.7417483329772949 train 12.0 0.3767758621275425 0.18482383154332638 0.18669010266661645 1.745398435559764e-06
    12.0    
0.16493646800518036 1.5434786081314087 0.7407135963439941 train 13.0 0.3766662655770779 0.1847756862640381 0.1866785030812025 1.3508451957022771e-06
    13.0    
0.1641579121351242 1.5360801219940186 0.7322657704353333 train 14.0 0.3765842293202877 0.18474210359156132 0.1866565289348364 1.2803474191969144e-06
    14.0    
0.17027229070663452 1.5511226654052734 0.7318891882896423 train 15.0 0.37696039050817487 0.1849363783746958 0.18685260497033596 1.3882302027923288e-06
    15.0    
0.16938304901123047 1.5682110786437988 0.7330083847045898 train 16.0 0.37600971415638923 0.18446081481873988 0.18640439175069332 1.40470297083084e-06
    16.0    
0.17200393974781036 1.5636508464813232 0.7316641211509705 train 17.0 0.3761801128089428 0.18458905778825282 0.18649190358817577 1.600659516043379e-06
    17.0    
0.16828840970993042 1.5693786144256592 0.7308636903762817 train 18.0 0.3768444187939167 0.18482543393969536 0.18687384329736234 1.4549522120432812e-06
    18.0    
0.1732199341058731 1.5706474781036377 0.7270801067352295 train 19.0 0.37658258602023126 0.18468475788831712 0.1867632722854614 1.507430965830281e-06
    19.0    
0.1754457801580429 1.598942756652832 0.730350911617279 train 20.0 0.37584592327475547 0.1842707246541977 0.18650465801358224 1.1432705377956154e-06
    20.0    
0.17158763110637665 1.6109554767608643 0.7329356074333191 train 21.0 0.3766587983071804 0.1847740726172924 0.1867842172086239 1.4379988897417206e-06
    21.0    
0.1791049689054489 1.6081762313842773 0.733808159828186 train 22.0 0.3758386367559433 0.18433546021580696 0.18643129013478757 1.4642012047261233e-06
    22.0    
0.17406369745731354 1.6050719022750854 0.7276924252510071 train 23.0 0.3762564155459404 0.18448297336697578 0.18671522706747054 1.19648154850438e-06
    23.0    
0.17718654870986938 1.6130576133728027 0.7297292947769165 train 24.0 0.3757735159993172 0.1843208447098732 0.18637546196579932 1.5999443121472723e-06
    24.0    
0.1777619570493698 1.6252201795578003 0.7259330153465271 train 25.0 0.37557487189769745 0.18421868227422236 0.1862907111644745 1.0920176691797678e-06
    25.0    
0.17831844091415405 1.6221990585327148 0.7275376319885254 train 26.0 0.3756581173837185 0.184248998016119 0.18635257713496686 1.1507485169204301e-06
    26.0    
0.1748562604188919 1.6302014589309692 0.7298101186752319 train 27.0 0.37581935241818426 0.18434296511113643 0.1864352937042713 1.222960236191284e-06
    27.0    
0.179920494556427 1.627393364906311 0.7268681526184082 train 28.0 0.3755341926217079 0.18409269042313098 0.186402210816741 1.514022983428731e-06
    28.0    
0.1780349612236023 1.6282762289047241 0.7236798405647278 train 29.0 0.37562891766428946 0.1841752042621374 0.18641759291291238 9.846452257988858e-07
    29.0    
0.1744343638420105 1.6405943632125854 0.7256338596343994 train 30.0 0.37578748673200607 0.18424202993512154 0.18648192428052426 1.355952463200083e-06
    30.0    
0.17644105851650238 1.6268103122711182 0.7245195508003235 train 31.0 0.3754286800324917 0.1840885916352272 0.18630581118166448 1.2053811815349036e-06
    31.0    
0.1775604486465454 1.6327558755874634 0.7235215902328491 train 32.0 0.3755980643630028 0.1841628100723028 0.1863767372071743 1.0613929362079944e-06
    32.0    
0.17866168916225433 1.6380901336669922 0.724284827709198 train 33.0 0.37490681916475294 0.18379803210496903 0.18604595385491848 1.0772620271382038e-06
    33.0    
0.18181702494621277 1.6552989482879639 0.7280694246292114 train 34.0 0.37571245834231376 0.1842109338194132 0.18643431879580022 1.0400892733741784e-06
    34.0    
0.18075819313526154 1.6366887092590332 0.724971354007721 train 35.0 0.37508452162146566 0.183879232108593 0.18617246843874455 1.1377653663657838e-06
    35.0    
0.18640176951885223 1.6640924215316772 0.7258203625679016 train 36.0 0.37501564249396324 0.18388184122741222 0.18610690884292125 1.2301384231250267e-06
    36.0    
0.1788448840379715 1.6682888269424438 0.7270160913467407 train 37.0 0.37584059253335 0.1842641858756542 0.18653877057135104 9.360464900964871e-07
    37.0    
0.18245193362236023 1.677526593208313 0.7253345251083374 train 38.0 0.37518222734332085 0.1839826516062021 0.18615885108709335 8.757256750868692e-07
    38.0    
0.17995424568653107 1.6587671041488647 0.722777247428894 train 39.0 0.3751300698518753 0.18392263397574424 0.186165704280138 1.3528808722185204e-06
    39.0    
0.1846214383840561 1.6549122333526611 0.7246779203414917 train 40.0 0.3755347141623497 0.18404737882316113 0.18644788593053818 1.157570181931078e-06
    40.0    
0.17936134338378906 1.6818386316299438 0.723483145236969 train 41.0 0.37478585973381995 0.1837575963884592 0.18599256075918674 9.987813882617047e-07
    41.0    
0.18050222098827362 1.6793605089187622 0.7273128032684326 train 42.0 0.37499356165528297 0.18379946924746038 0.18618264593183995 8.805674269751762e-07
    42.0    
0.17895397543907166 1.683982253074646 0.7239742875099182 train 43.0 0.3755148842930794 0.18406194165349007 0.1864165298640728 1.185479391097033e-06
    43.0    
0.1835561841726303 1.6981165409088135 0.7230634689331055 train 44.0 0.37538241878151896 0.1839528229087591 0.18637942112982273 1.2090667951270007e-06
    44.0    
0.17983822524547577 1.6909878253936768 0.7203686833381653 train 45.0 0.37432740449905394 0.1834669129550457 0.18585490554571152 1.0599334245853242e-06
    45.0    
0.1820417195558548 1.691887378692627 0.7249776124954224 train 46.0 0.375112042427063 0.18382780604064464 0.1862623030692339 8.119802146211441e-07
    46.0    
0.17787858843803406 1.6929587125778198 0.7227514982223511 train 47.0 0.374790710657835 0.1837259528040886 0.1860330244153738 1.0109299637406366e-06
    47.0    
0.18222735822200775 1.7020606994628906 0.7224334478378296 train 48.0 0.37472741171717644 0.18367027275264264 0.18603333935141564 1.0662823797247256e-06
    48.0    
0.18176396191120148 1.7108677625656128 0.7253364324569702 train 49.0 0.3746957142651081 0.18363493837416173 0.1860261932015419 1.070560870175541e-06
    49.0    
0.1853528767824173 1.7181776762008667 0.7253676056861877 train 50.0 0.3743651624023914 0.18351213745772837 0.18583973102271556 9.286740692004969e-07
    50.0    
0.17775365710258484 1.69603431224823 0.7271647453308105 train 51.0 0.3746475060284138 0.18355761870741844 0.1861244300752878 1.2829323168261908e-06
    51.0    
0.18069760501384735 1.702694296836853 0.7301101684570312 train 52.0 0.3746412342786789 0.1836041232943535 0.18601761654019355 1.0376210184404044e-06
    52.0    
0.1829802542924881 1.7211837768554688 0.7295520305633545 train 53.0 0.3745215107500553 0.18354942418634893 0.18595909871160984 8.712148087397509e-07
    53.0    
0.18594922125339508 1.7183787822723389 0.725760817527771 train 54.0 0.37377567291259767 0.1832063752412796 0.1855673187226057 1.0170707582801697e-06
    54.0    
0.18158121407032013 1.71842360496521 0.728432297706604 train 55.0 0.3750254021584988 0.18383280731737614 0.18613111205399036 1.133112618845189e-06
    55.0    
0.1830124408006668 1.7269060611724854 0.7292168140411377 train 56.0 0.37426329776644707 0.18347755670547486 0.18573564752936364 8.753034421715711e-07
    56.0    
0.18491987884044647 1.7102726697921753 0.7259249091148376 train 57.0 0.3748244854807854 0.1836088415980339 0.18619263283908366 1.2175926258350955e-06
    57.0    
0.17994140088558197 1.7124619483947754 0.7258084416389465 train 58.0 0.3748310735821724 0.1836663483828306 0.18609324373304845 1.065547508005693e-06
    58.0    
0.18442997336387634 1.7200052738189697 0.7297470569610596 train 59.0 0.3746642743051052 0.18353901349008084 0.18605686202645302 9.440266808269371e-07
    59.0    
0.1885550320148468 1.7383346557617188 0.7254942059516907 train 60.0 0.37395973935723303 0.18320979207754134 0.1857442357391119 8.409057272729115e-07
    60.0    
0.18510699272155762 1.7308217287063599 0.7309932708740234 train 61.0 0.3738224370777607 0.1832046551257372 0.18559759728610514 1.0736466720118187e-06
    61.0    
0.18523764610290527 1.7426941394805908 0.7318857908248901 train 62.0 0.3747262305021286 0.18363733783364297 0.18605020739138126 1.1757306310755666e-06
    62.0    
0.18428313732147217 1.740726351737976 0.7250305414199829 train 63.0 0.3740094469487667 0.1833064492046833 0.18569749884307385 1.1041623793062172e-06
    63.0    
0.18202833831310272 1.753342866897583 0.7236133217811584 train 64.0 0.374327000528574 0.18345996767282485 0.18584617532789707 9.151581821242871e-07
    64.0    
0.18530124425888062 1.7559597492218018 0.7299283742904663 train 65.0 0.3740481081604958 0.1833164796233177 0.18572809122502804 8.566922247155162e-07
    65.0    
0.18611375987529755 1.7682304382324219 0.7347007989883423 train 66.0 0.3749855843186378 0.1837984372675419 0.1861324867606163 1.061384068634652e-06
    66.0    
0.18914322555065155 1.7531344890594482 0.730329155921936 train 67.0 0.37407901883125305 0.18327414527535438 0.18579483568668365 1.3103650644552545e-06
    67.0    
0.18525339663028717 1.7535593509674072 0.728954553604126 train 68.0 0.3740268671512604 0.18327352195978164 0.18574850507080554 9.157066642728751e-07
    68.0    
0.182891845703125 1.752488136291504 0.7358386516571045 train 69.0 0.3743555524945259 0.18343464203178883 0.1858588807284832 9.50129958710022e-07
    69.0    
0.1872081160545349 1.7789945602416992 0.7337267994880676 train 70.0 0.3740155404806137 0.1832348871231079 0.18576373696327209 7.221429427772819e-07
    70.0    
0.18669843673706055 1.765105962753296 0.7317720651626587 train 71.0 0.3744101609289646 0.18343988314270973 0.18593113340437412 1.077540446203784e-06
    71.0    
0.1824217438697815 1.7844874858856201 0.7352855205535889 train 72.0 0.37414299562573433 0.18326483815908431 0.18587462894618512 7.619944426551228e-07
    72.0    
0.18455569446086884 1.7703254222869873 0.7350718379020691 train 73.0 0.3742596572637558 0.18340409643948077 0.18583792194724083 1.0413114068796858e-06
    73.0    
0.18497665226459503 1.780393362045288 0.735044538974762 train 74.0 0.374176646322012 0.1833146294206381 0.18584547728300094 1.0040789675258566e-06
    74.0    
0.18533940613269806 1.7756291627883911 0.7340002655982971 train 75.0 0.37474584504961966 0.18356614716351033 0.18613385878503322 9.70507812780852e-07
    75.0    
0.18208904564380646 1.7958940267562866 0.7381928563117981 train 76.0 0.3746872375905514 0.18355310395359992 0.18609169512987137 1.0623173238855088e-06
    76.0    
0.1894197165966034 1.784021258354187 0.7371509671211243 train 77.0 0.37375529572367666 0.18305869549512863 0.18567264422774316 8.622063774055277e-07
    77.0    
0.18667346239089966 1.7799798250198364 0.7363753318786621 train 78.0 0.3742918549478054 0.18333505161106586 0.1859295968711376 7.51630068407394e-07
    78.0    
0.18714484572410583 1.793016791343689 0.7346389889717102 train 79.0 0.37494322419166565 0.18363820850849152 0.18624690130352975 1.0814467259478988e-06
    79.0    
0.18198297917842865 1.7838765382766724 0.7360866665840149 train 80.0 0.37415887966752054 0.18325230568647385 0.18588016107678412 1.0615681276249234e-06
    80.0    
0.18890774250030518 1.7821762561798096 0.7339129447937012 train 81.0 0.3738288925588131 0.1830874542146921 0.1856993916630745 9.447546176488686e-07
    81.0    
0.18735355138778687 1.788385272026062 0.7383664846420288 train 82.0 0.3738513508439064 0.1831335973739624 0.18570841148495673 7.0274967356454e-07
    82.0    
0.19069549441337585 1.8037550449371338 0.7367197275161743 train 83.0 0.3737591917812824 0.18307970359921455 0.18568830385804178 9.516420504951384e-07
    83.0    
0.19030821323394775 1.8058509826660156 0.7370349168777466 train 84.0 0.37366183355450633 0.1830387544631958 0.18563675276935102 1.1109380011475878e-06
    84.0    
0.1867040991783142 1.8009685277938843 0.7418746948242188 train 85.0 0.3738021372258663 0.18314428485929965 0.18566823936998844 9.523829476165702e-07
    85.0    
0.18736575543880463 1.8052407503128052 0.7383778691291809 train 86.0 0.37379261016845705 0.183148310482502 0.18565143413841725 7.624061026945128e-07
    86.0    
0.18994559347629547 1.8016510009765625 0.7353056073188782 train 87.0 0.37397407218813894 0.1832350066304207 0.18571956716477872 9.624925496609649e-07
    87.0    
0.18719397485256195 1.7981250286102295 0.7383458614349365 train 88.0 0.3738958117365837 0.18311837896704675 0.18577433921396733 1.041913264998584e-06
    88.0    
0.1907644271850586 1.8087873458862305 0.7404316663742065 train 89.0 0.37363989546895027 0.18305218614637853 0.18561854712665082 9.213271709995752e-07
    89.0    
0.19182142615318298 1.809418797492981 0.7419746518135071 train 90.0 0.3739556071162224 0.18317534141242503 0.18579369992017747 1.1128992127851234e-06
    90.0    
0.18819402158260345 1.7912554740905762 0.7384172081947327 train 91.0 0.3743476177752018 0.18340648472309112 0.18594132140278816 8.257641752607014e-07
    91.0    
0.18749049305915833 1.8128020763397217 0.7399269938468933 train 92.0 0.3736827446520328 0.18307120442390443 0.1856015532463789 9.444989927942515e-07
    92.0    
0.18874672055244446 1.8127872943878174 0.740745484828949 train 93.0 0.3737582628428936 0.1831083620339632 0.18567601829767227 8.965182587417075e-07
    93.0    
0.19041003286838531 1.8014553785324097 0.7419939637184143 train 94.0 0.374650773704052 0.1835050792992115 0.18615585811436175 9.487342254033138e-07
    94.0    
0.18682119250297546 1.8099943399429321 0.7416629195213318 train 95.0 0.3736854226887226 0.1830132345855236 0.1856842964887619 8.777803373050119e-07
    95.0    
0.18611812591552734 1.816451907157898 0.7401416301727295 train 96.0 0.37421183884143827 0.18325013734400272 0.18594661988317968 7.316968435588933e-07
    96.0    
0.18891043961048126 1.8411383628845215 0.7397570013999939 train 97.0 0.3734495511651039 0.18291264086961745 0.1855419971048832 8.965673146121844e-07
    97.0    
0.1870596557855606 1.8311278820037842 0.7410668730735779 train 98.0 0.37400817543268206 0.1831647527217865 0.18585360929369926 7.956222702887317e-07
    98.0    
0.1864445060491562 1.8268924951553345 0.7437512278556824 train 99.0 0.3730832724273205 0.18275119468569756 0.18536378532648087 8.644782383271377e-07
    99.0    
