Corr-Diag Corr-Full Corr-Swap Data Epoch Loss MMD-Full MMD-Swap Mean
0.5230427980422974 0.3054307699203491 0.17269499599933624 train 0.0 0.7136129423975944 0.1858718527853489 0.1835720147192478 9.02647661860101e-06
    0.0    
0.5030308365821838 0.21789751946926117 0.14892789721488953 train 1.0 0.5216552320122719 0.1810872971266508 0.18187593303620816 1.216298551298678e-05
    1.0    
0.4918806254863739 0.19744227826595306 0.14547854661941528 train 2.0 0.5087753574550152 0.18091830007731916 0.1817003860324621 7.3289056672365405e-06
    2.0    
0.4849964380264282 0.1692417711019516 0.13036943972110748 train 3.0 0.4982311435043812 0.18108235731720923 0.1820794938504696 6.747222414560383e-06
    3.0    
0.4828587472438812 0.15266692638397217 0.11829477548599243 train 4.0 0.4918705295026302 0.1805570074915886 0.18155461996793748 3.7335189517762046e-06
    4.0    
0.4817914068698883 0.15865229070186615 0.12374107539653778 train 5.0 0.4898463670909405 0.180910978987813 0.1818647550791502 3.911182830051985e-06
    5.0    
0.4776483476161957 0.14975935220718384 0.11498713493347168 train 6.0 0.4874476993083954 0.1806606388837099 0.18164681158959867 5.4791212278360035e-06
    6.0    
0.478607714176178 0.15461067855358124 0.11594704538583755 train 7.0 0.4856372031569481 0.18063185878098012 0.18146288372576236 3.2225084396486636e-06
    7.0    
0.47686678171157837 0.15386122465133667 0.11663541197776794 train 8.0 0.483688522875309 0.1807838724553585 0.18175351910293103 3.583641273507965e-06
    8.0    
0.4761331081390381 0.14360103011131287 0.10730566084384918 train 9.0 0.48001215055584906 0.1809041029214859 0.18188979126513005 3.841607849608408e-06
    9.0    
0.4745104908943176 0.13753798604011536 0.10662712901830673 train 10.0 0.4807922586798668 0.18078729763627052 0.18183787740767002 2.997069941557129e-06
    10.0    
0.4739833474159241 0.13617433607578278 0.10503952205181122 train 11.0 0.48007689744234083 0.18045361950993538 0.18151052728295325 3.0819337553111836e-06
    11.0    
0.47377482056617737 0.1507853865623474 0.10591220110654831 train 12.0 0.48127274319529534 0.1813161777704954 0.1823467443138361 1.8070635405820212e-06
    12.0    
0.47017577290534973 0.1456180214881897 0.10430943220853806 train 13.0 0.4770595213770866 0.18060703843832016 0.18161600060760974 2.7721932838176144e-06
    13.0    
0.47181764245033264 0.12958243489265442 0.09731506556272507 train 14.0 0.47768552750349047 0.18101707935333253 0.18202488720417023 2.3246720957104117e-06
    14.0    
0.47395744919776917 0.1267293393611908 0.09524300694465637 train 15.0 0.4759363506734371 0.18090042747557164 0.18187559217214586 1.7596624957150198e-06
    15.0    
0.4714492857456207 0.13789032399654388 0.0972837433218956 train 16.0 0.4753374096751213 0.18087082326412202 0.18181697331368923 2.3954773951118113e-06
    16.0    
0.4700952470302582 0.127883642911911 0.09467113763093948 train 17.0 0.47552540719509123 0.18053667917847632 0.18136648833751678 3.974684204877121e-06
    17.0    
0.469705730676651 0.11915230751037598 0.08488263189792633 train 18.0 0.4700249919295311 0.1808973902463913 0.1818982644379139 2.089399686155957e-06
    18.0    
0.46843576431274414 0.11477780342102051 0.08212411403656006 train 19.0 0.47375253528356553 0.18108376018702985 0.18196297280490398 3.14306748805393e-06
    19.0    
0.4688836634159088 0.11642603576183319 0.08147081732749939 train 20.0 0.4715784348547459 0.18084567315876485 0.18162770360708236 2.6752834401122527e-06
    20.0    
0.46943679451942444 0.11081968247890472 0.07864108681678772 train 21.0 0.47072482854127884 0.18179264537990092 0.18266515895724297 2.9303055271157064e-06
    21.0    
0.46676263213157654 0.10425958782434464 0.07462779432535172 train 22.0 0.46717829450964926 0.18121190398931503 0.18200529910624028 1.2687277148870635e-06
    22.0    
0.4658809304237366 0.10276871919631958 0.06965315341949463 train 23.0 0.4647862462699413 0.18135959707200527 0.18224182486534118 1.4567857533620554e-06
    23.0    
0.46375569701194763 0.09736888855695724 0.06511124968528748 train 24.0 0.46751018360257146 0.18190884128212928 0.18262058183550833 2.169600975321373e-06
    24.0    
0.463668555021286 0.08977781981229782 0.061906684190034866 train 25.0 0.4643951073288918 0.18080149926245212 0.1817111820727587 2.3911366042739246e-06
    25.0    
0.46319353580474854 0.0897994339466095 0.0597553476691246 train 26.0 0.4639292900264263 0.18129881508648396 0.18218634076416493 2.962259486594121e-06
    26.0    
0.463053435087204 0.0809251219034195 0.05679703131318092 train 27.0 0.4596726593375206 0.18136010639369488 0.1822544101625681 2.2364724827639293e-06
    27.0    
0.4623722434043884 0.07877060770988464 0.054597388952970505 train 28.0 0.46101423263549807 0.18137460209429265 0.1822322654724121 1.987265932257287e-06
    28.0    
0.4616091549396515 0.07798557728528976 0.05153955891728401 train 29.0 0.45993748411536217 0.18115891471505166 0.18202396735548973 2.4193395802285522e-06
    29.0    
0.4617170989513397 0.07356123626232147 0.050521332770586014 train 30.0 0.45938336715102196 0.18141513347625732 0.18237577445805073 2.0421180124685634e-06
    30.0    
0.46014413237571716 0.06936167925596237 0.04758603870868683 train 31.0 0.45847570568323137 0.18128214173018933 0.1820663069933653 3.0547164442396024e-06
    31.0    
0.46217161417007446 0.06960339099168777 0.048299990594387054 train 32.0 0.46085938304662705 0.18147135816514492 0.18229505136609078 3.0596934266213793e-06
    32.0    
0.4611234962940216 0.06775213032960892 0.0476546585559845 train 33.0 0.45703646302223205 0.18142838187515736 0.18239249132573604 1.4117355249254615e-06
    33.0    
0.46094435453414917 0.06395217031240463 0.04470358416438103 train 34.0 0.4603125900030136 0.18157320372760297 0.18241323098540307 2.0276277155062417e-06
    34.0    
0.4619881510734558 0.06547389924526215 0.046006567776203156 train 35.0 0.4580963985621929 0.1817582967877388 0.1826199569553137 1.8694577192945872e-06
    35.0    
0.4606192708015442 0.0644197091460228 0.04359973594546318 train 36.0 0.4585100376605988 0.18113707967102527 0.18199231810867786 2.9437146622512955e-06
    36.0    
0.4608975648880005 0.06522441655397415 0.04405931010842323 train 37.0 0.4561808605492115 0.18098048754036428 0.1818746691197157 2.0239085642970167e-06
    37.0    
0.4582310914993286 0.06333934515714645 0.04319881275296211 train 38.0 0.45826408982276917 0.1813031780719757 0.18220044769346713 3.3747310226317495e-06
    38.0    
0.46036210656166077 0.0639653131365776 0.042737770825624466 train 39.0 0.45698634669184685 0.18106192849576475 0.18190446443855762 4.006732069683494e-06
    39.0    
0.4602384567260742 0.061660781502723694 0.04247691482305527 train 40.0 0.45919801488518713 0.1809702269732952 0.18199592500925063 1.9586216239986243e-06
    40.0    
0.4612489342689514 0.06489517539739609 0.04352328181266785 train 41.0 0.4566787786781788 0.1811007099598646 0.18201797731220723 3.710871624207357e-06
    41.0    
0.45992451906204224 0.06441030651330948 0.04190324991941452 train 42.0 0.4566387441754341 0.18087501794099808 0.18183490417897702 1.8645854424903519e-06
    42.0    
0.4589379131793976 0.06026071310043335 0.04117228463292122 train 43.0 0.45633290961384776 0.18083942219614982 0.18188949927687645 2.335131057407125e-06
    43.0    
0.46067705750465393 0.062070850282907486 0.041404422372579575 train 44.0 0.4577386324107647 0.18068802170455456 0.18164908044040204 2.7243640943197533e-06
    44.0    
0.4597555696964264 0.060705140233039856 0.04199761152267456 train 45.0 0.4589951412379742 0.18101386032998562 0.1820695198327303 4.149368578509893e-06
    45.0    
0.46033790707588196 0.06087937951087952 0.041408319026231766 train 46.0 0.4580011853575707 0.1813007465749979 0.18234809577465058 2.014651727222372e-06
    46.0    
0.45895394682884216 0.0580386146903038 0.0401029959321022 train 47.0 0.4547324766218662 0.18089055083692074 0.18190748415887356 3.534846882757847e-06
    47.0    
0.45916420221328735 0.059835419058799744 0.03932856023311615 train 48.0 0.4576873041689396 0.18083587922155858 0.1818167056143284 2.4640899027872365e-06
    48.0    
0.4601895213127136 0.06089722365140915 0.03984628617763519 train 49.0 0.4568924356997013 0.18105377040803433 0.18205953679978848 2.0523548300843686e-06
    49.0    
0.4606262445449829 0.057577963918447495 0.04025178775191307 train 50.0 0.4537817296385765 0.18096729397773742 0.1820820438116789 3.4971715194842545e-06
    50.0    
0.46023014187812805 0.06259194761514664 0.04062332212924957 train 51.0 0.45330347508192065 0.18092075504362584 0.18204560272395612 2.1676312371710083e-06
    51.0    
0.45981818437576294 0.0589664950966835 0.03935498744249344 train 52.0 0.45799153953790667 0.18137745194137098 0.18237556032836438 1.5336897831730312e-06
    52.0    
0.4578128457069397 0.05684230849146843 0.03739365562796593 train 53.0 0.4578710593283176 0.18166150696575642 0.18275511845946313 2.0510585727606667e-06
    53.0    
0.4591280221939087 0.057019419968128204 0.03812791034579277 train 54.0 0.4529749570786953 0.1809874861687422 0.1820411579310894 2.168971604987746e-06
    54.0    
0.459492564201355 0.058345451951026917 0.039370857179164886 train 55.0 0.4558900547027588 0.18109184198081493 0.1821464789658785 3.843874765152577e-06
    55.0    
0.45957374572753906 0.05762055143713951 0.03847776725888252 train 56.0 0.4543384550511837 0.1812699519097805 0.1823442780971527 3.1371648674394237e-06
    56.0    
0.4591650366783142 0.05530080571770668 0.03708775341510773 train 57.0 0.4545777976512909 0.18129082344472408 0.1824377603828907 2.293064881087048e-06
    57.0    
0.458772212266922 0.056267738342285156 0.03738081455230713 train 58.0 0.4545501673221588 0.18109311617910862 0.18220458209514617 2.431764187349472e-06
    58.0    
0.45797884464263916 0.056664880365133286 0.03690508008003235 train 59.0 0.4552114875614643 0.18105887547135352 0.18221409656107426 2.85365649688174e-06
    59.0    
0.45956355333328247 0.055804293602705 0.0367058701813221 train 60.0 0.4553585195541382 0.1809611539542675 0.18210170790553093 3.2530549560760846e-06
    60.0    
0.4593733549118042 0.056843291968107224 0.03691256418824196 train 61.0 0.45458652049303055 0.1809310268610716 0.18207188978791236 3.6385542898642598e-06
    61.0    
0.45946791768074036 0.055124763399362564 0.03742107003927231 train 62.0 0.45648645669221877 0.1809050363302231 0.18205872409045695 2.067180048470618e-06
    62.0    
0.4592534303665161 0.057824280112981796 0.036249782890081406 train 63.0 0.45282585397362707 0.18102020606398583 0.18209974728524686 2.5307272153440863e-06
    63.0    
0.45837825536727905 0.05299798771739006 0.036021869629621506 train 64.0 0.45235998660326004 0.18083830788731575 0.181954138353467 2.3786410565662663e-06
    64.0    
0.4586627185344696 0.0558687224984169 0.036051876842975616 train 65.0 0.4548521998524666 0.18083500988781454 0.18188919104635715 2.6654452085494995e-06
    65.0    
0.45943212509155273 0.05610278248786926 0.03610004112124443 train 66.0 0.4531396900117397 0.18032668866217136 0.18140412420034407 3.284621016064193e-06
    66.0    
0.45999640226364136 0.0561341717839241 0.03693677857518196 train 67.0 0.4527303367853165 0.18075630739331244 0.18193658746778965 2.8089377792639425e-06
    67.0    
0.45861944556236267 0.05658681318163872 0.036208540201187134 train 68.0 0.4524704886972904 0.1807820674777031 0.18194403283298016 2.595591013232479e-06
    68.0    
0.4585716426372528 0.05477367714047432 0.03454921394586563 train 69.0 0.4555140537023544 0.18101292952895165 0.182113386541605 1.7391537312505534e-06
    69.0    
0.45949599146842957 0.054588813334703445 0.03657718747854233 train 70.0 0.45209096029400825 0.1805610892176628 0.18180065393447875 3.268953832957777e-06
    70.0    
0.45879366993904114 0.05549895763397217 0.03661943972110748 train 71.0 0.45397087261080743 0.18110144712030887 0.18225071631371975 2.886174797822605e-06
    71.0    
0.4584181010723114 0.054254353046417236 0.03577452152967453 train 72.0 0.4531388781964779 0.18100320629775524 0.18219890497624874 2.3153875190473627e-06
    72.0    
0.4591812789440155 0.055100228637456894 0.036373574286699295 train 73.0 0.450833590477705 0.18054520018398762 0.1817801893502474 2.3031680029816926e-06
    73.0    
0.45944029092788696 0.057460010051727295 0.03521604835987091 train 74.0 0.45448064044117925 0.1809978734701872 0.18224714495241642 3.7591360069200164e-06
    74.0    
0.4586627185344696 0.05580469220876694 0.0352836549282074 train 75.0 0.4521354871988297 0.1807545654475689 0.1819860876351595 2.4658781967445975e-06
    75.0    
0.45807233452796936 0.05337966978549957 0.034929994493722916 train 76.0 0.45478540897369385 0.1809820204973221 0.18219379156827928 2.3315733415074646e-06
    76.0    
0.4583873748779297 0.05372259393334389 0.03521728515625 train 77.0 0.45692639276385305 0.18100896194577218 0.18214034631848336 3.1128854516282445e-06
    77.0    
0.4589535892009735 0.05666665732860565 0.03494659811258316 train 78.0 0.45100046530365945 0.1808581203967333 0.1821513668447733 1.963441036423319e-06
    78.0    
0.45777133107185364 0.05322767794132233 0.03433305397629738 train 79.0 0.4525416931509972 0.18063399963080884 0.18187161967158316 2.1069492959213676e-06
    79.0    
0.45869892835617065 0.052969690412282944 0.034533221274614334 train 80.0 0.4522556947171688 0.18056421414017676 0.18183973751962185 1.844201392486866e-06
    80.0    
0.45799100399017334 0.05450475215911865 0.03404111787676811 train 81.0 0.45204453855752946 0.18085385009646415 0.18219540417194366 2.8455895062506897e-06
    81.0    
0.45865166187286377 0.052858948707580566 0.03409925475716591 train 82.0 0.45247349470853804 0.1809743545204401 0.18224307112395763 2.2248852928896667e-06
    82.0    
0.4581685960292816 0.053415216505527496 0.03390446677803993 train 83.0 0.45276254549622535 0.18083683490753175 0.18219571955502034 2.2334115783451125e-06
    83.0    
0.45906615257263184 0.05367405340075493 0.03438666835427284 train 84.0 0.45440405532717704 0.1812307385355234 0.18238386906683446 1.8479604477761313e-06
    84.0    
0.4579155445098877 0.052290380001068115 0.03383507952094078 train 85.0 0.45254592165350915 0.18070874601602555 0.18191942296922206 2.5057322545762872e-06
    85.0    
0.4572034180164337 0.05459826812148094 0.03392966464161873 train 86.0 0.45174724861979487 0.18000415958464144 0.1813026385754347 2.4227895210060524e-06
    86.0    
0.45703592896461487 0.05241413041949272 0.033182624727487564 train 87.0 0.449572556167841 0.1807259515672922 0.1820123440772295 2.7218238756177016e-06
    87.0    
0.4574474096298218 0.052427757531404495 0.033996835350990295 train 88.0 0.45012031361460686 0.18065234690904616 0.1819104890525341 2.347647523492924e-06
    88.0    
0.45835068821907043 0.05355147272348404 0.03366558998823166 train 89.0 0.4522232350707054 0.18067023299634458 0.1819902840256691 2.1627527075906983e-06
    89.0    
0.45733389258384705 0.0520816296339035 0.03261403739452362 train 90.0 0.4489902770519257 0.18023091562092305 0.1814967416226864 3.3435387649660697e-06
    90.0    
0.45831093192100525 0.05160925164818764 0.033233363181352615 train 91.0 0.4512953558564186 0.1803144583106041 0.18149494603276253 1.5517177871515742e-06
    91.0    
0.45741522312164307 0.05305628851056099 0.0334693118929863 train 92.0 0.45229801803827285 0.18057323589920998 0.18186765164136887 2.578540261310991e-06
    92.0    
0.45792725682258606 0.05141979828476906 0.03218429163098335 train 93.0 0.45219038844108583 0.18054171696305274 0.18178810819983482 2.868143155865255e-06
    93.0    
0.4582444429397583 0.0517713837325573 0.03195668011903763 train 94.0 0.4508627288043499 0.18061114624142646 0.18192769758403302 2.75408251582121e-06
    94.0    
0.45882585644721985 0.05335187166929245 0.03334386274218559 train 95.0 0.45145457431674 0.1807742727547884 0.18209171034395694 2.1944470063317567e-06
    95.0    
0.4572993516921997 0.05296844616532326 0.03286214917898178 train 96.0 0.4529059134423733 0.1812211772054434 0.182478753849864 1.8190070250057033e-06
    96.0    
0.45808902382850647 0.05416528880596161 0.03272762894630432 train 97.0 0.44613289549946783 0.1801434286683798 0.18154690146446228 2.8269987524254248e-06
    97.0    
0.4575507342815399 0.05186810716986656 0.03207162767648697 train 98.0 0.4502855730056763 0.1806306365132332 0.1819739130884409 3.557756826921832e-06
    98.0    
0.4574999213218689 0.05126778408885002 0.032144688069820404 train 99.0 0.4541217225790024 0.18103921197354794 0.18230425827205182 2.7273194973531645e-06
    99.0    
