Corr-Diag Corr-Full Corr-Swap Data Epoch Loss MMD-Full MMD-Swap Mean
0.11298269033432007 2.997243881225586 0.64249587059021 train 0.0 0.28418493784964083 0.14539327915757894 0.11608276970684528 7.660550181753933e-06
    0.0    
0.14938463270664215 2.374058246612549 0.5954068303108215 train 1.0 0.15092413231730462 0.07280294444411993 0.06774769134819508 9.629567102820147e-06
    1.0    
0.18117722868919373 1.9216411113739014 0.5650572776794434 train 2.0 0.13998097449541091 0.06699624471366405 0.0639997567795217 9.264407708542421e-06
    2.0    
0.21508795022964478 1.616522192955017 0.5403172373771667 train 3.0 0.13543102703988552 0.06498096246272325 0.06230854030698538 5.2678169595310465e-06
    3.0    
0.24624484777450562 1.4284944534301758 0.5169236063957214 train 4.0 0.13331585749983788 0.06423370130360126 0.06164232583716512 6.048615432519e-06
    4.0    
0.27960115671157837 1.2942767143249512 0.49981820583343506 train 5.0 0.13177863955497743 0.06379586048424243 0.061163116432726386 7.475330221495824e-06
    5.0    
0.31418558955192566 1.2041629552841187 0.4952675998210907 train 6.0 0.13076862946152687 0.06357928959652781 0.06092423124238849 3.383747525731451e-06
    6.0    
0.34785154461860657 1.1601393222808838 0.49472591280937195 train 7.0 0.13021174542605876 0.06354720275849104 0.060909014847129586 4.813106897927355e-06
    7.0    
0.37663787603378296 1.1542755365371704 0.5013001561164856 train 8.0 0.12968810267746447 0.0635156973078847 0.060869395975023506 3.6619655929825967e-06
    8.0    
0.40241822600364685 1.1853548288345337 0.5136726498603821 train 9.0 0.12889367900788784 0.06334357379004359 0.06063527012243867 4.246193384460639e-06
    9.0    
0.42587360739707947 1.2171380519866943 0.5247372984886169 train 10.0 0.1286716490611434 0.06338304027915001 0.06070464309304953 5.630840405501658e-06
    10.0    
0.44548311829566956 1.2613540887832642 0.5377556681632996 train 11.0 0.12795069765299558 0.06314545499160885 0.060503855384886264 4.57862688563182e-06
    11.0    
0.46255049109458923 1.2975424528121948 0.5467340350151062 train 12.0 0.12727456491440534 0.06293698411434889 0.06027451053261757 4.86818908029818e-06
    12.0    
0.4780094027519226 1.3289344310760498 0.5557578206062317 train 13.0 0.12745376922190188 0.06311469692736864 0.060486850030720234 3.0006369797774823e-06
    13.0    
0.4923613965511322 1.3609111309051514 0.5632917881011963 train 14.0 0.12685182806104423 0.06292307762429118 0.06025606665760279 2.687727601369261e-06
    14.0    
0.5033906102180481 1.3930847644805908 0.5703545808792114 train 15.0 0.1267953946068883 0.06293000487610698 0.06034694047644734 5.5100103963923175e-06
    15.0    
0.5149856209754944 1.4151294231414795 0.5765854716300964 train 16.0 0.12650355834513902 0.06289233181625604 0.060228223204612734 5.736355888075195e-06
    16.0    
0.5253030061721802 1.4494969844818115 0.5835620760917664 train 17.0 0.12587074976414442 0.06260758243501187 0.06000887831673026 3.5084608498436864e-06
    17.0    
0.5319682955741882 1.4739480018615723 0.5893402695655823 train 18.0 0.125849881619215 0.06263450110331177 0.06007024209946394 4.5439278437697794e-06
    18.0    
0.5385417342185974 1.5064982175827026 0.5958643555641174 train 19.0 0.12552106399089097 0.06253636337816715 0.05993305679410696 7.166725026763743e-06
    19.0    
0.5447121262550354 1.5237677097320557 0.6009877920150757 train 20.0 0.1251531146839261 0.06236107436940074 0.059829203430563214 4.511030510911951e-06
    20.0    
0.5495741963386536 1.5524585247039795 0.6072033047676086 train 21.0 0.12542910784482955 0.06252215947955847 0.060019202437251805 5.4528304644918535e-06
    21.0    
0.5541335344314575 1.5667096376419067 0.6105369925498962 train 22.0 0.1247236404567957 0.06223068388178945 0.05967730060219765 2.887295295295189e-06
    22.0    
0.5583193302154541 1.5797524452209473 0.6139130592346191 train 23.0 0.12468711268156767 0.06218984447419643 0.05974678600206971 2.9695765988435596e-06
    23.0    
0.5618181228637695 1.5865920782089233 0.6165180206298828 train 24.0 0.12481145855039358 0.06225322552025318 0.05986722905188799 2.9409179660433438e-06
    24.0    
0.5649390816688538 1.5938591957092285 0.6181071400642395 train 25.0 0.12430235639214515 0.06200763067230582 0.059657956454902884 3.9952428778633475e-06
    25.0    
0.5682007074356079 1.604604959487915 0.6213574409484863 train 26.0 0.12387375805526972 0.06181050812825561 0.059475087001919745 2.3918348688312108e-06
    26.0    
0.5698232650756836 1.6053824424743652 0.6225927472114563 train 27.0 0.12419207699596882 0.061987117249518636 0.05966660667210817 2.3245249849424e-06
    27.0    
0.5736216306686401 1.6035066843032837 0.6236333847045898 train 28.0 0.12364920929074287 0.061728802230209115 0.05942671723663807 3.050699433515547e-06
    28.0    
0.5749964118003845 1.5986900329589844 0.6238095164299011 train 29.0 0.12350861500948668 0.06161569382995367 0.05943655747920275 3.87846694138716e-06
    29.0    
0.5775564312934875 1.5922731161117554 0.6238976120948792 train 30.0 0.12353692561388016 0.06165995251387358 0.05945914248004556 4.220469691063045e-06
    30.0    
0.5797125101089478 1.5878987312316895 0.6237905025482178 train 31.0 0.12335375785827636 0.06155987558886409 0.05941263807937503 3.262599420850165e-06
    31.0    
0.581977128982544 1.5803862810134888 0.6226863861083984 train 32.0 0.12345043938606977 0.06158440874889493 0.05951777044683695 3.2420095976704033e-06
    32.0    
0.5827990770339966 1.573319911956787 0.6223092675209045 train 33.0 0.12310802299529314 0.06144720554351807 0.05934542128816247 3.861116056214087e-06
    33.0    
0.586353063583374 1.5634018182754517 0.6210553646087646 train 34.0 0.12294306982308627 0.061358403880149126 0.05930130373686552 4.349386017565848e-06
    34.0    
0.5873866081237793 1.553467869758606 0.6205593347549438 train 35.0 0.12263157498091459 0.06122849877923727 0.059150716681033375 2.7821145067719044e-06
    35.0    
0.5899149775505066 1.5402556657791138 0.6181725859642029 train 36.0 0.12264094825834036 0.06122994026169181 0.05918688317760825 3.6103813272347907e-06
    36.0    
0.5905380845069885 1.5291532278060913 0.6168557405471802 train 37.0 0.1226763229072094 0.061242832466959954 0.05923490663990379 2.6365537451056298e-06
    37.0    
0.594458818435669 1.51698637008667 0.6151040196418762 train 38.0 0.12230364609509707 0.061036735214293 0.0590964144654572 4.037753114971565e-06
    38.0    
0.5951393842697144 1.5096166133880615 0.6140602231025696 train 39.0 0.12223200477659703 0.06103077040985227 0.059054627697914835 2.4338046387128998e-06
    39.0    
0.5969220995903015 1.4994772672653198 0.6126546859741211 train 40.0 0.12208927992731333 0.06095553571358323 0.05901081964373588 3.5247371670266148e-06
    40.0    
0.5988504886627197 1.481383204460144 0.6094772219657898 train 41.0 0.12222478076815606 0.061012180838733915 0.05911105709150433 2.4077112357190344e-06
    41.0    
0.6009747982025146 1.475859522819519 0.6086734533309937 train 42.0 0.12158347468823194 0.060714799147099256 0.05879330851137638 2.0629588561860146e-06
    42.0    
0.6012371778488159 1.4631212949752808 0.606566846370697 train 43.0 0.1217753029987216 0.060801959782838824 0.058919147048145534 2.5971210106945364e-06
    43.0    
0.6042438745498657 1.4504482746124268 0.603774905204773 train 44.0 0.1217460836097598 0.06075270738452673 0.05895739329978824 2.890808218580787e-06
    44.0    
0.6052753925323486 1.4465696811676025 0.6034451127052307 train 45.0 0.12167167373001575 0.060731270164251325 0.058923479299992323 2.8953834316780558e-06
    45.0    
0.606698215007782 1.4330028295516968 0.6005387306213379 train 46.0 0.12180116765201092 0.060778013840317724 0.05902269691228867 2.602349695735029e-06
    46.0    
0.6072760820388794 1.4262672662734985 0.5993375778198242 train 47.0 0.1216726429760456 0.06075766490772366 0.058926985394209624 1.959162773346179e-06
    47.0    
0.610159158706665 1.4109368324279785 0.5960023403167725 train 48.0 0.12153805952519178 0.06064186980947852 0.05893010856583714 2.061731493085972e-06
    48.0    
0.6113318204879761 1.4029754400253296 0.5942939519882202 train 49.0 0.12141755685210227 0.06059872651472688 0.05886965183541179 4.881877885054564e-06
    49.0    
0.6123123168945312 1.3919146060943604 0.5923909544944763 train 50.0 0.12137894630432129 0.06059544486925006 0.058849052842706445 2.6882164547714638e-06
    50.0    
0.6142770051956177 1.3819607496261597 0.590401291847229 train 51.0 0.1214611892402172 0.06063978359103203 0.05890060156583786 3.4390698147035437e-06
    51.0    
0.615902304649353 1.3777817487716675 0.5893762111663818 train 52.0 0.12110596496611833 0.060496213287115096 0.05870798952877521 3.4048512134177145e-06
    52.0    
0.6174747943878174 1.3675962686538696 0.5873445868492126 train 53.0 0.12094644334167243 0.060372426379472016 0.05868851015344262 1.8598166207084432e-06
    53.0    
0.6189340949058533 1.3527026176452637 0.5839462876319885 train 54.0 0.12101386457681657 0.06043609706684947 0.05870870046317577 3.4421800592099316e-06
    54.0    
0.6203031539916992 1.3418623208999634 0.5816314816474915 train 55.0 0.12097432091832161 0.060367832127958536 0.05874849159270525 2.5968840873247245e-06
    55.0    
0.6206936836242676 1.3357080221176147 0.5803138613700867 train 56.0 0.12110415238887072 0.060472349133342505 0.058787055369466545 3.739261046575848e-06
    56.0    
0.6227065324783325 1.325928807258606 0.5778853297233582 train 57.0 0.12092196263372898 0.06036043167114258 0.05873025944456458 3.086600145252305e-06
    57.0    
0.6236252784729004 1.317154049873352 0.5760834813117981 train 58.0 0.12072441522032022 0.06027031423524022 0.05864038774743676 2.6966954465024173e-06
    58.0    
0.6247291564941406 1.307145595550537 0.5734192132949829 train 59.0 0.12062297355383635 0.06022959282621741 0.05859289886429906 2.4265364118036814e-06
    59.0    
0.6258729696273804 1.2996615171432495 0.571738064289093 train 60.0 0.12077008351683617 0.060301797632128 0.058681352641433475 3.670213118311949e-06
    60.0    
0.6285822987556458 1.289516806602478 0.5694538950920105 train 61.0 0.12064477384090423 0.06024016931653023 0.058630292396992446 2.1400862806331133e-06
    61.0    
0.629337728023529 1.281903624534607 0.5673879981040955 train 62.0 0.12061003547161818 0.06021508269011974 0.05863176731392741 2.220633859906229e-06
    62.0    
0.6314516067504883 1.2716091871261597 0.5646495223045349 train 63.0 0.12071994621306657 0.060255152564495804 0.05871478699147701 2.254804030599189e-06
    63.0    
0.6312936544418335 1.2641023397445679 0.5628919005393982 train 64.0 0.12058671224862337 0.060210154596716164 0.0586403026431799 2.6491741209611064e-06
    64.0    
0.6337136030197144 1.2549582719802856 0.5601853728294373 train 65.0 0.12038883049041033 0.060112134572118524 0.0585490657761693 3.8851367207826115e-06
    65.0    
0.6345545053482056 1.2487621307373047 0.5585747361183167 train 66.0 0.1204742519184947 0.0601215760037303 0.05863751383498311 5.474403678817907e-06
    66.0    
0.6351724863052368 1.2401210069656372 0.5567087531089783 train 67.0 0.12046382457017898 0.06010657789185643 0.05865471586585045 1.095106995308015e-06
    67.0    
0.6374459862709045 1.231781005859375 0.5543486475944519 train 68.0 0.12043063171207904 0.060139004569500686 0.058597699739038944 2.6559298476058757e-06
    68.0    
0.6382235288619995 1.2230193614959717 0.5517798066139221 train 69.0 0.1202658161893487 0.06003496371209621 0.05854783052578569 2.673883045645198e-06
    69.0    
0.639378011226654 1.2153228521347046 0.5498972535133362 train 70.0 0.12008331160992385 0.05996599214151502 0.058448333982378246 2.431973825878231e-06
    70.0    
0.64061439037323 1.2087798118591309 0.5477502346038818 train 71.0 0.12017230495810509 0.06000593574717641 0.058505940772593024 2.0140591914241668e-06
    71.0    
0.6422423124313354 1.1991230249404907 0.54541015625 train 72.0 0.12032584693282843 0.06009315703064203 0.05858092036098242 2.1266207568260143e-06
    72.0    
0.6439425945281982 1.1909635066986084 0.5431821346282959 train 73.0 0.11984162785112858 0.05984177617356181 0.05836677070707083 1.829907660066965e-06
    73.0    
0.6434537172317505 1.1844379901885986 0.5414708852767944 train 74.0 0.12028072107583285 0.06005227025598288 0.05860215798020363 2.4550545276724733e-06
    74.0    
0.6459764242172241 1.1786870956420898 0.5395526885986328 train 75.0 0.1199505266174674 0.05988573044538498 0.05844844529405236 2.6807231279235566e-06
    75.0    
0.6457919478416443 1.1709318161010742 0.5376555919647217 train 76.0 0.1201086700335145 0.05994443459436297 0.05856048639863729 3.3347757835144876e-06
    76.0    
0.6477788090705872 1.1648846864700317 0.5356542468070984 train 77.0 0.11979800898581744 0.05981552137061954 0.05838587569072842 1.6965489066933515e-06
    77.0    
0.6489163041114807 1.1570671796798706 0.5335256457328796 train 78.0 0.11989541500806808 0.0598764718323946 0.058434073831886056 2.562333975220099e-06
    78.0    
0.6499720215797424 1.1506630182266235 0.5313788056373596 train 79.0 0.12017006155103445 0.06002528278157115 0.05856494955718517 2.1093187569931615e-06
    79.0    
0.650924801826477 1.1457465887069702 0.5298995971679688 train 80.0 0.1199310452863574 0.0598831869661808 0.05847706167027354 2.5411011392861838e-06
    80.0    
0.6518042087554932 1.1376335620880127 0.5275022387504578 train 81.0 0.11986572835594415 0.05984585711732507 0.05845956744626164 2.8562728857650654e-06
    81.0    
0.6531320810317993 1.1316328048706055 0.5256944298744202 train 82.0 0.11963997557759284 0.05973056202754378 0.05836204318329692 3.143974481645273e-06
    82.0    
0.6544039249420166 1.121873140335083 0.5228949189186096 train 83.0 0.11963681686669587 0.05974578959867358 0.0583558614179492 1.2478474218369229e-06
    83.0    
0.6551745533943176 1.1181273460388184 0.5217238664627075 train 84.0 0.11953932393342256 0.05968685382977128 0.058322335183620455 2.4640016818011645e-06
    84.0    
0.6558752655982971 1.1108105182647705 0.5195222496986389 train 85.0 0.11929250080138445 0.05956142684444785 0.058213073145598176 1.9231208625569707e-06
    85.0    
0.6569367051124573 1.1057171821594238 0.5179875493049622 train 86.0 0.11971237171441317 0.059780444838106635 0.05841604420915246 2.1023508907092037e-06
    86.0    
0.657843828201294 1.0986045598983765 0.5157416462898254 train 87.0 0.11950884263962508 0.059668714664876464 0.05833302840590477 1.823738671191677e-06
    87.0    
0.6592870950698853 1.0916615724563599 0.5133910775184631 train 88.0 0.11952938616275788 0.059664923306554554 0.05836962215602398 1.809932882679277e-06
    88.0    
0.6603426933288574 1.0857017040252686 0.5113769173622131 train 89.0 0.11949701379984617 0.05966093670576811 0.05834884313866496 1.7804626395445666e-06
    89.0    
0.6611762046813965 1.0808653831481934 0.5097385048866272 train 90.0 0.11938804022967815 0.05960918005555868 0.05829876808449626 1.7071942011170904e-06
    90.0    
0.6623938083648682 1.074686050415039 0.5078493356704712 train 91.0 0.11948298219591379 0.059690668601542714 0.05831818701699376 3.5700254557013977e-06
    91.0    
0.6628180742263794 1.067728042602539 0.5056089162826538 train 92.0 0.11928815737366677 0.05956630673259497 0.05826208524405956 2.7424209747550776e-06
    92.0    
0.6642513871192932 1.0616687536239624 0.5035625696182251 train 93.0 0.11921925485134124 0.059533656369894744 0.05823126813396812 1.4136479649096145e-06
    93.0    
0.6652032732963562 1.0561591386795044 0.5016448497772217 train 94.0 0.11925530102103948 0.059541475214064124 0.058270311765372756 1.312336962655536e-06
    94.0    
0.6651430726051331 1.050366997718811 0.49989888072013855 train 95.0 0.11937844291329384 0.059600703679025174 0.05833931606262922 2.064945874735713e-06
    95.0    
0.6657097935676575 1.046688437461853 0.4985628128051758 train 96.0 0.11932022091001272 0.05955699915066361 0.05833075260743499 2.584106823633192e-06
    96.0    
0.6676520109176636 1.040530800819397 0.4965440332889557 train 97.0 0.11916129194200038 0.05949937183409929 0.05823941998183727 1.8159105366066797e-06
    97.0    
0.6690458655357361 1.0375059843063354 0.49518442153930664 train 98.0 0.11893364671617747 0.05936470991000533 0.05815635511651635 1.5164305295911618e-06
    98.0    
0.6697778105735779 1.0296003818511963 0.4926598370075226 train 99.0 0.11907249309122563 0.05946068517863751 0.0582093808427453 1.8282752307641204e-06
    99.0    
