Corr-Diag Corr-Full Corr-Swap Data Epoch Loss MMD-Full MMD-Swap Mean
0.32621273398399353 1.1459037065505981 0.4839223623275757 train 0.0 0.4134934277832508 0.20642537958920001 0.19447037041187287 3.5360371839487925e-05
    0.0    
0.38085615634918213 0.8138068318367004 0.3859991133213043 train 1.0 0.3738593478500843 0.18490950644016266 0.18321232058107853 1.7923632185556926e-05
    1.0    
0.3922480046749115 0.6598408818244934 0.3397824168205261 train 2.0 0.3683719806373119 0.18188081867992878 0.18226389177143573 1.2425763998180628e-05
    2.0    
0.39226099848747253 0.5718268752098083 0.324724406003952 train 3.0 0.3656990806758404 0.1805246963351965 0.1815271043032408 1.1221945896977559e-05
    3.0    
0.3825412392616272 0.5306680798530579 0.32169076800346375 train 4.0 0.3648298139870167 0.1799945279955864 0.18147820606827736 1.0153340554097667e-05
    4.0    
0.37432849407196045 0.4982086420059204 0.3196025490760803 train 5.0 0.36294917911291125 0.1790304885059595 0.18074539832770825 5.945186785538681e-06
    5.0    
0.3646307587623596 0.45568224787712097 0.3046461045742035 train 6.0 0.36409799858927727 0.1795951170474291 0.1813800336420536 6.219218448677566e-06
    6.0    
0.35884812474250793 0.4454340636730194 0.3053562343120575 train 7.0 0.36234108433127404 0.1786062653362751 0.18074375815689564 6.001515885145636e-06
    7.0    
0.3364277184009552 0.42623671889305115 0.3068186640739441 train 8.0 0.36312994435429574 0.17900980472564698 0.1811185758560896 7.397190074698301e-06
    8.0    
0.3236766457557678 0.4125114679336548 0.3017563223838806 train 9.0 0.36184378013014795 0.17822756975889206 0.1806377362459898 6.821489023423055e-06
    9.0    
0.3147050440311432 0.3947157859802246 0.297926127910614 train 10.0 0.3617744979262352 0.17808788612484933 0.18070488654077052 7.422566341119818e-06
    10.0    
0.317453533411026 0.3761882483959198 0.29481232166290283 train 11.0 0.3608108428120613 0.17764796420931817 0.18026560001075267 5.4758361329732e-06
    11.0    
0.30001333355903625 0.36879396438598633 0.29552900791168213 train 12.0 0.3621224646270275 0.17831514365971088 0.18090678192675114 7.063228167680791e-06
    12.0    
0.3006054759025574 0.3562301993370056 0.28969842195510864 train 13.0 0.3607396459579468 0.1776213500648737 0.18022188626229763 5.129515102453297e-06
    13.0    
0.2958304286003113 0.34105589985847473 0.29452571272850037 train 14.0 0.3606878897547722 0.17758994415402413 0.18022897250950337 6.8054346229473595e-06
    14.0    
0.28766635060310364 0.33325228095054626 0.28744691610336304 train 15.0 0.359810361713171 0.1771082442253828 0.179881471991539 5.064596280135447e-06
    15.0    
0.27381935715675354 0.33560410141944885 0.29081153869628906 train 16.0 0.3612597839534283 0.17782178103923799 0.18054870560765265 4.142642410442932e-06
    16.0    
0.27680936455726624 0.326398640871048 0.28645026683807373 train 17.0 0.3593346507847309 0.1768287228047848 0.1796251168102026 6.3176148614729755e-06
    17.0    
0.27192163467407227 0.3215635418891907 0.2904505729675293 train 18.0 0.3610741952061653 0.17773635260760784 0.1804210203140974 4.846652245760197e-06
    18.0    
0.2657155990600586 0.31155043840408325 0.2882407307624817 train 19.0 0.360567274838686 0.17748290829360486 0.1801898405700922 4.310114036343293e-06
    19.0    
0.26263558864593506 0.317448228597641 0.29097214341163635 train 20.0 0.35985754042863843 0.17709901459515096 0.1798801524192095 4.104176241526147e-06
    20.0    
0.2433437705039978 0.2931436002254486 0.28697749972343445 train 21.0 0.3604819943010807 0.17735753402113916 0.18021961562335492 5.739078915212303e-06
    21.0    
0.23994190990924835 0.29384729266166687 0.2899090349674225 train 22.0 0.3594673062860966 0.17689904525876046 0.17969597592949868 4.838216227653902e-06
    22.0    
0.25136542320251465 0.31191763281822205 0.28592172265052795 train 23.0 0.3596648432314396 0.17702003002166747 0.17977212585508823 3.5553994166548364e-06
    23.0    
0.23412366211414337 0.2827533781528473 0.2796122431755066 train 24.0 0.3597636458277702 0.177049063667655 0.17983912393450738 3.3257949780818308e-06
    24.0    
0.23834137618541718 0.29071199893951416 0.280405193567276 train 25.0 0.3597460812330246 0.17699009746313096 0.17985599495470525 4.615869329427369e-06
    25.0    
0.23981155455112457 0.2884163558483124 0.27954286336898804 train 26.0 0.3594009993970394 0.17680819384753704 0.17971759423613548 4.409662324178498e-06
    26.0    
0.23479710519313812 0.29790836572647095 0.27659621834754944 train 27.0 0.3603671255707741 0.1772390052676201 0.1802347708493471 4.331624495534925e-06
    27.0    
0.2268647998571396 0.2876783013343811 0.2745196521282196 train 28.0 0.35996497273445127 0.17708211302757262 0.17990412287414073 5.846219210070558e-06
    28.0    
0.22018519043922424 0.28498026728630066 0.2727888226509094 train 29.0 0.3592566649615765 0.1767068126052618 0.17960347965359688 4.5932451939734165e-06
    29.0    
0.21626222133636475 0.28247201442718506 0.27101704478263855 train 30.0 0.35935791552066804 0.17673519276082517 0.17964857183396815 5.556742962653516e-06
    30.0    
0.20801222324371338 0.27855467796325684 0.27476766705513 train 31.0 0.3589569668471813 0.17660274438560009 0.1793981022387743 6.141016910987673e-06
    31.0    
0.19414064288139343 0.2662881016731262 0.2704313099384308 train 32.0 0.3600203214585781 0.17705979607999325 0.17995769552886487 5.484662779053906e-06
    32.0    
0.20145894587039948 0.2712005376815796 0.27352654933929443 train 33.0 0.3585243308544159 0.1763776709884405 0.17913301967084408 4.0293321035278495e-06
    33.0    
0.19173140823841095 0.2622635066509247 0.26601865887641907 train 34.0 0.35928656592965125 0.17658843971788885 0.1796818658709526 6.341619609884219e-06
    34.0    
0.18837249279022217 0.27264419198036194 0.2730032801628113 train 35.0 0.3591592772305012 0.17660510420799255 0.17951457642018795 4.4285666263021994e-06
    35.0    
0.2020150125026703 0.26282209157943726 0.2668458819389343 train 36.0 0.35879731878638266 0.17634573213756086 0.17942434221506118 4.409831035445677e-06
    36.0    
0.18949569761753082 0.27168911695480347 0.2679838538169861 train 37.0 0.3593396699428558 0.17659614600241183 0.1797469885647297 4.208291102258954e-06
    37.0    
0.19118677079677582 0.2639847695827484 0.26842010021209717 train 38.0 0.35867781668901444 0.1763363178819418 0.17934591665863991 3.4829386095225345e-06
    38.0    
0.18932224810123444 0.2602478265762329 0.26275864243507385 train 39.0 0.358418181091547 0.17629581570625305 0.1791500799357891 4.660170361603377e-06
    39.0    
0.1881207376718521 0.26229092478752136 0.2620539963245392 train 40.0 0.3594819763302803 0.17677847489714624 0.17966357007622719 4.554220140562393e-06
    40.0    
0.1701204776763916 0.24843229353427887 0.26049402356147766 train 41.0 0.35872111320495603 0.17630958534777164 0.17935268737375737 4.828415512747597e-06
    41.0    
0.17631134390830994 0.25653237104415894 0.2643369436264038 train 42.0 0.35897099748253825 0.17650378085672855 0.1793970535695553 5.2035074986633845e-06
    42.0    
0.17337115108966827 0.2439885139465332 0.25249505043029785 train 43.0 0.358785869628191 0.1763621746748686 0.17937450878322125 5.295500614010962e-06
    43.0    
0.1770239770412445 0.2568085491657257 0.2581205368041992 train 44.0 0.3579012310504913 0.17600734949111937 0.1788488033413887 4.203790467727231e-06
    44.0    
0.17093394696712494 0.2499598264694214 0.25719404220581055 train 45.0 0.3574388924241066 0.17576992116868495 0.17865728735923767 3.5525943076208932e-06
    45.0    
0.16087253391742706 0.2561366558074951 0.2579341232776642 train 46.0 0.3582648876309395 0.1760645577311516 0.17916331268846988 4.188617367617553e-06
    46.0    
0.16250216960906982 0.24282070994377136 0.2542164623737335 train 47.0 0.35847679391503334 0.17620265118777753 0.17919984973967076 4.454114787222352e-06
    47.0    
0.1649703085422516 0.2514561116695404 0.25844064354896545 train 48.0 0.3581416364014149 0.17598469629883767 0.1790544180572033 5.648488695442211e-06
    48.0    
0.16011087596416473 0.24474196135997772 0.2566766142845154 train 49.0 0.3580873700976372 0.17600654497742652 0.17901980832219125 3.560984623618424e-06
    49.0    
0.15350286662578583 0.23656651377677917 0.253436803817749 train 50.0 0.3587357616424561 0.17637742415070534 0.17925430938601494 3.49444530911569e-06
    50.0    
0.15810346603393555 0.24385009706020355 0.25503164529800415 train 51.0 0.3584399642050266 0.17614117190241813 0.17916410379111766 4.194693701720098e-06
    51.0    
0.1563573032617569 0.23916201293468475 0.2538483738899231 train 52.0 0.3585817627608776 0.17623464077711104 0.17924183927476406 5.103670446260367e-06
    52.0    
0.15343725681304932 0.24229715764522552 0.25636550784111023 train 53.0 0.357939420491457 0.17593987494707108 0.17889259077608585 4.081572114955634e-06
    53.0    
0.14758643507957458 0.25225138664245605 0.24685943126678467 train 54.0 0.3573025985062122 0.17568389773368837 0.17853954218328 4.370205260784132e-06
    54.0    
0.14888104796409607 0.23735718429088593 0.24804498255252838 train 55.0 0.35849872276186945 0.17622559562325477 0.1791594288498163 5.480442268890329e-06
    55.0    
0.1487758904695511 0.2404659539461136 0.252275288105011 train 56.0 0.3584829358756542 0.17614712975919247 0.17919537164270877 4.037000962853199e-06
    56.0    
0.1453688144683838 0.22837334871292114 0.24964213371276855 train 57.0 0.3583852858841419 0.1761125025898218 0.17914430789649485 4.901175088889431e-06
    57.0    
0.13790404796600342 0.22716152667999268 0.25002866983413696 train 58.0 0.3588045494258404 0.1763507140427828 0.1793165899068117 3.098066372331232e-06
    58.0    
0.14311373233795166 0.25304654240608215 0.2505662143230438 train 59.0 0.3572901874780655 0.1756027613580227 0.17857387647032738 4.169171916146297e-06
    59.0    
0.1419352889060974 0.2229621708393097 0.24458827078342438 train 60.0 0.3587686038017273 0.17627413757145405 0.17934678822755815 5.5163509387057275e-06
    60.0    
0.14150847494602203 0.24048562347888947 0.24739433825016022 train 61.0 0.3582618172466755 0.1760272628068924 0.17911768592894078 4.2530332393653225e-06
    61.0    
0.1394919902086258 0.2474808692932129 0.24636130034923553 train 62.0 0.35856600120663645 0.17626553595066072 0.17913344129920006 5.405485808296362e-06
    62.0    
0.13955095410346985 0.23546990752220154 0.24172544479370117 train 63.0 0.35733687728643415 0.17554486855864526 0.17867248989641665 4.750798780150944e-06
    63.0    
0.1426408737897873 0.23906753957271576 0.24567942321300507 train 64.0 0.3584014846384525 0.17608909420669078 0.17921046242117883 4.913489647151437e-06
    64.0    
0.14362525939941406 0.23779313266277313 0.24451765418052673 train 65.0 0.3571951673924923 0.17560641542077066 0.17846305668354034 3.356436081958236e-06
    65.0    
0.13637490570545197 0.2282562404870987 0.24462321400642395 train 66.0 0.35814920723438265 0.17599668733775617 0.17898620843887328 5.266811967885587e-06
    66.0    
0.13667140901088715 0.23942546546459198 0.2456658035516739 train 67.0 0.3584932571649551 0.17615653783082963 0.1791822075098753 4.029831870866474e-06
    67.0    
0.13520610332489014 0.23062513768672943 0.23999422788619995 train 68.0 0.3578902569413185 0.17593502931296826 0.17877763651311399 5.447012881631963e-06
    68.0    
0.12574099004268646 0.22465009987354279 0.24609865248203278 train 69.0 0.3574869506061077 0.17568741641938687 0.17862698256969453 5.6926205616036896e-06
    69.0    
0.1374375969171524 0.2421010136604309 0.248837411403656 train 70.0 0.3575423428416252 0.1757667377591133 0.17862214311957358 6.276246494962834e-06
    70.0    
0.12919515371322632 0.23575839400291443 0.24581067264080048 train 71.0 0.3576731036603451 0.17582346700131893 0.17868551455438136 4.622712822310859e-06
    71.0    
0.1333235651254654 0.23144598305225372 0.24390177428722382 train 72.0 0.35717672154307367 0.17556779988110066 0.1784284160286188 5.279172910377383e-06
    72.0    
0.13832169771194458 0.23786157369613647 0.24415317177772522 train 73.0 0.3572323215007782 0.17557085290551186 0.17851986840367318 3.655113232525764e-06
    73.0    
0.13341467082500458 0.2318277209997177 0.24513480067253113 train 74.0 0.3568540024757385 0.17540149211883546 0.17836566939949988 4.478105893213069e-06
    74.0    
0.137247696518898 0.2347598671913147 0.24635811150074005 train 75.0 0.35744682773947717 0.17572104319930076 0.17860054105520248 5.130062618263764e-06
    75.0    
0.12818878889083862 0.23550379276275635 0.248967707157135 train 76.0 0.35822122409939766 0.17599163256585598 0.17906229600310325 4.670510861615185e-06
    76.0    
0.1394166648387909 0.23035375773906708 0.2402457743883133 train 77.0 0.3574657852947712 0.17561434626579284 0.17869475595653056 5.527423581952462e-06
    77.0    
0.13508622348308563 0.2415858954191208 0.2418384999036789 train 78.0 0.3579341931641102 0.17587847895920278 0.17888473846018316 4.108328539587092e-06
    78.0    
0.12891477346420288 0.22607673704624176 0.245179682970047 train 79.0 0.35826545134186744 0.17600218698382378 0.17910692989826202 3.6554188227455597e-06
    79.0    
0.12183885276317596 0.23170863091945648 0.23721586167812347 train 80.0 0.35735941082239153 0.17553530655801297 0.17862836472690105 4.267295480531175e-06
    80.0    
0.1271560788154602 0.2150321751832962 0.23736098408699036 train 81.0 0.35810778960585593 0.1759578676521778 0.17897898457944394 4.393429207993904e-06
    81.0    
0.1337449550628662 0.23575517535209656 0.2431471347808838 train 82.0 0.3577846167981625 0.17576874524354935 0.17885096214711665 4.244172941980651e-06
    82.0    
0.1295945793390274 0.22834384441375732 0.2446298897266388 train 83.0 0.3576247592270374 0.17574844740331172 0.17872125767171382 5.288595275487751e-06
    83.0    
0.12720906734466553 0.2245531678199768 0.2340567708015442 train 84.0 0.35760376140475275 0.17579198099672794 0.17866140812635423 4.967648692399962e-06
    84.0    
0.12472686916589737 0.2279946506023407 0.24441808462142944 train 85.0 0.3568768393993378 0.175334357842803 0.17838080018758773 3.512597913868376e-06
    85.0    
0.13116976618766785 0.23085828125476837 0.24476131796836853 train 86.0 0.3571143427491188 0.17545880384743215 0.1785304482281208 3.863762685796246e-06
    86.0    
0.12632545828819275 0.23267631232738495 0.24435143172740936 train 87.0 0.35776547029614447 0.1757595480233431 0.17882008634507657 4.404186711326474e-06
    87.0    
0.1261473149061203 0.23255081474781036 0.2400229126214981 train 88.0 0.35800755351781843 0.1758803591132164 0.17895010702311992 3.3265714591834694e-06
    88.0    
0.12045212835073471 0.2269746959209442 0.24265621602535248 train 89.0 0.35859547182917595 0.1762304823100567 0.17912944793701172 3.2923719572863774e-06
    89.0    
0.1179613322019577 0.2179979830980301 0.23590978980064392 train 90.0 0.3581934389472008 0.17593846566975116 0.1790412749350071 3.7219631394691532e-06
    90.0    
0.12595832347869873 0.22827541828155518 0.2414339780807495 train 91.0 0.35745747208595274 0.17555551014840604 0.17868382222950457 3.946627657569479e-06
    91.0    
0.11252623796463013 0.22740036249160767 0.2380005568265915 train 92.0 0.3580031006038189 0.17583576954901217 0.17894705690443516 3.5719556308322353e-06
    92.0    
0.11634644865989685 0.22850929200649261 0.2419971376657486 train 93.0 0.35769596084952354 0.17574903711676598 0.1787057752162218 3.776153789658565e-06
    93.0    
0.12810182571411133 0.22940218448638916 0.23512336611747742 train 94.0 0.3577448044717312 0.17577793903648853 0.1787228573858738 3.686072204800439e-06
    94.0    
0.12096554040908813 0.225188210606575 0.23699063062667847 train 95.0 0.3572835810482502 0.17550083719193935 0.178592075034976 4.77392723041703e-06
    95.0    
0.12339877337217331 0.23486211895942688 0.24417737126350403 train 96.0 0.35714937195181845 0.17551084868609906 0.17844933569431304 5.0024004849547055e-06
    96.0    
0.11216077953577042 0.22213749587535858 0.23833094537258148 train 97.0 0.3570205204188824 0.17540114969015122 0.17843300938606263 2.8394185846991604e-06
    97.0    
0.12030648440122604 0.22461949288845062 0.23806709051132202 train 98.0 0.3573987492918968 0.17556301966309548 0.17864565081894399 4.11187238569255e-06
    98.0    
0.1307680606842041 0.23344357311725616 0.2402329295873642 train 99.0 0.35658593341708184 0.1752129539847374 0.1782182168215513 4.752625045512104e-06
    99.0    
