Corr-Diag Corr-Full Corr-Swap Data Epoch Loss MMD-Full MMD-Swap Mean
0.35186338424682617 1.6040680408477783 0.5722475647926331 train 0.0 0.755315569639206 0.18059124059975148 0.1792908125370741 7.606672170368256e-06
    0.0    
0.34168756008148193 1.7947702407836914 0.5659302473068237 train 1.0 0.6116059496998787 0.17651091940701008 0.17718860924243926 2.754687329797889e-06
    1.0    
0.34727200865745544 1.5767091512680054 0.5219081044197083 train 2.0 0.5944132202863693 0.17664818987250328 0.1776657248288393 3.04034642795159e-06
    2.0    
0.3441419303417206 1.4262776374816895 0.49660399556159973 train 3.0 0.5828454867005348 0.1757201812416315 0.17682070180773735 3.826771717285737e-06
    3.0    
0.3452059030532837 1.319259762763977 0.4802652597427368 train 4.0 0.5775750648975372 0.17629105463624 0.17746570341289045 5.05605657963315e-06
    4.0    
0.3437179923057556 1.2525691986083984 0.4728080630302429 train 5.0 0.572518697977066 0.17628195248544215 0.17760071516036988 6.051782747817924e-06
    5.0    
0.33858877420425415 1.1954280138015747 0.4549732208251953 train 6.0 0.5656854578852654 0.17551489070057869 0.17701135002076626 4.903676654066658e-06
    6.0    
0.33998051285743713 1.139560341835022 0.4512048065662384 train 7.0 0.5622011968493461 0.17582408130168914 0.1772916529327631 7.187331448221812e-06
    7.0    
0.3359397053718567 1.110521674156189 0.4451817572116852 train 8.0 0.5610711580514908 0.1759349652379751 0.17746441349387168 6.54336372463149e-06
    8.0    
0.3437668979167938 1.088283896446228 0.44586554169654846 train 9.0 0.5588127744197845 0.1757951010763645 0.17733184680342673 9.649987077864353e-06
    9.0    
0.33699628710746765 1.0533641576766968 0.43622052669525146 train 10.0 0.558047151863575 0.17597894713282586 0.17746555842459202 7.271254617080558e-06
    10.0    
0.3402627408504486 1.0169109106063843 0.4333791732788086 train 11.0 0.5514686304330826 0.1755340511351824 0.1771680151671171 8.655953024572227e-06
    11.0    
0.3420419991016388 1.0022326707839966 0.43152502179145813 train 12.0 0.5553331431746483 0.1758289061486721 0.1774382369965315 1.0913893675024156e-05
    12.0    
0.33903419971466064 0.9717933535575867 0.42954257130622864 train 13.0 0.5530645191669464 0.17573791712522507 0.17733435712754728 1.0551349078014027e-05
    13.0    
0.33811163902282715 0.9582838416099548 0.42703384160995483 train 14.0 0.5517495438456536 0.17585103891789913 0.17757059551775456 9.01403200259665e-06
    14.0    
0.3346604108810425 0.9366534948348999 0.4275461733341217 train 15.0 0.5489941141009331 0.17548251755535602 0.17705779246985912 8.655039891891647e-06
    15.0    
0.34245359897613525 0.9248715043067932 0.42532822489738464 train 16.0 0.546099274456501 0.17561012789607047 0.17737100139260292 9.398835572937969e-06
    16.0    
0.34390875697135925 0.8996821641921997 0.4170919954776764 train 17.0 0.5502749833464623 0.17621861346065998 0.17777436539530755 9.53019207372563e-06
    17.0    
0.3445727527141571 0.8862214684486389 0.41808077692985535 train 18.0 0.5468526828289032 0.17608487382531166 0.1777378262579441 9.3835133156972e-06
    18.0    
0.34134021401405334 0.8742874264717102 0.4150792062282562 train 19.0 0.5452801156044006 0.17571406833827496 0.17744150802493094 1.0850679245777428e-05
    19.0    
0.34232228994369507 0.8541521430015564 0.41688039898872375 train 20.0 0.5434038549661636 0.17546222500503064 0.17726988598704338 1.308154060097877e-05
    20.0    
0.3418596386909485 0.8572396636009216 0.4177420437335968 train 21.0 0.544747294485569 0.17589253045618533 0.17754896096885203 9.78168554865988e-06
    21.0    
0.33632364869117737 0.8387237191200256 0.4149245023727417 train 22.0 0.5449359101057053 0.17621348008513452 0.17784796960651875 6.679631951556075e-06
    22.0    
0.3380916118621826 0.8306877017021179 0.41560128331184387 train 23.0 0.5424001041054726 0.17537291944026948 0.17712724685668946 1.1060446013289038e-05
    23.0    
0.34881287813186646 0.8209174275398254 0.411897748708725 train 24.0 0.5419345733523369 0.17580458626151085 0.17747124768793582 9.662034244684037e-06
    24.0    
0.3388438820838928 0.8144021034240723 0.41688698530197144 train 25.0 0.5413355445861816 0.17587840549647807 0.1776034016907215 1.1403257303754799e-05
    25.0    
0.33693182468414307 0.7962703108787537 0.4113271236419678 train 26.0 0.5407390165328979 0.17559417195618152 0.1773207366466522 1.3657446288561914e-05
    26.0    
0.34336522221565247 0.7946242094039917 0.4091126620769501 train 27.0 0.5404845800995827 0.17565248236060144 0.1773516631126404 1.3266575479065068e-05
    27.0    
0.33738404512405396 0.7838447690010071 0.4086526930332184 train 28.0 0.5411591729521752 0.17580027796328068 0.1774511031061411 1.1792069926741533e-05
    28.0    
0.33775797486305237 0.7710249423980713 0.40770062804222107 train 29.0 0.540200138092041 0.17611026898026466 0.17793438509106635 1.0690084309317172e-05
    29.0    
0.3353429436683655 0.7712674140930176 0.4116293489933014 train 30.0 0.5406183615326882 0.1758749884366989 0.1776214773952961 1.0231666237814352e-05
    30.0    
0.3430027365684509 0.7661349177360535 0.40593037009239197 train 31.0 0.5366517767310143 0.17565208286046982 0.17741827331483365 9.733614206197672e-06
    31.0    
0.34247538447380066 0.7602748870849609 0.406243234872818 train 32.0 0.5377667823433876 0.17602012671530246 0.17775020956993104 1.3822923392581288e-05
    32.0    
0.3344112038612366 0.7490094900131226 0.4077514111995697 train 33.0 0.5370516884326935 0.17572028905153275 0.17743237912654877 1.3147357094567269e-05
    33.0    
0.3429928719997406 0.7465695142745972 0.4075031578540802 train 34.0 0.5368441054224968 0.1756027425825596 0.17746325835585594 1.1215968697797507e-05
    34.0    
0.3427651822566986 0.7434035539627075 0.40775495767593384 train 35.0 0.5371501412987709 0.17575029253959656 0.17740498028695584 1.271457313123392e-05
    35.0    
0.3446631133556366 0.7370671629905701 0.40826863050460815 train 36.0 0.5373252278566361 0.17573066078126431 0.17753660552203654 1.3648496860696469e-05
    36.0    
0.33974459767341614 0.7317943572998047 0.40477508306503296 train 37.0 0.5344350427389145 0.1758881364017725 0.1776151493936777 1.2451222573872656e-05
    37.0    
0.3444117307662964 0.7331397533416748 0.4063420593738556 train 38.0 0.5368670392036438 0.17578612796962262 0.17764890737831593 1.5759218513267115e-05
    38.0    
0.3409556746482849 0.7207533717155457 0.40397000312805176 train 39.0 0.5366654518246651 0.1760307600349188 0.17768986485898494 1.539200275146868e-05
    39.0    
0.3386300504207611 0.721630334854126 0.409225732088089 train 40.0 0.5359328427910804 0.17627522446215152 0.17809783317148686 1.5412802895298228e-05
    40.0    
0.337442010641098 0.7136216163635254 0.4055735766887665 train 41.0 0.536772733926773 0.1760417255014181 0.17777021378278732 1.9150213120155968e-05
    41.0    
0.3447865843772888 0.7160255312919617 0.4014567732810974 train 42.0 0.5371240258216858 0.17609032072126865 0.1777480076253414 1.393573074892629e-05
    42.0    
0.3345716893672943 0.7138556241989136 0.40748557448387146 train 43.0 0.5328332221508026 0.17582869760692119 0.1776559092104435 1.6902138668228872e-05
    43.0    
0.34167519211769104 0.6991685032844543 0.39793381094932556 train 44.0 0.5331685107946396 0.17548547096550465 0.17731734946370126 1.4970776646805461e-05
    44.0    
0.34762221574783325 0.7003989219665527 0.40084683895111084 train 45.0 0.5355342218279838 0.17557698398828506 0.17737592555582524 1.3045670129940845e-05
    45.0    
0.3343033492565155 0.6965258121490479 0.4053361415863037 train 46.0 0.5339414036273956 0.17588619016110896 0.17766137659549713 1.2540886928036343e-05
    46.0    
0.3400149941444397 0.6929627060890198 0.400338351726532 train 47.0 0.5348411363363266 0.17644243098795415 0.1782389275729656 9.83224617812084e-06
    47.0    
0.34132182598114014 0.6950157284736633 0.40484532713890076 train 48.0 0.5339823108911514 0.17562058247625828 0.17732910215854644 2.0319794202805497e-05
    48.0    
0.343192994594574 0.6886019110679626 0.40100666880607605 train 49.0 0.5331824222207069 0.17582476243376732 0.17761170759797096 1.407007766829338e-05
    49.0    
0.3357206881046295 0.6781909465789795 0.400117427110672 train 50.0 0.5359803277254105 0.17641569405794144 0.17812454126775265 1.4960093722038437e-05
    50.0    
0.34258943796157837 0.6864361763000488 0.4038695693016052 train 51.0 0.5328536960482597 0.17602039217948914 0.1777614826709032 1.7558162653585896e-05
    51.0    
0.3397555351257324 0.678632915019989 0.40314242243766785 train 52.0 0.5333604343235493 0.17579831056296824 0.17754177145659925 1.3339080396690406e-05
    52.0    
0.34357354044914246 0.6819321513175964 0.40156877040863037 train 53.0 0.5319722974300385 0.17548606380820275 0.17740532755851746 1.5302872270694934e-05
    53.0    
0.34546852111816406 0.6778696179389954 0.4022447466850281 train 54.0 0.5329247644543648 0.1758275368064642 0.17758310668170452 1.4753257346455939e-05
    54.0    
0.3399025797843933 0.6707531809806824 0.40171411633491516 train 55.0 0.5332463312149048 0.17620680309832096 0.1780977835506201 1.4158080375636928e-05
    55.0    
0.3409779965877533 0.670253336429596 0.39981600642204285 train 56.0 0.5324208948016167 0.1757984673976898 0.17758642330765725 1.5916022675810382e-05
    56.0    
0.3410518765449524 0.6698147654533386 0.4036266803741455 train 57.0 0.5314285573363304 0.17559219524264336 0.17744827799499036 1.5788007658557035e-05
    57.0    
0.3491927981376648 0.6626745462417603 0.39525896310806274 train 58.0 0.5323503449559212 0.1759929633885622 0.17795105017721652 1.5003078260633629e-05
    58.0    
0.34283795952796936 0.6590889692306519 0.4017804265022278 train 59.0 0.5309450232982635 0.17587065644562244 0.17772093541920186 1.6764110114309005e-05
    59.0    
0.3439687192440033 0.6581404805183411 0.39823073148727417 train 60.0 0.5343727418780326 0.17619683772325515 0.17791451804339886 1.668991899350658e-05
    60.0    
0.34567344188690186 0.6643506288528442 0.39806729555130005 train 61.0 0.5306208142638207 0.1755552226305008 0.17741072326898574 1.9539793356670998e-05
    61.0    
0.3365936875343323 0.6614249348640442 0.40253037214279175 train 62.0 0.5307022929191589 0.17584131613373757 0.17773576118052006 1.563338992127683e-05
    62.0    
0.34536105394363403 0.6550398468971252 0.4052087366580963 train 63.0 0.5341185554862022 0.17611718825995923 0.17788007244467735 1.8321188690606505e-05
    63.0    
0.3409804701805115 0.648019015789032 0.39905449748039246 train 64.0 0.5316082984209061 0.1759017150849104 0.1777010390162468 1.3294230484461877e-05
    64.0    
0.3378843665122986 0.6527784466743469 0.40285494923591614 train 65.0 0.5314587205648422 0.17637522347271442 0.17818434730172159 1.082946801034268e-05
    65.0    
0.3450736999511719 0.6527286767959595 0.39623817801475525 train 66.0 0.5305264341831207 0.17571048252284527 0.17748567894101142 1.3474356819642708e-05
    66.0    
0.3399544358253479 0.6460117697715759 0.40199798345565796 train 67.0 0.5281739524006843 0.17543347731232642 0.17732381992042065 1.6337637134711258e-05
    67.0    
0.34211164712905884 0.6477183103561401 0.40125730633735657 train 68.0 0.5305068981647492 0.17610432960093023 0.1779298748075962 1.4115603335085325e-05
    68.0    
0.3464584946632385 0.6446173787117004 0.39717650413513184 train 69.0 0.5294364166259765 0.17538867987692355 0.17727829664945602 1.5151395018619951e-05
    69.0    
0.3385266661643982 0.6379737854003906 0.4024064838886261 train 70.0 0.5290181255340576 0.17599030159413814 0.1778345615416765 1.5007313777459785e-05
    70.0    
0.3398485481739044 0.6399148106575012 0.3967355489730835 train 71.0 0.5304194536805152 0.1761093907058239 0.17800385795533658 1.809045897971373e-05
    71.0    
0.3435088098049164 0.6376811265945435 0.39890721440315247 train 72.0 0.5309278306365013 0.17571035623550416 0.17741644740104676 1.4983598703111056e-05
    72.0    
0.33658766746520996 0.6321167349815369 0.39826110005378723 train 73.0 0.528850479722023 0.1759776373207569 0.17794259279966354 1.9156030248268507e-05
    73.0    
0.3414921164512634 0.6306195259094238 0.3973429501056671 train 74.0 0.5277584128081798 0.17568846903741359 0.17758048579096794 1.5056622032716405e-05
    74.0    
0.3498743176460266 0.6394192576408386 0.39455318450927734 train 75.0 0.5287503057718277 0.1755570125579834 0.1773979739844799 1.3866570952814072e-05
    75.0    
0.33845868706703186 0.6279687881469727 0.39745110273361206 train 76.0 0.5322012904286385 0.17613883957266807 0.17792582914233207 1.1939684554818086e-05
    76.0    
0.33692467212677 0.6260617971420288 0.39892151951789856 train 77.0 0.5296010155975819 0.17569130934774876 0.17748920634388923 1.4348859622259624e-05
    77.0    
0.3413696885108948 0.6293812394142151 0.3992888629436493 train 78.0 0.5294866728782653 0.17591256096959115 0.17776508711278438 1.4332310456666164e-05
    78.0    
0.3418636918067932 0.6244065761566162 0.3991329073905945 train 79.0 0.529605897217989 0.17576672829687595 0.17764392517507077 1.889741724880878e-05
    79.0    
0.34489020705223083 0.6295210719108582 0.39647719264030457 train 80.0 0.5275962738692761 0.17587202973663807 0.17774815626442433 1.583990888320841e-05
    80.0    
0.3439270853996277 0.6283032894134521 0.3960556387901306 train 81.0 0.529416985809803 0.17596013277769088 0.1778022652864456 1.2147656889283098e-05
    81.0    
0.3348745107650757 0.6132438778877258 0.3994579017162323 train 82.0 0.5288976615667343 0.17598139941692353 0.17785320222377776 1.4462126273429021e-05
    82.0    
0.3455980718135834 0.6152867078781128 0.3932117223739624 train 83.0 0.5300258427858353 0.17618047140538692 0.1779614072293043 1.8344846466789022e-05
    83.0    
0.34043416380882263 0.6186912059783936 0.3989928364753723 train 84.0 0.5289708334207535 0.17551648698747158 0.17735635831952096 1.582567892910447e-05
    84.0    
0.3411027193069458 0.614456832408905 0.39615821838378906 train 85.0 0.5283875721693039 0.17591300673782825 0.17771990217268466 1.8221520804218017e-05
    85.0    
0.341133177280426 0.6128915548324585 0.39818939566612244 train 86.0 0.5250868527591228 0.17547504484653473 0.17740853980183602 1.6649380995659158e-05
    86.0    
0.34390175342559814 0.6115131378173828 0.3964998126029968 train 87.0 0.5271513083577156 0.17602981999516487 0.17789850667119025 1.7476677385275252e-05
    87.0    
0.34454846382141113 0.6153809428215027 0.3946935534477234 train 88.0 0.5282330477237701 0.17576825059950352 0.17761840641498566 1.75665263668634e-05
    88.0    
0.33976510167121887 0.6048914194107056 0.3983132541179657 train 89.0 0.5284442418813705 0.17570502109825611 0.17758964002132416 1.7416987247997895e-05
    89.0    
0.3432830572128296 0.6096245050430298 0.39797601103782654 train 90.0 0.5299946275353432 0.17637641936540605 0.17818886302411557 1.2637263353099115e-05
    90.0    
0.34710893034935 0.6140946745872498 0.39543530344963074 train 91.0 0.5277590611577034 0.17584133036434652 0.17770102381706238 2.2420257664634846e-05
    91.0    
0.3359440863132477 0.6025248765945435 0.39972004294395447 train 92.0 0.5283486360311508 0.1762713783979416 0.1782005773484707 1.4680103959108237e-05
    92.0    
0.3370389938354492 0.6040178537368774 0.39700695872306824 train 93.0 0.5287453110516072 0.17634572960436345 0.17815886460244656 1.3734270396525972e-05
    93.0    
0.33786869049072266 0.6006666421890259 0.4022155702114105 train 94.0 0.5278980985283852 0.1760005723685026 0.17775940276682378 1.5476422049687244e-05
    94.0    
0.34026044607162476 0.5987411141395569 0.4005967378616333 train 95.0 0.5282612925767899 0.17610569134354592 0.17785837076604366 1.9654547941172495e-05
    95.0    
0.34035149216651917 0.6017696261405945 0.39639338850975037 train 96.0 0.5282768300175666 0.17610823094844819 0.1779524104297161 1.484802214690717e-05
    96.0    
0.3364968001842499 0.592263400554657 0.39833614230155945 train 97.0 0.5282155126333237 0.17597709149122237 0.1777720806002617 1.745084227877669e-05
    97.0    
0.34322431683540344 0.5928407907485962 0.39875495433807373 train 98.0 0.5274309153854847 0.17570821851491927 0.17753410540521145 1.743211760185659e-05
    98.0    
0.341143935918808 0.595214307308197 0.3977788984775543 train 99.0 0.5251858434081078 0.17560117214918136 0.17744397751986982 1.8986671420861967e-05
    99.0    
