Corr-Diag Corr-Full Corr-Swap Data Epoch Loss MMD-Full MMD-Swap Mean
0.14464695751667023 1.2665561437606812 0.6864423751831055 train 0.0 0.39504379078745844 0.19263834349811076 0.18590139225125313 1.0254417247779202e-05
    0.0    
0.21014980971813202 1.202821969985962 0.6388736367225647 train 1.0 0.36702534183859825 0.1780343120545149 0.17889024049043656 4.508850452111801e-06
    1.0    
0.2598886787891388 1.1854146718978882 0.6155626177787781 train 2.0 0.3629720382392406 0.17660554230213166 0.1777539161592722 2.4901344204408815e-06
    2.0    
0.3024766445159912 1.1676934957504272 0.6020480990409851 train 3.0 0.3621420355141163 0.17650676593184472 0.177872381657362 3.965122232330032e-06
    3.0    
0.33320149779319763 1.1418315172195435 0.5864083170890808 train 4.0 0.3617239485681057 0.17669502295553685 0.17788988225162028 2.968672333736322e-06
    4.0    
0.35928428173065186 1.1377111673355103 0.5759076476097107 train 5.0 0.36021666511893274 0.17613728761672973 0.17747824527323247 4.69040242023766e-06
    5.0    
0.38324761390686035 1.1156353950500488 0.5664353370666504 train 6.0 0.3596410247683525 0.17610233210027218 0.17732399359345435 3.2625046060275054e-06
    6.0    
0.3973897397518158 1.1039844751358032 0.5639916062355042 train 7.0 0.35907651513814925 0.17583965361118317 0.17732205860316752 2.3325542315433268e-06
    7.0    
0.4189188778400421 1.1184298992156982 0.5571255087852478 train 8.0 0.3589654341340065 0.17580815397202967 0.17751117669045924 3.2114155601448147e-06
    8.0    
0.4366023540496826 1.1243942975997925 0.5570564866065979 train 9.0 0.3583136098086834 0.1756640513241291 0.17716847456991672 3.1984343422664097e-06
    9.0    
0.4497206211090088 1.158974289894104 0.5608083605766296 train 10.0 0.3577815467119217 0.17550269328057766 0.17701416201889514 2.1887049115321133e-06
    10.0    
0.45509573817253113 1.1677155494689941 0.558148980140686 train 11.0 0.358100268393755 0.17572586596012116 0.1772480533272028 3.0204575978132198e-06
    11.0    
0.4665716290473938 1.185433268547058 0.5612944960594177 train 12.0 0.3559480828046799 0.17471237607300283 0.17626014076173305 2.8451468097046018e-06
    12.0    
0.4743313193321228 1.1655004024505615 0.5559898018836975 train 13.0 0.3573621840775013 0.17542246341705323 0.17704804070293903 1.943670440596179e-06
    13.0    
0.4861065745353699 1.177432656288147 0.554834246635437 train 14.0 0.35649524196982385 0.17496209762990475 0.1767492728680372 1.8813035467246664e-06
    14.0    
0.4910491108894348 1.184041976928711 0.5558941960334778 train 15.0 0.3565197618305683 0.17508234582841398 0.1767253462970257 2.1865032522327965e-06
    15.0    
0.49689286947250366 1.1917352676391602 0.5560923218727112 train 16.0 0.35562121465802193 0.17462179727852345 0.17638291366398334 1.8704837430050247e-06
    16.0    
0.5013563632965088 1.1911306381225586 0.5596358776092529 train 17.0 0.3562240897119045 0.17492700800299643 0.17674594782292843 1.3013960824537207e-06
    17.0    
0.5101895928382874 1.2131662368774414 0.5630500316619873 train 18.0 0.3546288730204105 0.17419356048107149 0.17599116571247578 2.050704324574326e-06
    18.0    
0.5164844989776611 1.1899625062942505 0.560578465461731 train 19.0 0.3552163389325142 0.17446589700877665 0.17634210772812367 2.488170366632403e-06
    19.0    
0.5181998610496521 1.1962543725967407 0.5589821338653564 train 20.0 0.35531489580869674 0.1745313198119402 0.17641415722668172 1.4163637160891085e-06
    20.0    
0.5212850570678711 1.1973735094070435 0.5576410293579102 train 21.0 0.35530598655343054 0.17454913161695004 0.1764169627428055 1.7338595625915332e-06
    21.0    
0.5241790413856506 1.1928281784057617 0.5546640157699585 train 22.0 0.35466148629784583 0.17428833454847337 0.17604840338230132 2.1296777958923485e-06
    22.0    
0.5279569029808044 1.2057881355285645 0.5574352741241455 train 23.0 0.3543071715533733 0.17409031488001347 0.17596409857273101 1.6998363889797474e-06
    23.0    
0.533340334892273 1.2027252912521362 0.5579037666320801 train 24.0 0.3546717649698257 0.174337268024683 0.1760802898555994 2.321072088307119e-06
    24.0    
0.5340296030044556 1.1975990533828735 0.5530384182929993 train 25.0 0.35424005836248396 0.17403894871473313 0.1760080473870039 1.6719574205126264e-06
    25.0    
0.5385789275169373 1.1812548637390137 0.5503759980201721 train 26.0 0.3546108745038509 0.1742500400543213 0.1761572562903166 1.4483216546068434e-06
    26.0    
0.5400288701057434 1.184055209159851 0.5494730472564697 train 27.0 0.35436175793409347 0.17417250096797943 0.17599082700908183 1.6220112684095511e-06
    27.0    
0.5376062393188477 1.1859687566757202 0.5502347350120544 train 28.0 0.3550739495456219 0.17437819987535477 0.17650869257748128 2.755656396402628e-06
    28.0    
0.5437430143356323 1.198529839515686 0.5546096563339233 train 29.0 0.35354241654276847 0.17362941950559616 0.17578539207577706 2.082767196043278e-06
    29.0    
0.5452188849449158 1.1940690279006958 0.5529183745384216 train 30.0 0.3544096998870373 0.17407884627580641 0.17621837362647055 1.8023512211584602e-06
    30.0    
0.54782634973526 1.189172625541687 0.5524417757987976 train 31.0 0.35353145360946653 0.17371894985437394 0.17571022875607015 2.516551603548578e-06
    31.0    
0.5497896075248718 1.1838887929916382 0.5511776804924011 train 32.0 0.35455584943294527 0.17416981764137746 0.176311571970582 1.8715375063038664e-06
    32.0    
0.5502817630767822 1.1930878162384033 0.5496039986610413 train 33.0 0.3549628806114197 0.17430264331400394 0.17655757710337638 1.8142204680771101e-06
    33.0    
0.5541695356369019 1.186084270477295 0.549751877784729 train 34.0 0.35415839791297915 0.17398222751915454 0.17612112447619438 2.434438783893711e-06
    34.0    
0.557873547077179 1.1900763511657715 0.5480149388313293 train 35.0 0.3537934665381908 0.17393028803169727 0.17584446489810943 1.1311005891911918e-06
    35.0    
0.5574799180030823 1.188339114189148 0.5499207377433777 train 36.0 0.35455411061644554 0.17420040011405946 0.17634004034101963 1.909560751300887e-06
    36.0    
0.5586513876914978 1.1836353540420532 0.5452025532722473 train 37.0 0.3534368821978569 0.1737014903128147 0.17575610972940922 1.0928987421721104e-06
    37.0    
0.5636937618255615 1.1760413646697998 0.5475651025772095 train 38.0 0.35345317006111143 0.1737054243683815 0.17575674079358578 1.861090481725114e-06
    38.0    
0.5607610940933228 1.1642571687698364 0.5435186624526978 train 39.0 0.3542675289511681 0.1741453704237938 0.17613951571285724 1.3631284900839091e-06
    39.0    
0.5585085153579712 1.1609874963760376 0.5409719944000244 train 40.0 0.35415042951703074 0.17406301893293857 0.1760513762384653 2.0668617253249977e-06
    40.0    
0.5621175169944763 1.1756190061569214 0.5440886616706848 train 41.0 0.3538751868903637 0.17379794888198374 0.17605351559817792 1.618476403564273e-06
    41.0    
0.5623281002044678 1.1715091466903687 0.5445040464401245 train 42.0 0.3533237759768963 0.1736122414469719 0.1757311663031578 1.4797011544942507e-06
    42.0    
0.5634108185768127 1.1844244003295898 0.5461684465408325 train 43.0 0.35336369812488555 0.17360016196966171 0.17581900388002394 1.6073051938292338e-06
    43.0    
0.5705438852310181 1.164764404296875 0.5404477715492249 train 44.0 0.3535632008314133 0.17367133118212222 0.175954462364316 1.8748913817034918e-06
    44.0    
0.5689623951911926 1.1632493734359741 0.53987717628479 train 45.0 0.3533144138753414 0.1737041187286377 0.1756722541153431 1.1835165878437692e-06
    45.0    
0.5719596743583679 1.17339289188385 0.5403398275375366 train 46.0 0.35320381745696067 0.17354836151003838 0.17575136087834836 1.7383443946528132e-06
    46.0    
0.5736443996429443 1.1681158542633057 0.5399466753005981 train 47.0 0.3530419224500656 0.1735026164352894 0.1756501892954111 1.5033069757919293e-06
    47.0    
0.5734567046165466 1.1481043100357056 0.5344809293746948 train 48.0 0.3546204349398613 0.17422883607447148 0.17650678500533104 1.8205746528110467e-06
    48.0    
0.5773707032203674 1.1569124460220337 0.5358055233955383 train 49.0 0.3534591703116894 0.17365702413022518 0.17591502748429774 1.484799213358201e-06
    49.0    
0.5740487575531006 1.1621843576431274 0.5348637104034424 train 50.0 0.35356088027358057 0.17381268166005612 0.17589621260762214 1.6370486264349893e-06
    50.0    
0.5749061107635498 1.1550465822219849 0.536849319934845 train 51.0 0.353983738720417 0.1740414820611477 0.1760813657194376 1.5666614672227297e-06
    51.0    
0.5766911506652832 1.1637797355651855 0.5386229157447815 train 52.0 0.3532579310238361 0.17363514140248298 0.17579443126916885 1.4529913414662587e-06
    52.0    
0.5757167339324951 1.1746991872787476 0.540070652961731 train 53.0 0.3539263316988945 0.1739291975647211 0.1761404789984226 1.3473169246935868e-06
    53.0    
0.5769274234771729 1.170117974281311 0.5399891138076782 train 54.0 0.3539115285873413 0.1738902021199465 0.17618683561682702 2.6748368782136822e-06
    54.0    
0.5822571516036987 1.1620285511016846 0.5352185964584351 train 55.0 0.35232763454318045 0.1731853011250496 0.175358764231205 1.4689960607938701e-06
    55.0    
0.5757988095283508 1.161048173904419 0.538988471031189 train 56.0 0.3534604050219059 0.17377019613981248 0.1759111675620079 1.5801491599631845e-06
    56.0    
0.5819844007492065 1.1606040000915527 0.5373941659927368 train 57.0 0.3523566608130932 0.17321715004742144 0.175359151288867 1.7075534515242907e-06
    57.0    
0.5799506306648254 1.1536351442337036 0.5352792143821716 train 58.0 0.3543260830640793 0.1740340368449688 0.17649504743516445 2.1858461423107656e-06
    58.0    
0.5828474760055542 1.1599397659301758 0.5350313186645508 train 59.0 0.3535330893099308 0.17376224257051945 0.1759518676251173 1.5712653294031043e-06
    59.0    
0.5812070965766907 1.1534193754196167 0.5335591435432434 train 60.0 0.3527675373852253 0.17339776918292046 0.1755943014472723 1.7918782759807073e-06
    60.0    
0.5800290107727051 1.1573821306228638 0.5348770022392273 train 61.0 0.35331863701343535 0.17360748924314975 0.175915919393301 2.090537464027875e-06
    61.0    
0.5820591449737549 1.1533368825912476 0.5338873267173767 train 62.0 0.3532505851984024 0.1736244610697031 0.17583770461380482 1.2004765039819176e-06
    62.0    
0.5826444029808044 1.1294647455215454 0.5278864502906799 train 63.0 0.35286404490470885 0.1734366462379694 0.17561200976371766 1.3123387816449394e-06
    63.0    
0.5822721719741821 1.144811749458313 0.5327873229980469 train 64.0 0.35315490394830706 0.1736242338269949 0.17574686646461488 1.6765928876338876e-06
    64.0    
0.5843279957771301 1.155536413192749 0.5329871773719788 train 65.0 0.3535036262869835 0.17374190405011178 0.17596525870263577 1.7464358279539738e-06
    65.0    
0.5862657427787781 1.1543896198272705 0.5325246453285217 train 66.0 0.35322023689746856 0.17353552810847758 0.1759318170696497 1.5187850976872141e-06
    66.0    
0.5866838097572327 1.1456892490386963 0.5294812321662903 train 67.0 0.3529991964995861 0.17354914009571076 0.17570081770420073 2.1047028440079885e-06
    67.0    
0.5883992314338684 1.1349825859069824 0.5261950492858887 train 68.0 0.352722791582346 0.17335816882550717 0.17563915401697158 1.2960281310370192e-06
    68.0    
0.5887832641601562 1.1449090242385864 0.527891993522644 train 69.0 0.3534988261759281 0.1736788361519575 0.17606028214097022 1.662823365222721e-06
    69.0    
0.5853423476219177 1.1513763666152954 0.5288453698158264 train 70.0 0.35324384465813635 0.1735635894536972 0.1759152179956436 1.7294219105679076e-06
    70.0    
0.5889471173286438 1.1526894569396973 0.5306217074394226 train 71.0 0.353065965026617 0.17341289341449737 0.17592369332909585 2.1160349206184037e-06
    71.0    
0.5872749090194702 1.1448023319244385 0.5299714207649231 train 72.0 0.35290914446115496 0.17343248076736928 0.17575486183166503 1.9343774511071388e-06
    72.0    
0.5903159976005554 1.1421825885772705 0.5290715098381042 train 73.0 0.35259993344545365 0.17333564825356007 0.17555990539491176 2.0064981072209775e-06
    73.0    
0.590682864189148 1.1374574899673462 0.53019118309021 train 74.0 0.35241948246955873 0.1732266902923584 0.17551326282322408 1.4488392707789899e-06
    74.0    
0.5902113914489746 1.1342908143997192 0.5260646343231201 train 75.0 0.35303559467196466 0.17355167850852013 0.17582784436643123 1.648656166253204e-06
    75.0    
0.5933297276496887 1.1421338319778442 0.5286127328872681 train 76.0 0.35245160609483717 0.17316749781370164 0.17564052335917948 1.5419282135553658e-06
    76.0    
0.5888181328773499 1.1350568532943726 0.5269290804862976 train 77.0 0.353527525216341 0.17376773558557035 0.1760583905130625 2.121797933796188e-06
    77.0    
0.5873655676841736 1.1358519792556763 0.5276178121566772 train 78.0 0.35340520143508913 0.1736951207369566 0.17599661134183406 2.3703905753791332e-06
    78.0    
0.5917260050773621 1.1332974433898926 0.5279592275619507 train 79.0 0.3526903262734413 0.17337577775120736 0.1756100858747959 1.313391749135917e-06
    79.0    
0.5939352512359619 1.1240558624267578 0.5240739583969116 train 80.0 0.3526900281012058 0.17341787360608577 0.1755855479836464 1.2474791901695426e-06
    80.0    
0.5925426483154297 1.1221572160720825 0.5237035155296326 train 81.0 0.3531860150396824 0.17364630714058876 0.1758424587547779 1.440604251001787e-06
    81.0    
0.593490481376648 1.121975302696228 0.5214187502861023 train 82.0 0.35341266900300977 0.17358657471835615 0.1761285023391247 1.6014970469768741e-06
    82.0    
0.5936695337295532 1.1223528385162354 0.5225273966789246 train 83.0 0.3526887883245945 0.17342400893568993 0.17560969300568105 2.3463544494006783e-06
    83.0    
0.5937575101852417 1.1104025840759277 0.5196563005447388 train 84.0 0.35352393582463265 0.17370982490479947 0.1761051408201456 1.906367288029287e-06
    84.0    
0.5957993268966675 1.1121869087219238 0.5204969644546509 train 85.0 0.3524212983250618 0.17323698662221432 0.17551993802189828 1.7683414625935256e-06
    85.0    
0.593527615070343 1.1134527921676636 0.5204412341117859 train 86.0 0.35365222886204717 0.17380265772342682 0.17618958175182342 1.517950408924662e-06
    86.0    
0.5944209098815918 1.1128566265106201 0.5192341208457947 train 87.0 0.35361815944314 0.17378764308989048 0.17615283511579036 1.4080515029490925e-06
    87.0    
0.5918492078781128 1.1125149726867676 0.5175628662109375 train 88.0 0.3532278336584568 0.17366889923810958 0.17587848134338857 2.058633072010707e-06
    88.0    
0.5928974747657776 1.1118452548980713 0.5177115797996521 train 89.0 0.3546005296707153 0.17423738211393355 0.176670518592 1.7019040114973905e-06
    89.0    
0.594517171382904 1.1179165840148926 0.517784059047699 train 90.0 0.3530902656912804 0.1735574521869421 0.17585683062672616 1.458111910324078e-06
    90.0    
0.5962736010551453 1.1172782182693481 0.5198992490768433 train 91.0 0.35285862877964974 0.1734481867402792 0.17576329953968525 1.7175622133436264e-06
    91.0    
0.5950192213058472 1.1184513568878174 0.5205287933349609 train 92.0 0.3529109264910221 0.17356216631829738 0.1756836535036564 1.192855506815249e-06
    92.0    
0.5959525108337402 1.1106231212615967 0.5179896354675293 train 93.0 0.35418431118130683 0.17407638028264047 0.17643962517380715 1.579923946337658e-06
    93.0    
0.5923938751220703 1.1174170970916748 0.5211193561553955 train 94.0 0.35369433894753455 0.17379460103809832 0.17619766861200334 2.0590514395735227e-06
    94.0    
0.5948176383972168 1.1230570077896118 0.5226616263389587 train 95.0 0.3534082993865013 0.17363335080444814 0.17608943328261376 1.8821297089743894e-06
    95.0    
0.5976082682609558 1.112223744392395 0.5195533037185669 train 96.0 0.3525974479317665 0.17330604746937753 0.17562799230217935 1.8247802699988824e-06
    96.0    
0.5972697734832764 1.102370262145996 0.5163115859031677 train 97.0 0.3529451584815979 0.17351782344281674 0.17579961590468884 1.5126962580325198e-06
    97.0    
0.5982293486595154 1.1057718992233276 0.5152271389961243 train 98.0 0.35303862631320954 0.173683847412467 0.17572201870381832 1.4071127907300252e-06
    98.0    
0.5976913571357727 1.1097643375396729 0.5179246664047241 train 99.0 0.3524175319075584 0.1732735636085272 0.1755304331332445 1.5241525943565648e-06
    99.0    
