Corr-Diag Corr-Full Corr-Swap Data Epoch Loss MMD-Full MMD-Swap Mean
0.2784818708896637 1.320112705230713 0.5832062363624573 train 0.0 0.2363083355128765 0.12149121847003698 0.10070029407739639 3.833473238046281e-05
    0.0    
0.36408567428588867 0.9912171959877014 0.49519696831703186 train 1.0 0.14613607637584208 0.07197987776249647 0.06821022380143404 2.457241680531297e-05
    1.0    
0.40496718883514404 0.825499951839447 0.43972915410995483 train 2.0 0.13456398814916612 0.06617579109966755 0.06386885499581695 2.0266663341317326e-05
    2.0    
0.43612271547317505 0.7305757403373718 0.3990979790687561 train 3.0 0.12981008298695088 0.06381313877180218 0.06227408455684781 1.8956019630422816e-05
    3.0    
0.45754215121269226 0.6763892769813538 0.37252992391586304 train 4.0 0.12702538289129733 0.06255055928602815 0.06131776550784707 1.5352490663644858e-05
    4.0    
0.4750056266784668 0.6513618230819702 0.35881507396698 train 5.0 0.12539667047560216 0.06185695555061102 0.06080665286630392 1.3018139725318179e-05
    5.0    
0.48877838253974915 0.6540423035621643 0.3537876605987549 train 6.0 0.12401893064379692 0.061249137595295905 0.06035838549956679 1.2938799045514315e-05
    6.0    
0.49735507369041443 0.6702219843864441 0.3555029332637787 train 7.0 0.12275288730859757 0.060714879855513576 0.05987184274941683 1.151209380623186e-05
    7.0    
0.5026811361312866 0.6944202184677124 0.35852566361427307 train 8.0 0.1219490024447441 0.06037754962220788 0.059602523855865 9.68685435509542e-06
    8.0    
0.508019745349884 0.7211211323738098 0.36286690831184387 train 9.0 0.12126533102244139 0.06011328199878335 0.05934071946889162 9.68172480497742e-06
    9.0    
0.5094533562660217 0.7481957077980042 0.37114158272743225 train 10.0 0.1207062954083085 0.05991025971248746 0.05910822715610266 8.175535185728222e-06
    10.0    
0.5099976658821106 0.776610791683197 0.37633079290390015 train 11.0 0.12054439261555672 0.05986145485192537 0.05909679310396314 8.616296327090822e-06
    11.0    
0.5117776989936829 0.8030722141265869 0.3833528161048889 train 12.0 0.11991726767271757 0.05957244975492358 0.05884808149188757 7.422306680382462e-06
    12.0    
0.5137055516242981 0.8237444758415222 0.3877512216567993 train 13.0 0.11954331554472447 0.059422476198524234 0.05869872620329261 7.401164111797698e-06
    13.0    
0.5101895332336426 0.8503407835960388 0.3952133059501648 train 14.0 0.11941285729408264 0.05938578467816114 0.05866565298289061 6.789866347389761e-06
    14.0    
0.5124564170837402 0.875099241733551 0.4020797610282898 train 15.0 0.11916177652776241 0.05923631211742759 0.05861937751993537 6.41879432805581e-06
    15.0    
0.510779619216919 0.8960784077644348 0.4084082841873169 train 16.0 0.11879682064056396 0.05909465592354536 0.058439450934529305 6.029631549608894e-06
    16.0    
0.5103952884674072 0.9116611480712891 0.41348549723625183 train 17.0 0.11887029651552439 0.05913348898291588 0.05851247062906623 5.214059456193354e-06
    17.0    
0.5089596509933472 0.9283123016357422 0.4184141457080841 train 18.0 0.11849580578505993 0.058944270480424166 0.058360723946243524 4.890056970907608e-06
    18.0    
0.5080533027648926 0.9376845359802246 0.42062926292419434 train 19.0 0.11832106705754995 0.05886783571913838 0.05829223018139601 4.469711711863056e-06
    19.0    
0.509867250919342 0.9454832673072815 0.4227493107318878 train 20.0 0.11820616956800223 0.05878568908199668 0.058288189209997655 4.8228698688035365e-06
    20.0    
0.5081229209899902 0.9462652802467346 0.4247899353504181 train 21.0 0.11809921320527791 0.05876840809360147 0.058223909474909304 4.6253235268522985e-06
    21.0    
0.5064963698387146 0.952375054359436 0.42601120471954346 train 22.0 0.117735016644001 0.05855210408568382 0.058100652061402795 4.3285613173793536e-06
    22.0    
0.5070687532424927 0.9517990946769714 0.42651811242103577 train 23.0 0.11736671987920999 0.05836789121851325 0.05793878326192498 3.7175295801716857e-06
    23.0    
0.5037798285484314 0.9528937339782715 0.4273507595062256 train 24.0 0.11734852433204651 0.05836623968556523 0.0579442055337131 4.134381924814079e-06
    24.0    
0.5021442770957947 0.9531264901161194 0.4278847873210907 train 25.0 0.11741741046309472 0.05837013328447938 0.05802529886364937 3.2357143027184065e-06
    25.0    
0.5020536780357361 0.9508882164955139 0.4273172914981842 train 26.0 0.11760419782251119 0.05849187141284347 0.05810523834079504 4.116624950256664e-06
    26.0    
0.4994378387928009 0.9494232535362244 0.4266681671142578 train 27.0 0.1175396229326725 0.05844612440094352 0.05810327667742968 3.828595708910143e-06
    27.0    
0.4981643557548523 0.9475637078285217 0.42673084139823914 train 28.0 0.11725312680006027 0.05832415455952287 0.057953509092330935 3.899977400578791e-06
    28.0    
0.4974878430366516 0.944092869758606 0.42601045966148376 train 29.0 0.11704777792096138 0.058213201127946375 0.05787136137485504 3.5247021514805965e-06
    29.0    
0.49594810605049133 0.9410508275032043 0.4252111315727234 train 30.0 0.11738303564488888 0.05836654014885426 0.05806487699970603 3.5353311886865413e-06
    30.0    
0.4944532513618469 0.9415180683135986 0.4256063401699066 train 31.0 0.11720451794564724 0.05827432092279196 0.0579921474866569 2.3605452952324413e-06
    31.0    
0.49376893043518066 0.9366410970687866 0.42366841435432434 train 32.0 0.11727448299527168 0.05831083728000522 0.05803722258657217 2.4954147193056997e-06
    32.0    
0.4937678575515747 0.9320140480995178 0.42263737320899963 train 33.0 0.11707218799740077 0.05822268825024366 0.057934506088495256 3.513155434120563e-06
    33.0    
0.4936821460723877 0.9264461398124695 0.42101413011550903 train 34.0 0.1168650295957923 0.058113022018224 0.0578469017893076 3.6436645132198464e-06
    34.0    
0.4901089668273926 0.9203182458877563 0.41914770007133484 train 35.0 0.11671346232295036 0.058049416970461606 0.05777060268446803 3.2172497412830126e-06
    35.0    
0.4882933795452118 0.9177576303482056 0.41762399673461914 train 36.0 0.11664228715002536 0.05801401006057858 0.05774527641013265 3.1371821478387574e-06
    36.0    
0.4892745018005371 0.9138603806495667 0.4165142774581909 train 37.0 0.11666079796850681 0.058023855462670325 0.0577633560821414 2.0082100036233896e-06
    37.0    
0.4894280731678009 0.906484842300415 0.41411447525024414 train 38.0 0.11688005156815053 0.05810682421550155 0.05791121277958155 2.0481886622292222e-06
    38.0    
0.4861406087875366 0.8990547060966492 0.4115857779979706 train 39.0 0.11669561829417945 0.058022936321794984 0.05781839793547988 3.004382051585708e-06
    39.0    
0.4842146337032318 0.8942868113517761 0.41009387373924255 train 40.0 0.11663610387593508 0.05801096744835377 0.05777733018621802 1.982503135877778e-06
    40.0    
0.4870559275150299 0.8872047066688538 0.40809717774391174 train 41.0 0.11618888668715954 0.05775842236354947 0.05759340636432171 3.096366981480969e-06
    41.0    
0.48594731092453003 0.882241427898407 0.4061325192451477 train 42.0 0.11634610265493393 0.057846842501312494 0.057669978402554986 1.8864176354327356e-06
    42.0    
0.4844246804714203 0.8755530118942261 0.4042680561542511 train 43.0 0.11610013213008642 0.05772092863917351 0.057558183073997495 2.251425030408427e-06
    43.0    
0.48421624302864075 0.8691060543060303 0.4019063115119934 train 44.0 0.11640683643519878 0.05787913559004664 0.057715026307851074 2.1729915715695824e-06
    44.0    
0.4830470383167267 0.8632740378379822 0.3995254635810852 train 45.0 0.11607841614633799 0.05771469907835126 0.057560784481465815 1.644917801968404e-06
    45.0    
0.48432958126068115 0.8543196320533752 0.39690545201301575 train 46.0 0.11582783699035644 0.057593222577124834 0.05743749806657433 2.1679504698113305e-06
    46.0    
0.4827395975589752 0.8455058336257935 0.3945142924785614 train 47.0 0.116125267483294 0.057734445463865997 0.0576024017482996 2.0952315935574006e-06
    47.0    
0.4827919602394104 0.8358609676361084 0.3916577100753784 train 48.0 0.11599253844469785 0.05766362192109227 0.05754491025581956 2.4328298877662746e-06
    48.0    
0.4831315875053406 0.8249848484992981 0.3890189528465271 train 49.0 0.11616034120321274 0.057751024588942525 0.05763735543936491 1.5190962585620582e-06
    49.0    
0.48349839448928833 0.8169602751731873 0.38572636246681213 train 50.0 0.11575767446309328 0.05753767091780901 0.057455568928271535 1.1864000271089026e-06
    50.0    
0.4823310673236847 0.8109226822853088 0.3846043050289154 train 51.0 0.11603413302451372 0.057687703520059586 0.05758380968123675 2.088450628434657e-06
    51.0    
0.48373159766197205 0.7998899817466736 0.38122573494911194 train 52.0 0.11582748845219612 0.05760440737009048 0.0574694106541574 1.7267163912038086e-06
    52.0    
0.48459097743034363 0.7923735976219177 0.37895065546035767 train 53.0 0.11608533505350352 0.05770542502403259 0.057631799913942815 1.8635132619237993e-06
    53.0    
0.48300838470458984 0.7822169661521912 0.3756457567214966 train 54.0 0.11604782339185477 0.0577004262059927 0.05760088372975588 2.2720571450918214e-06
    54.0    
0.48433783650398254 0.7726732492446899 0.37304845452308655 train 55.0 0.11585929203778506 0.05759416149929166 0.05752728397026658 1.5186727750915452e-06
    55.0    
0.4842204451560974 0.7628541588783264 0.37034881114959717 train 56.0 0.11567181620746851 0.05750705407932401 0.057436362970620394 2.0376555767143145e-06
    56.0    
0.4823894500732422 0.7554048895835876 0.3677041232585907 train 57.0 0.11594947051256894 0.05766028236597776 0.057561004776507614 1.829664711294754e-06
    57.0    
0.4826933741569519 0.7463172674179077 0.36549606919288635 train 58.0 0.11563576232641935 0.05748845728114247 0.05742670137435198 1.511846789981064e-06
    58.0    
0.4835488200187683 0.7371750473976135 0.3626784384250641 train 59.0 0.11551792927086353 0.0574285345710814 0.05737516451627016 2.070937625830993e-06
    59.0    
0.48389172554016113 0.7291722297668457 0.36010539531707764 train 60.0 0.11595163781195879 0.057630260717123745 0.05760889913886785 2.5362337510159705e-06
    60.0    
0.4832608103752136 0.7219188213348389 0.35830992460250854 train 61.0 0.11546986125409603 0.057395382411777975 0.057369623146951196 1.5262119177350542e-06
    61.0    
0.4834047257900238 0.7113990783691406 0.35501495003700256 train 62.0 0.11550807822495698 0.05742391319945454 0.05738260179758072 1.4307037190519623e-06
    62.0    
0.48538312315940857 0.7068595290184021 0.3537367284297943 train 63.0 0.11536975085735321 0.05734023578464985 0.05733261676505208 1.959248265848146e-06
    63.0    
0.48403605818748474 0.7013602256774902 0.3521561920642853 train 64.0 0.11550368886440993 0.057413648776710034 0.05739935383200646 1.5595838931403705e-06
    64.0    
0.4858323037624359 0.6921496391296387 0.3490235507488251 train 65.0 0.11510314673185348 0.057202353850007055 0.057220818642526865 8.907445590011775e-07
    65.0    
0.48545047640800476 0.6867614984512329 0.34726279973983765 train 66.0 0.11559432432055473 0.05747396344318986 0.05743990268558264 1.2550115116027882e-06
    66.0    
0.4845941364765167 0.6781761050224304 0.34431830048561096 train 67.0 0.11539405919611453 0.057359114140272144 0.057358596213161944 1.5227066114675836e-06
    67.0    
0.4860304296016693 0.6722699999809265 0.34256675839424133 train 68.0 0.1151587437465787 0.057239992544054985 0.057247164081782105 1.9562846773624187e-06
    68.0    
0.4860488772392273 0.6649236679077148 0.34029150009155273 train 69.0 0.11530728708952666 0.057306807320564986 0.057333589401096105 1.8591030084280646e-06
    69.0    
0.48547330498695374 0.6586381196975708 0.33839622139930725 train 70.0 0.11527871925383806 0.057290355227887634 0.05732206368818879 1.4479694527835818e-06
    70.0    
0.48744097352027893 0.6542064547538757 0.3366592228412628 train 71.0 0.11531154498457909 0.057303428333252665 0.057347281370311975 1.4692624290546519e-06
    71.0    
0.4839404821395874 0.6481549739837646 0.33425188064575195 train 72.0 0.11531474072486163 0.05731154667213559 0.05734262254089117 2.0036427486047614e-06
    72.0    
0.48767659068107605 0.6423227190971375 0.33254021406173706 train 73.0 0.11536031268537045 0.05731095554307103 0.05739461869001389 1.8583710925668129e-06
    73.0    
0.4872150719165802 0.6359061598777771 0.33034059405326843 train 74.0 0.11509679771959781 0.057191905193030836 0.05725662192329764 1.5992854969226755e-06
    74.0    
0.4877619445323944 0.6307994723320007 0.32867908477783203 train 75.0 0.11521456785500049 0.05723125530406833 0.05733687600120902 1.4761454849576694e-06
    75.0    
0.4908609688282013 0.6251716613769531 0.32660260796546936 train 76.0 0.11503231339156628 0.0571593676507473 0.05722950590774417 1.882880837911216e-06
    76.0    
0.48975124955177307 0.6189813017845154 0.3243460953235626 train 77.0 0.11521279886364937 0.05725343033671379 0.05731986753642559 2.0636250610550633e-06
    77.0    
0.48863670229911804 0.6145759224891663 0.32261672616004944 train 78.0 0.11524982221424579 0.05726063651964068 0.057356886416673664 1.8845728391170269e-06
    78.0    
0.4900899827480316 0.6088892817497253 0.32107430696487427 train 79.0 0.11510893199592828 0.05719734063372016 0.057279417756944895 2.3400350528390845e-06
    79.0    
0.4912533760070801 0.6037329435348511 0.3191344738006592 train 80.0 0.1150227092206478 0.057155835721641776 0.05723788691684604 2.1501900846487843e-06
    80.0    
0.49112221598625183 0.598680317401886 0.31674447655677795 train 81.0 0.11498347915709019 0.05712510285899043 0.0572370096296072 1.7236878875337425e-06
    81.0    
0.491992324590683 0.5937862992286682 0.3144885003566742 train 82.0 0.11497819010168314 0.057117173224687574 0.057244493383914234 1.888062797661405e-06
    82.0    
0.49488499760627747 0.5896479487419128 0.31308630108833313 train 83.0 0.11485231917351485 0.05706154555082321 0.05717623040080071 1.7365862277074484e-06
    83.0    
0.4918556213378906 0.5859617590904236 0.311126172542572 train 84.0 0.1150231060758233 0.057139231003820894 0.057271194756031034 1.354930304842128e-06
    84.0    
0.4921363890171051 0.5825596451759338 0.3095215857028961 train 85.0 0.11505050845444202 0.05715023605152965 0.05728760454803705 1.3203795106164762e-06
    85.0    
0.49162232875823975 0.5768194794654846 0.30739825963974 train 86.0 0.11532653946429491 0.05726172186434269 0.057454400788992645 1.2765070778186782e-06
    86.0    
0.49305078387260437 0.5726119875907898 0.3060545325279236 train 87.0 0.1148188117519021 0.057065485399216416 0.05714635381475091 1.7883603504742496e-06
    87.0    
0.49352651834487915 0.5678155422210693 0.30401337146759033 train 88.0 0.11503776896744966 0.05714109487831592 0.0572897457331419 2.0438164938241243e-06
    88.0    
0.49510499835014343 0.5636337995529175 0.30215194821357727 train 89.0 0.11493476632982493 0.05708988206461072 0.057248397748917344 1.4109008361629094e-06
    89.0    
0.4955969452857971 0.5592869520187378 0.30001258850097656 train 90.0 0.11506106600165367 0.05715301562100649 0.057310991659760474 1.8865381434807205e-06
    90.0    
0.4957008957862854 0.5556951761245728 0.2983003258705139 train 91.0 0.1147230164334178 0.056986548695713284 0.05714468905702233 1.280988726648502e-06
    91.0    
0.49559736251831055 0.5504573583602905 0.2965317368507385 train 92.0 0.11465772204101085 0.05698131002485752 0.05708643056452274 1.4263563343774877e-06
    92.0    
0.49444231390953064 0.5460577607154846 0.2943507432937622 train 93.0 0.11495096437633037 0.05710102314129472 0.05726003769785166 1.9655019514175365e-06
    93.0    
0.4968470335006714 0.5425259470939636 0.29281073808670044 train 94.0 0.11468109708279371 0.05696236915886402 0.05713574195280671 1.351577452624042e-06
    94.0    
0.49783408641815186 0.5395965576171875 0.29130110144615173 train 95.0 0.11470857813954353 0.05696501031517982 0.05716340260580182 1.905714725580765e-06
    95.0    
0.4975314140319824 0.5356874465942383 0.2894664406776428 train 96.0 0.11452197685837745 0.05689154293388128 0.05705164548009634 2.892022394007654e-06
    96.0    
0.49922239780426025 0.5296147465705872 0.28678053617477417 train 97.0 0.11460836805403232 0.05694514902308583 0.057090357821434734 1.477235628044582e-06
    97.0    
0.49922820925712585 0.5270363092422485 0.2857882082462311 train 98.0 0.11484866831451654 0.0570276147313416 0.05724892314523458 1.3724582004215335e-06
    98.0    
0.49998658895492554 0.5222297310829163 0.28437671065330505 train 99.0 0.11487074617296457 0.05706902639940381 0.05723038857802749 1.631664190426818e-06
    99.0    
