Corr-Diag Corr-Full Corr-Swap Data Epoch Loss MMD-Full MMD-Swap Mean
0.21262328326702118 1.2874858379364014 0.6462123990058899 train 0.0 0.39718098983168604 0.19739941507577896 0.18911798492074014 4.5839318772777915e-05
    0.0    
0.23461516201496124 1.0816758871078491 0.5934866666793823 train 1.0 0.36685293063521385 0.1809401098638773 0.18104009971022605 2.7305086405249313e-05
    1.0    
0.2445659339427948 0.9947043061256409 0.5739386677742004 train 2.0 0.3620909443497658 0.17848854772746564 0.17977716825902462 1.9881670596078038e-05
    2.0    
0.24503754079341888 0.9625615477561951 0.5567726492881775 train 3.0 0.36155345022678376 0.17818214982748032 0.17987726651132108 1.9721292119356804e-05
    3.0    
0.23961347341537476 0.9306592345237732 0.5540534853935242 train 4.0 0.36155928134918214 0.17816254802048206 0.18007153294980527 1.531585985503625e-05
    4.0    
0.2370094358921051 0.9051947593688965 0.5480275750160217 train 5.0 0.36004145205020904 0.17726602710783482 0.17955998197197914 1.504698593635112e-05
    5.0    
0.24374276399612427 0.9195103645324707 0.5514841675758362 train 6.0 0.35871002212166786 0.17668773576617242 0.1789000155031681 1.3649900211021304e-05
    6.0    
0.24149753153324127 0.9479119777679443 0.5560457706451416 train 7.0 0.35855891212821006 0.176612898632884 0.1788804841041565 1.351769060420338e-05
    7.0    
0.24191980063915253 0.9335511326789856 0.5484201908111572 train 8.0 0.35916984677314756 0.17691088251769543 0.17923342540860177 1.1584175808820873e-05
    8.0    
0.23857541382312775 0.9211904406547546 0.5406230688095093 train 9.0 0.35908033698797226 0.17681371711194516 0.1792504695057869 1.050692571880063e-05
    9.0    
0.23639720678329468 0.940131664276123 0.5405762791633606 train 10.0 0.3575043722987175 0.17606181889772415 0.17847141839563846 1.0816687790793367e-05
    10.0    
0.23458334803581238 0.93349289894104 0.5356065630912781 train 11.0 0.3577903890609741 0.17625004991889 0.1785790704935789 9.285292435379233e-06
    11.0    
0.23788896203041077 0.9393218159675598 0.537135899066925 train 12.0 0.3575939632952213 0.17611306272447108 0.17852798409759998 8.942083695728797e-06
    12.0    
0.23209205269813538 0.9523975849151611 0.5370444059371948 train 13.0 0.3572133944928646 0.1759647489339113 0.17832520931959153 9.231042895407882e-06
    13.0    
0.22885721921920776 0.9530787467956543 0.5367336869239807 train 14.0 0.35660874858498576 0.17566585816442967 0.1780347762256861 7.510928753617918e-06
    14.0    
0.22655971348285675 0.9658473134040833 0.5397174954414368 train 15.0 0.3580692841112614 0.1762998539954424 0.17882822997868061 7.890974302426912e-06
    15.0    
0.21885667741298676 0.9732441306114197 0.5314632058143616 train 16.0 0.35777827009558677 0.17613559290766717 0.17864698380231858 7.448082214978058e-06
    16.0    
0.21059401333332062 0.9755428433418274 0.5358133316040039 train 17.0 0.3577159659564495 0.17606402948498726 0.1786514762789011 6.0815132201241795e-06
    17.0    
0.20446863770484924 0.9864830374717712 0.5333154797554016 train 18.0 0.35859748363494875 0.17644326321780682 0.17909939393401145 7.026322691672249e-06
    18.0    
0.21106883883476257 0.982710599899292 0.5331471562385559 train 19.0 0.3569552710652351 0.1756757789105177 0.17824041068553925 6.285955805651611e-06
    19.0    
0.20662203431129456 1.0070257186889648 0.5321125984191895 train 20.0 0.3571590034663677 0.17580648332834245 0.17834953144192695 6.465140813816106e-06
    20.0    
0.21365199983119965 0.9944444894790649 0.5298027396202087 train 21.0 0.3558940762281418 0.175152737647295 0.17776277534663676 6.54734458294115e-06
    21.0    
0.21362824738025665 1.0127054452896118 0.5298050045967102 train 22.0 0.3556875601410866 0.1750430779159069 0.17770518228411675 5.782967036793707e-06
    22.0    
0.20503346621990204 1.0238131284713745 0.528224766254425 train 23.0 0.35669163435697554 0.17555461436510086 0.17815257981419563 6.079463673813734e-06
    23.0    
0.2079196721315384 1.0399359464645386 0.5313985347747803 train 24.0 0.35627892062067984 0.17534149706363678 0.17795157887041568 5.279452579998178e-06
    24.0    
0.19806548953056335 1.0529314279556274 0.5263246893882751 train 25.0 0.3579218406975269 0.1760998620837927 0.17877862453460694 4.814921794604743e-06
    25.0    
0.20255698263645172 1.0805716514587402 0.5262057781219482 train 26.0 0.35579825401306153 0.17501934468746186 0.17771169543266296 5.285646238917252e-06
    26.0    
0.19968408346176147 1.0700162649154663 0.5311012268066406 train 27.0 0.3559619227051735 0.17510351456701756 0.1778052918612957 4.9942013902182225e-06
    27.0    
0.20643329620361328 1.0636142492294312 0.5235845446586609 train 28.0 0.3566951107978821 0.17544792301952838 0.1782128407806158 5.041551048634574e-06
    28.0    
0.1972719132900238 1.0855196714401245 0.5264062881469727 train 29.0 0.35701917588710785 0.17565391302108765 0.17830024555325508 4.140570126764942e-06
    29.0    
0.20109793543815613 1.0934686660766602 0.5237833857536316 train 30.0 0.3548354709148407 0.1745871814340353 0.17723122127354146 4.403880666359328e-06
    30.0    
0.19859130680561066 1.097421407699585 0.5337424278259277 train 31.0 0.3557883550226688 0.17506595708429815 0.17767180681228636 4.8373854042438325e-06
    31.0    
0.19117824733257294 1.0977727174758911 0.5233674049377441 train 32.0 0.3554950115084648 0.17489171519875527 0.1775673580914736 4.620959771273192e-06
    32.0    
0.18766717612743378 1.1116758584976196 0.5335607528686523 train 33.0 0.3561913651227951 0.1751637624949217 0.17793398939073085 4.951310984324664e-06
    33.0    
0.1838066130876541 1.1166841983795166 0.5284931659698486 train 34.0 0.35609839245676994 0.17512166738510132 0.17785773999989032 3.4254230740771163e-06
    34.0    
0.1880425661802292 1.1149144172668457 0.5346375703811646 train 35.0 0.3554181984066963 0.17470447197556496 0.17759557723999023 4.771539806824876e-06
    35.0    
0.18583612143993378 1.1256722211837769 0.5337294340133667 train 36.0 0.3548510654270649 0.17448827236890793 0.17723760239779948 3.3549420095368987e-06
    36.0    
0.18266984820365906 1.106967568397522 0.5313997268676758 train 37.0 0.35590696543455125 0.17495813846588135 0.17783275865018366 3.5078462587989634e-06
    37.0    
0.17936238646507263 1.1140835285186768 0.5254512429237366 train 38.0 0.35641885578632354 0.17533322714269162 0.1779438601434231 3.885989372065524e-06
    38.0    
0.1775873303413391 1.1033234596252441 0.5277451276779175 train 39.0 0.3553914915025234 0.17476302936673163 0.1774801265448332 3.7447086924657924e-06
    39.0    
0.17764689028263092 1.1026546955108643 0.5276069045066833 train 40.0 0.35623352900147437 0.17510806232690812 0.17794830545783044 3.4644308470888063e-06
    40.0    
0.17792628705501556 1.1332653760910034 0.5236297249794006 train 41.0 0.3549244350194931 0.17449681088328362 0.1772912336140871 3.3105723105109064e-06
    41.0    
0.17984111607074738 1.135826826095581 0.5199710130691528 train 42.0 0.35584407731890677 0.17496233820915222 0.17772683851420878 3.574597258193535e-06
    42.0    
0.18463163077831268 1.1493515968322754 0.5310722589492798 train 43.0 0.3554110582172871 0.17468964263796807 0.17757921174168587 3.4308666272409027e-06
    43.0    
0.18037816882133484 1.1319389343261719 0.5173401832580566 train 44.0 0.3552747856080532 0.17469190441071988 0.17740880452096464 3.627482556112227e-06
    44.0    
0.17749972641468048 1.1565691232681274 0.5287241339683533 train 45.0 0.3555501843988895 0.17480153135955334 0.17758822321891785 4.208395694149658e-06
    45.0    
0.1731041967868805 1.1458702087402344 0.5290173888206482 train 46.0 0.35506083741784095 0.17456818073987962 0.17735312014818191 3.488668880891055e-06
    46.0    
0.17384065687656403 1.1417419910430908 0.5210824012756348 train 47.0 0.35601246982812884 0.17502113871276379 0.17781858645379545 3.5400696560827782e-06
    47.0    
0.1724938154220581 1.142765760421753 0.5246836543083191 train 48.0 0.3550751280784607 0.1745180121064186 0.1773720319569111 4.321827873354778e-06
    48.0    
0.17865754663944244 1.1740690469741821 0.5338435173034668 train 49.0 0.35520570665597917 0.17459123313426972 0.17741282314062118 3.246056394345942e-06
    49.0    
0.1714649349451065 1.1583815813064575 0.5275618433952332 train 50.0 0.3552501581609249 0.17462387368083 0.17745155073702334 3.6585377074516146e-06
    50.0    
0.17516684532165527 1.1728459596633911 0.5328623652458191 train 51.0 0.35472397923469545 0.17432726353406905 0.17719734370708465 4.932021965942113e-06
    51.0    
0.17204783856868744 1.1616109609603882 0.5306227803230286 train 52.0 0.35578790932893756 0.17487107560038567 0.1777226423472166 3.2456923690915573e-06
    52.0    
0.1756717562675476 1.1918057203292847 0.5287827849388123 train 53.0 0.3550461009144783 0.1744064227491617 0.17743517711758613 3.8852090256114025e-06
    53.0    
0.17073993384838104 1.1775602102279663 0.5306491851806641 train 54.0 0.3553461566567421 0.17462246030569076 0.17752420544624328 4.1691537262522615e-06
    54.0    
0.16937397420406342 1.1793622970581055 0.5327414870262146 train 55.0 0.35451053276658057 0.1742091540247202 0.17707163646817206 3.751742042368278e-06
    55.0    
0.16768795251846313 1.1951431035995483 0.5334409475326538 train 56.0 0.3556298126280308 0.1746673394739628 0.17770117983222009 3.7252664242259925e-06
    56.0    
0.16330017149448395 1.1972153186798096 0.54149329662323 train 57.0 0.3551473568379879 0.17447145834565161 0.17742445081472397 2.6526636247581337e-06
    57.0    
0.16756494343280792 1.175111174583435 0.5391713380813599 train 58.0 0.35497166842222216 0.17439505495131016 0.17731925934553147 2.713662524911342e-06
    58.0    
0.16465884447097778 1.186204433441162 0.533178985118866 train 59.0 0.35537287920713423 0.17454897716641427 0.1775224283337593 3.6221333630237496e-06
    59.0    
0.16222533583641052 1.2146782875061035 0.534660279750824 train 60.0 0.35415463596582414 0.1739872708916664 0.17691889442503453 2.7406299523136113e-06
    60.0    
0.1652970165014267 1.1906766891479492 0.5341820120811462 train 61.0 0.3558151139318943 0.1747951328009367 0.17772430144250392 4.107232143724104e-06
    61.0    
0.16822917759418488 1.2023544311523438 0.5397694110870361 train 62.0 0.3544418840110302 0.17405582375824452 0.17711326435208322 3.37053506882512e-06
    62.0    
0.16649572551250458 1.2130346298217773 0.5398062467575073 train 63.0 0.35448125049471857 0.17410066194832324 0.17714517168700694 3.7933955354674254e-06
    63.0    
0.16427937150001526 1.1960585117340088 0.5348837971687317 train 64.0 0.3544671015441418 0.17415098182857036 0.1770335351675749 3.023570116056362e-06
    64.0    
0.1677231639623642 1.2144849300384521 0.541018545627594 train 65.0 0.354842284321785 0.17438163362443448 0.17720369547605513 3.657992010630551e-06
    65.0    
0.16492219269275665 1.1965326070785522 0.5340123176574707 train 66.0 0.3555005174875259 0.17469018146395685 0.1775323212891817 4.178057224635268e-06
    66.0    
0.16775861382484436 1.195685863494873 0.5296937823295593 train 67.0 0.3550236886739731 0.17444546170532704 0.17731424778699875 3.018711595359491e-06
    67.0    
0.16714324057102203 1.211506962776184 0.5410003066062927 train 68.0 0.3545162716507912 0.17409404531121253 0.1771596509963274 3.2895791264309082e-06
    68.0    
0.16984255611896515 1.1891446113586426 0.5354018807411194 train 69.0 0.3548334549367428 0.1743538834899664 0.17723235100507737 3.12959900838905e-06
    69.0    
0.16935771703720093 1.211974024772644 0.540268063545227 train 70.0 0.35503884956240656 0.174439183101058 0.17734218277037145 2.815994321281323e-06
    70.0    
0.1629183441400528 1.2139374017715454 0.5380541086196899 train 71.0 0.35517802461981773 0.174482554346323 0.17741524904966355 3.853132056974573e-06
    71.0    
0.1687651127576828 1.2104746103286743 0.5379175543785095 train 72.0 0.3546332897245884 0.17413025327026843 0.17724639624357225 2.997223418788053e-06
    72.0    
0.16715121269226074 1.2262901067733765 0.5377672910690308 train 73.0 0.35434743702411653 0.174078851044178 0.17700086042284965 3.2140553685167106e-06
    73.0    
0.16700690984725952 1.208398699760437 0.5416472554206848 train 74.0 0.3542906151711941 0.17410518057644367 0.17694148533046244 3.1415395369549515e-06
    74.0    
0.15985776484012604 1.2441836595535278 0.5459482669830322 train 75.0 0.3548936107754707 0.17439134307205678 0.17724864810705185 3.1209472126647597e-06
    75.0    
0.15909811854362488 1.2199677228927612 0.5384609699249268 train 76.0 0.3548236802220345 0.17431259952485562 0.17723177798092365 3.543103275660542e-06
    76.0    
0.16634586453437805 1.2332178354263306 0.5433937907218933 train 77.0 0.35486519187688825 0.17434746317565442 0.17720881961286067 3.403132041057688e-06
    77.0    
0.1676120162010193 1.2349761724472046 0.5400863885879517 train 78.0 0.3543957516551018 0.17404667265713214 0.1770543635636568 2.8210777145432075e-06
    78.0    
0.16559119522571564 1.227787733078003 0.5370186567306519 train 79.0 0.3544997738301754 0.17393859289586544 0.17729805573821067 3.336548388688243e-06
    79.0    
0.16721926629543304 1.2514588832855225 0.5414818525314331 train 80.0 0.3550004297494888 0.17442478753626348 0.17728817343711853 3.820428901235573e-06
    80.0    
0.17350903153419495 1.2335400581359863 0.5380673408508301 train 81.0 0.35467383965849875 0.17420985199511052 0.1771824464201927 3.539545332387206e-06
    81.0    
0.1702086180448532 1.2360459566116333 0.5406982898712158 train 82.0 0.35395882949233054 0.17388332426548003 0.17684212230145932 3.317177970529883e-06
    82.0    
0.16689792275428772 1.2374725341796875 0.5432940125465393 train 83.0 0.35460066616535185 0.17418643280863763 0.17718456156551837 3.767254384001717e-06
    83.0    
0.16556623578071594 1.2403548955917358 0.5438865423202515 train 84.0 0.3546078044176102 0.17418002776801586 0.17718925945460795 3.740925194506417e-06
    84.0    
0.16409830749034882 1.2271788120269775 0.5457795262336731 train 85.0 0.3551888509094715 0.174447253793478 0.17746380880475043 3.3412445645808475e-06
    85.0    
0.16733142733573914 1.2556471824645996 0.5434287786483765 train 86.0 0.3543690982460976 0.17405574664473533 0.17704408012330533 2.9917289339209674e-06
    86.0    
0.16881251335144043 1.2503273487091064 0.5441219806671143 train 87.0 0.3542475324869156 0.17399961136281492 0.17701480425894262 3.1596839562553214e-06
    87.0    
0.17031994462013245 1.234075665473938 0.5433440804481506 train 88.0 0.35474227607250214 0.17421943679451943 0.17723821461200714 4.217725290800445e-06
    88.0    
0.17034927010536194 1.2530922889709473 0.5412395000457764 train 89.0 0.35414390012621877 0.1739551293104887 0.17689517594873905 2.916013499998371e-06
    89.0    
0.16760550439357758 1.2432634830474854 0.5458407402038574 train 90.0 0.3547138459980488 0.1741722436994314 0.1772692020982504 3.6965234357921872e-06
    90.0    
0.16420626640319824 1.2551583051681519 0.5401613116264343 train 91.0 0.35496813982725145 0.17426722966134547 0.17741238720715047 3.519247229633038e-06
    91.0    
0.16463322937488556 1.2454900741577148 0.5415342450141907 train 92.0 0.3532142476737499 0.17355702698230743 0.17639995217323304 3.878529696521582e-06
    92.0    
0.15933924913406372 1.2366435527801514 0.549884557723999 train 93.0 0.35449466422200204 0.17412325054407118 0.17709473073482512 3.6085432384425076e-06
    93.0    
0.16823825240135193 1.2362850904464722 0.5444767475128174 train 94.0 0.3550296188890934 0.1742950612306595 0.1774643498659134 3.4772886010614457e-06
    94.0    
0.16248194873332977 1.252963662147522 0.543459415435791 train 95.0 0.3547946479916573 0.1742304417490959 0.17726644337177277 4.0235445339931175e-06
    95.0    
0.16500060260295868 1.2262895107269287 0.5424240231513977 train 96.0 0.3546681216359138 0.17420924693346024 0.17717790275812148 3.2138393635250395e-06
    96.0    
0.16903924942016602 1.2325958013534546 0.5445461869239807 train 97.0 0.35477367877960203 0.1741585633903742 0.17731377072632312 3.0066273666307097e-06
    97.0    
0.16858887672424316 1.2378746271133423 0.5520976185798645 train 98.0 0.35386780232191084 0.1737874796241522 0.17683580510318278 3.687087883008644e-06
    98.0    
0.17148466408252716 1.2287172079086304 0.5439448952674866 train 99.0 0.35378161415457726 0.17374019384384154 0.1767905206233263 3.126375759165967e-06
    99.0    
