Corr-Diag Corr-Full Corr-Swap Data Epoch Loss MMD-Full MMD-Swap Mean
0.2133752703666687 1.8323513269424438 0.5881075859069824 train 0.0 0.2546669062972069 0.13386628858745098 0.10815715178847313 4.1317423892905936e-05
    0.0    
0.2590314745903015 1.4666407108306885 0.5436398983001709 train 1.0 0.14456506110727788 0.07248356487601995 0.06853357683867216 3.119264147244394e-05
    1.0    
0.2763424813747406 1.2966116666793823 0.5203016996383667 train 2.0 0.13294363334774972 0.06622473124414682 0.06412984725087881 2.538959961384535e-05
    2.0    
0.28674986958503723 1.1978604793548584 0.49993088841438293 train 3.0 0.12781935501843691 0.06341734558343887 0.062264532539993526 2.4004350052564405e-05
    3.0    
0.29219552874565125 1.1516733169555664 0.48673734068870544 train 4.0 0.1251147685199976 0.06202933983877301 0.06123269086703658 2.4535298507544212e-05
    4.0    
0.2978273034095764 1.0892332792282104 0.4783530533313751 train 5.0 0.12360665831714869 0.06127696326002478 0.060651277713477614 2.0781013517989777e-05
    5.0    
0.3004343807697296 1.0561503171920776 0.4667209982872009 train 6.0 0.12265044160187244 0.06083645386621356 0.060270493887364864 2.051106457656715e-05
    6.0    
0.3017634153366089 1.011627197265625 0.46085307002067566 train 7.0 0.12146397687494755 0.06026232190430164 0.059772602785378694 1.824502214731183e-05
    7.0    
0.3028697669506073 0.9909299612045288 0.45384249091148376 train 8.0 0.12094777386635541 0.060033684857189656 0.059579622372984885 1.5666217223042622e-05
    8.0    
0.3022381067276001 0.9598093032836914 0.44772785902023315 train 9.0 0.12040525481104851 0.05981316616758704 0.05933751031756401 1.6570071238675155e-05
    9.0    
0.3017117977142334 0.943949818611145 0.43861618638038635 train 10.0 0.11971695866435766 0.05951034128665924 0.059019582793116566 1.5096413335413672e-05
    10.0    
0.299899697303772 0.9320642948150635 0.43449661135673523 train 11.0 0.11937738392502069 0.059368678685277704 0.058885958679020405 1.4936839761503506e-05
    11.0    
0.3012455701828003 0.9295860528945923 0.4298393726348877 train 12.0 0.11919089343398809 0.05930735716596246 0.05880785021930933 1.2953425539308228e-05
    12.0    
0.30028480291366577 0.9179043173789978 0.42492008209228516 train 13.0 0.11892554540187121 0.05917045433074236 0.058727367874234916 1.231382066180231e-05
    13.0    
0.30040043592453003 0.9213622212409973 0.4225076138973236 train 14.0 0.11858434431254863 0.059066810626536605 0.058527376502752304 1.2697760212176945e-05
    14.0    
0.2995362877845764 0.9250422120094299 0.4222312569618225 train 15.0 0.11845717959105968 0.058991545736789705 0.05850772196426988 1.1162540431541856e-05
    15.0    
0.29849115014076233 0.9396226406097412 0.42036426067352295 train 16.0 0.11890570759773254 0.05920191379263997 0.058769171312451365 1.1350403838150669e-05
    16.0    
0.3005107641220093 0.9586548805236816 0.41714945435523987 train 17.0 0.11861855641007424 0.05905992599204182 0.05864854849874973 1.1203642316104379e-05
    17.0    
0.30208510160446167 0.9876642227172852 0.42014583945274353 train 18.0 0.11827987365424633 0.05890509955585003 0.0584868148714304 8.346200047526509e-06
    18.0    
0.30162355303764343 1.0183002948760986 0.42343053221702576 train 19.0 0.11796593353152275 0.058738927710801365 0.05835598761215806 8.506466656399425e-06
    19.0    
0.30390968918800354 1.0563950538635254 0.42316141724586487 train 20.0 0.11812191937118768 0.05881388228386641 0.058451918307691815 9.179867447528522e-06
    20.0    
0.30322739481925964 1.0981520414352417 0.42370036244392395 train 21.0 0.11829651109874248 0.05890849506482482 0.05854470070451498 6.202029908308759e-06
    21.0    
0.3023868799209595 1.1416990756988525 0.4269874691963196 train 22.0 0.11786265287548303 0.05872242979705334 0.058315094355493785 7.406758413708303e-06
    22.0    
0.3041132986545563 1.1929279565811157 0.4307020902633667 train 23.0 0.11794851034879685 0.05873364344239235 0.05840153181925416 5.2684736147057265e-06
    23.0    
0.30472835898399353 1.250304102897644 0.4328380525112152 train 24.0 0.11764507360756397 0.05862100398167968 0.05822154669091106 5.76746606384404e-06
    24.0    
0.3045302927494049 1.3118747472763062 0.4377770721912384 train 25.0 0.11776484169065952 0.05865955429151654 0.058314575739204885 5.2005511861352716e-06
    25.0    
0.30354493856430054 1.3586946725845337 0.44040441513061523 train 26.0 0.11775522284209729 0.05866082618013024 0.0583115160651505 4.665425876737572e-06
    26.0    
0.30370721220970154 1.420237421989441 0.44385892152786255 train 27.0 0.11750293273478746 0.058553113453090194 0.05817923791706562 5.039933512307471e-06
    27.0    
0.3019074499607086 1.4789798259735107 0.4487030804157257 train 28.0 0.11758730474859476 0.05859471226111054 0.05823403805494309 5.04581703353324e-06
    28.0    
0.3031781315803528 1.5094181299209595 0.45066678524017334 train 29.0 0.11736926365643739 0.058479702658951284 0.0581414294987917 4.721928689832566e-06
    29.0    
0.30109718441963196 1.563373327255249 0.4556831121444702 train 30.0 0.11734346807003021 0.05848725851625204 0.05811437737196684 2.712613422772847e-06
    30.0    
0.3002435564994812 1.6051417589187622 0.4559187591075897 train 31.0 0.1173103591427207 0.05844426916912198 0.058132666535675524 3.655943146441132e-06
    31.0    
0.2991068363189697 1.644044280052185 0.4612206518650055 train 32.0 0.1171904093772173 0.05837019188329577 0.0580955932661891 5.168190000404138e-06
    32.0    
0.2981727719306946 1.6932183504104614 0.4674082398414612 train 33.0 0.11719382125884295 0.058387433420866726 0.05808593288064003 2.6213772343908204e-06
    33.0    
0.2967890202999115 1.7253443002700806 0.4675546884536743 train 34.0 0.1172251319885254 0.0583896179869771 0.05812570789828896 3.784842192544602e-06
    34.0    
0.2948950529098511 1.752334475517273 0.4723900258541107 train 35.0 0.11747535023838282 0.058521891124546525 0.05824674226343632 3.1616175419912906e-06
    35.0    
0.29415014386177063 1.7771258354187012 0.47228705883026123 train 36.0 0.11692074865102768 0.0582622279599309 0.057960775457322596 2.807729970299988e-06
    36.0    
0.29439911246299744 1.7961620092391968 0.4746590256690979 train 37.0 0.11727788981050252 0.05842620553448796 0.05816237548366189 4.439377335074823e-06
    37.0    
0.2907120883464813 1.821038842201233 0.4794203042984009 train 38.0 0.11694334208965301 0.05826115559786558 0.057995143570005896 3.6662859201896936e-06
    38.0    
0.29256150126457214 1.8434689044952393 0.4833710491657257 train 39.0 0.11723386164754629 0.05840848052874208 0.05814315814524889 2.3263080493052257e-06
    39.0    
0.2903566360473633 1.866618275642395 0.4855485260486603 train 40.0 0.11719760194420814 0.058401532266289 0.058118748106062414 3.4624922591319773e-06
    40.0    
0.2899903953075409 1.867452621459961 0.4860842823982239 train 41.0 0.1168871035054326 0.05823025530204177 0.0579836966842413 3.1021943414089037e-06
    41.0    
0.28808102011680603 1.8898792266845703 0.48942556977272034 train 42.0 0.11703497398644686 0.05828985042870045 0.058077740930020806 3.3797500691434834e-06
    42.0    
0.2859601676464081 1.8900387287139893 0.49223557114601135 train 43.0 0.11682075008749962 0.05820650508627295 0.05795110136270523 5.688589681085432e-06
    43.0    
0.28573188185691833 1.9056079387664795 0.49083441495895386 train 44.0 0.11677210595458747 0.05814659250900149 0.05796692969277501 4.149229425820522e-06
    44.0    
0.2851095497608185 1.9099935293197632 0.4938632547855377 train 45.0 0.11658663503825664 0.05807390183210373 0.05785559086129069 3.845028004434425e-06
    45.0    
0.28374022245407104 1.9176301956176758 0.4937693178653717 train 46.0 0.1167686841264367 0.05816699178889394 0.05794879646971822 3.7057609461044194e-06
    46.0    
0.282981276512146 1.9077110290527344 0.495637983083725 train 47.0 0.11646283861249686 0.05803214892745018 0.05778334746137261 2.8224592369952006e-06
    47.0    
0.2797388732433319 1.912716269493103 0.49631962180137634 train 48.0 0.11659386657178401 0.058056856226176026 0.05789002077654004 3.461335381871322e-06
    48.0    
0.2814725339412689 1.9171589612960815 0.4983009099960327 train 49.0 0.1166832097619772 0.05812666976824403 0.05790977405384183 2.9480120247171726e-06
    49.0    
0.2777208685874939 1.9115712642669678 0.4982610046863556 train 50.0 0.1166317617893219 0.058104872070252896 0.057885769363492726 2.9080424610583577e-06
    50.0    
0.27861014008522034 1.913057804107666 0.4997718036174774 train 51.0 0.11652250118553638 0.058037890139967206 0.05784752024337649 2.0560426037263824e-06
    51.0    
0.27636027336120605 1.9089139699935913 0.4982481300830841 train 52.0 0.11658520143479109 0.058070736117661 0.05788044249638915 2.748132374108536e-06
    52.0    
0.27575960755348206 1.909521222114563 0.5005427598953247 train 53.0 0.11651305969804525 0.058018174692988395 0.05786493521183729 3.4636389045772376e-06
    53.0    
0.2740413248538971 1.9000155925750732 0.4999105930328369 train 54.0 0.11666096363216638 0.058100476153194906 0.05793241884559393 3.5180703434889438e-06
    54.0    
0.2734562158584595 1.9047852754592896 0.5032592415809631 train 55.0 0.11638004049658775 0.05796163832768798 0.05779268393293023 2.629932623676723e-06
    55.0    
0.27063238620758057 1.9083505868911743 0.50112384557724 train 56.0 0.11640238918364049 0.05797872465103865 0.05780133757740259 4.085096861672355e-06
    56.0    
0.2723630964756012 1.9114068746566772 0.5050743818283081 train 57.0 0.11610328029841184 0.05780534377321601 0.05767645364627242 3.446329401413095e-06
    57.0    
0.2698960304260254 1.9059759378433228 0.5052437782287598 train 58.0 0.11598520264029503 0.05776463028043508 0.05760309910401702 4.554026418190915e-06
    58.0    
0.26796141266822815 1.9047356843948364 0.5047671794891357 train 59.0 0.11641808059066534 0.05796237697824836 0.057840113434940575 2.938063744295505e-06
    59.0    
0.26829686760902405 1.9034714698791504 0.5046885013580322 train 60.0 0.11651894856244326 0.058003781009465454 0.057900288850069044 3.1184329145617085e-06
    60.0    
0.267229288816452 1.9088268280029297 0.5054228901863098 train 61.0 0.11604784175753594 0.057751897033303974 0.05768672451376915 3.6788048873859225e-06
    61.0    
0.26638519763946533 1.9124863147735596 0.505806028842926 train 62.0 0.11608063671737909 0.05778119383379817 0.05768789058551192 3.7480656374100363e-06
    62.0    
0.26554301381111145 1.9163411855697632 0.5040649175643921 train 63.0 0.11629998546093702 0.057888024933636185 0.05780386531725526 3.0228457035264e-06
    63.0    
0.2647862136363983 1.91240656375885 0.5049488544464111 train 64.0 0.11611891105771065 0.05779460282996297 0.05771689437329769 3.8525172385561746e-06
    64.0    
0.2611580491065979 1.9079715013504028 0.5013904571533203 train 65.0 0.11644125670194626 0.05795622205361724 0.05787781074643135 2.5337292299809633e-06
    65.0    
0.2607243061065674 1.9125694036483765 0.5001194477081299 train 66.0 0.11639055535197258 0.05790387734770775 0.05788064492866397 2.243405333501869e-06
    66.0    
0.26133203506469727 1.9170513153076172 0.5024954676628113 train 67.0 0.1160701296105981 0.05775496855378151 0.05771109912544489 3.0948122002882883e-06
    67.0    
0.26063069701194763 1.9145159721374512 0.5005656480789185 train 68.0 0.11607092659920454 0.05775394503027201 0.057714419085532424 2.670136154847569e-06
    68.0    
0.2601246237754822 1.914940595626831 0.5010554790496826 train 69.0 0.11604653470218182 0.05775770859792829 0.05768850810825825 3.0615881314588478e-06
    69.0    
0.2561565935611725 1.916543960571289 0.4956773519515991 train 70.0 0.11627444908022881 0.05787623615935445 0.05779689971357584 4.913604698231211e-06
    70.0    
0.25673386454582214 1.9192088842391968 0.4996960163116455 train 71.0 0.11579386964440345 0.05761207172647118 0.05758210306987167 3.6725873542309273e-06
    71.0    
0.2577193081378937 1.920096755027771 0.4994087815284729 train 72.0 0.11583146680146456 0.05765020659193396 0.05758263165131211 3.950633981730789e-06
    72.0    
0.258391410112381 1.9228649139404297 0.4976390600204468 train 73.0 0.11589129030704498 0.05768162636086345 0.057613668013364074 3.142251898680115e-06
    73.0    
0.256081223487854 1.9201494455337524 0.49738457798957825 train 74.0 0.11624829966574907 0.057825037334114315 0.05782731523737311 3.402547690711799e-06
    74.0    
0.2539222538471222 1.919952392578125 0.49713781476020813 train 75.0 0.11585354279726744 0.057648953143507244 0.05761145582422614 2.8357626433717087e-06
    75.0    
0.25631242990493774 1.9195438623428345 0.49367210268974304 train 76.0 0.11574229884892702 0.05758111361414194 0.05756756544113159 2.2023937162884977e-06
    76.0    
0.2539694905281067 1.9143028259277344 0.49212414026260376 train 77.0 0.11565580364316702 0.057560998424887655 0.05750299276784063 3.366616283528856e-06
    77.0    
0.254521906375885 1.919318437576294 0.4950670003890991 train 78.0 0.11611078191548586 0.057743358369916675 0.05777449544519186 5.6251392379635945e-06
    78.0    
0.25362855195999146 1.918366551399231 0.4955727756023407 train 79.0 0.11605816077440977 0.05774740250781178 0.05771840695291758 3.641478997451486e-06
    79.0    
0.25199368596076965 1.9153610467910767 0.49240642786026 train 80.0 0.11585396934300661 0.057608867567032575 0.05765412300825119 2.0052909803780494e-06
    80.0    
0.2534174919128418 1.9189575910568237 0.4948044717311859 train 81.0 0.11586896274238825 0.057651568073779344 0.05762360623106361 4.591808192344615e-06
    81.0    
0.2519448399543762 1.9172831773757935 0.49482065439224243 train 82.0 0.1159715634956956 0.05769463485106826 0.057684710323810576 2.8516258225863567e-06
    82.0    
0.2507703900337219 1.9102507829666138 0.4928611218929291 train 83.0 0.11603852823376655 0.05774206338450313 0.05770417127758264 3.065113560296595e-06
    83.0    
0.2508358657360077 1.9115691184997559 0.49325957894325256 train 84.0 0.11589692909270526 0.05763409361243248 0.05766907410696149 3.078573854509159e-06
    84.0    
0.25244417786598206 1.9054466485977173 0.4912279546260834 train 85.0 0.11598252695053816 0.057686312682926656 0.057704357486218216 1.9040525103264372e-06
    85.0    
0.25110769271850586 1.9076979160308838 0.4878312349319458 train 86.0 0.11584446918219328 0.05760042795911431 0.057654662430286406 3.1488998502027243e-06
    86.0    
0.2476799190044403 1.9081361293792725 0.48545554280281067 train 87.0 0.11606567420065403 0.05773457707837224 0.05773916499689222 4.001275556220207e-06
    87.0    
0.249679833650589 1.9021342992782593 0.4860469400882721 train 88.0 0.11590822339057923 0.057643010672181846 0.057675500735640525 3.2786792871775106e-06
    88.0    
0.24943861365318298 1.9038538932800293 0.4841751754283905 train 89.0 0.11593178279697895 0.057663426958024504 0.05768002439290285 4.922124389850069e-06
    89.0    
0.24746839702129364 1.896605372428894 0.48365461826324463 train 90.0 0.11604661371558905 0.05771661950275302 0.05773821605369449 3.2130753879755503e-06
    90.0    
0.2510504126548767 1.8945392370224 0.48818710446357727 train 91.0 0.11587629288434982 0.057616466172039506 0.05767187587916851 2.4888556708901888e-06
    91.0    
0.2493698000907898 1.8926849365234375 0.48718690872192383 train 92.0 0.11555571585893631 0.05744104081764817 0.05752889584749937 2.6854472707782406e-06
    92.0    
0.25060972571372986 1.890884280204773 0.48509663343429565 train 93.0 0.11567721355706453 0.057523298691958186 0.05756881602108479 3.1879139896773268e-06
    93.0    
0.25098955631256104 1.8865920305252075 0.48607099056243896 train 94.0 0.11588190827518702 0.0576283978484571 0.05766522532328963 3.6694771097245393e-06
    94.0    
0.24715745449066162 1.8793147802352905 0.48048487305641174 train 95.0 0.11587865848094225 0.057621606551110746 0.057670175340026615 2.6868856366490945e-06
    95.0    
0.2485719919204712 1.8795075416564941 0.4837755262851715 train 96.0 0.11566629566252232 0.05751014608889818 0.05757073907181621 3.842363184958231e-06
    96.0    
0.25008565187454224 1.8784997463226318 0.4817686378955841 train 97.0 0.11555319752544164 0.05748218979686499 0.05748758554458618 2.6481154691282427e-06
    97.0    
0.25110870599746704 1.873198390007019 0.4849335551261902 train 98.0 0.11581013228744269 0.057576262336224315 0.05764986027032137 2.4913065317377914e-06
    98.0    
0.24963168799877167 1.863837718963623 0.48210522532463074 train 99.0 0.1156923844665289 0.05753280395641923 0.05757440427318215 3.117029109489522e-06
    99.0    
