Corr-Diag Corr-Full Corr-Swap Data Epoch Loss MMD-Full MMD-Swap Mean
0.09926459938287735 1.724621057510376 0.5678092241287231 train 0.0 1.8637618350982665 0.13150052476674318 0.1103528681769967 4.774581975652836e-05
    0.0    
0.14331281185150146 1.5424915552139282 0.5435104966163635 train 1.0 0.9203968051075936 0.10412456326186657 0.0923668959736824 8.466325380140916e-05
    1.0    
0.16949012875556946 1.4146448373794556 0.5154147148132324 train 2.0 0.7577206215262413 0.09148649673908948 0.08376246757805347 3.991258563473821e-05
    2.0    
0.18639038503170013 1.3850699663162231 0.4997991621494293 train 3.0 0.6652439698576927 0.08358682621270418 0.07826356798410415 2.8017286240356043e-05
    3.0    
0.19757425785064697 1.3376796245574951 0.4929003119468689 train 4.0 0.6130683562159538 0.08026070397347213 0.07555100999772549 2.3029448129818775e-05
    4.0    
0.20369179546833038 1.3670108318328857 0.48897165060043335 train 5.0 0.5678565986454487 0.07728437818586827 0.07323981530964374 3.693223698064685e-05
    5.0    
0.20906034111976624 1.332284688949585 0.48485028743743896 train 6.0 0.534083459675312 0.07544836547225714 0.0717663760855794 2.2087537217885256e-05
    6.0    
0.2126709520816803 1.3511707782745361 0.4777245819568634 train 7.0 0.5082103052735328 0.07414944082498551 0.07078777719289064 2.9992315830895677e-05
    7.0    
0.2170347273349762 1.3802410364151 0.4773247241973877 train 8.0 0.4973197065293789 0.07347987964749336 0.07021262317895889 2.3118225726648234e-05
    8.0    
0.21926946938037872 1.3834199905395508 0.4726013243198395 train 9.0 0.4796703435480595 0.07244865398854017 0.06947936821728945 2.4737924832152203e-05
    9.0    
0.22206991910934448 1.3661537170410156 0.4703157842159271 train 10.0 0.46028348997235297 0.07144317217171192 0.06880426581948995 2.2269688997766934e-05
    10.0    
0.22538216412067413 1.391843557357788 0.4692176580429077 train 11.0 0.44683185979723933 0.07049597758799792 0.06811034366488457 1.2185656487417873e-05
    11.0    
0.22809819877147675 1.389785647392273 0.46261730790138245 train 12.0 0.4369752098619938 0.07016182146966457 0.06765466917306184 1.0289989404554944e-05
    12.0    
0.22860264778137207 1.3884159326553345 0.4694162905216217 train 13.0 0.42330557480454445 0.06972787003964186 0.06741851735860109 1.5593142961733975e-05
    13.0    
0.22925503551959991 1.438768744468689 0.45944643020629883 train 14.0 0.41966353192925454 0.06945246674120426 0.06725929073989391 1.2498154319473542e-05
    14.0    
0.23023241758346558 1.4576336145401 0.45732587575912476 train 15.0 0.4102219343185425 0.06902031522244215 0.06683369971811771 1.637657442188356e-05
    15.0    
0.2320873737335205 1.4929656982421875 0.448994904756546 train 16.0 0.4025027398765087 0.06860713813453913 0.06652729038149119 1.0283084520779084e-05
    16.0    
0.2325175702571869 1.5102826356887817 0.4539680480957031 train 17.0 0.39716729894280434 0.0680481981113553 0.06613231658935546 1.1936038390558679e-05
    17.0    
0.23380613327026367 1.4633885622024536 0.4491780698299408 train 18.0 0.39856439918279646 0.06792322773486376 0.06601537760347127 1.4452677532972302e-05
    18.0    
0.2348526120185852 1.4757208824157715 0.4488622844219208 train 19.0 0.3842871323227882 0.06776097632944583 0.06576098445802928 1.278165200346848e-05
    19.0    
0.23444901406764984 1.5065375566482544 0.44740504026412964 train 20.0 0.38331218659877775 0.06745373826473951 0.06550400830805302 1.086305383068975e-05
    20.0    
0.23566888272762299 1.4999620914459229 0.4489474296569824 train 21.0 0.3828831948339939 0.06706824421882629 0.06534755889326334 1.4152261428534985e-05
    21.0    
0.23436596989631653 1.476399540901184 0.44990310072898865 train 22.0 0.37561271399259566 0.06693132638931275 0.06518640296533704 1.3185011994210072e-05
    22.0    
0.235936239361763 1.4765090942382812 0.4463539123535156 train 23.0 0.3677348592877388 0.06673025369644164 0.0649633709155023 7.687877769058105e-06
    23.0    
0.23702000081539154 1.44733726978302 0.4501829147338867 train 24.0 0.36962449744343756 0.06662758231163025 0.06480698902159929 1.6435551515314728e-05
    24.0    
0.23676253855228424 1.424377202987671 0.4484318196773529 train 25.0 0.35926011741161346 0.06640904307365418 0.06454406995326281 1.3389246305450797e-05
    25.0    
0.23657651245594025 1.4679285287857056 0.4465293288230896 train 26.0 0.36415891855955124 0.06621985994279385 0.06448118470609188 1.4671840290247928e-05
    26.0    
0.23705260455608368 1.4167758226394653 0.4466609060764313 train 27.0 0.36011103317141535 0.06602999042719603 0.06426914971321822 1.1303141945973039e-05
    27.0    
0.23665791749954224 1.4413005113601685 0.4489700198173523 train 28.0 0.35689435407519343 0.06605973564088345 0.0644278127513826 1.0914889571722597e-05
    28.0    
0.23746758699417114 1.4173974990844727 0.4438902735710144 train 29.0 0.3599786794185638 0.06589793547987938 0.06409850595518947 1.544404585729353e-05
    29.0    
0.23637725412845612 1.3969089984893799 0.446069598197937 train 30.0 0.35449967712163927 0.06569190341979265 0.06395205780863762 1.2512864486780018e-05
    30.0    
0.23683510720729828 1.4287042617797852 0.4433939754962921 train 31.0 0.35081119045615194 0.06555480822920799 0.06389262756332754 1.1881965292559471e-05
    31.0    
0.23632100224494934 1.3723628520965576 0.4425123929977417 train 32.0 0.3545713821053505 0.06530511908233166 0.06362329402938485 1.114772203436587e-05
    32.0    
0.236756831407547 1.3754059076309204 0.4441601634025574 train 33.0 0.343741709291935 0.06509758397936821 0.06353185698390007 1.095529933081707e-05
    33.0    
0.23639357089996338 1.3409827947616577 0.4448520839214325 train 34.0 0.34752423614263533 0.06517018608748913 0.06358438888564706 9.83972040558001e-06
    34.0    
0.236673042178154 1.3754171133041382 0.4479159712791443 train 35.0 0.33951064944267273 0.06489488657563924 0.06323920926079155 1.0243593351333402e-05
    35.0    
0.23612554371356964 1.414544939994812 0.4454347789287567 train 36.0 0.3402734635770321 0.06493650514632464 0.06334456413984299 8.456920113530941e-06
    36.0    
0.2365880012512207 1.4082739353179932 0.4438473582267761 train 37.0 0.34541591435670854 0.06502102132886649 0.06340721087530256 9.39945130085107e-06
    37.0    
0.23686395585536957 1.4042414426803589 0.44366922974586487 train 38.0 0.3400577326118946 0.06488970883190631 0.0633017354272306 1.0118907994183246e-05
    38.0    
0.23685050010681152 1.4567204713821411 0.44262534379959106 train 39.0 0.33652655124664305 0.06472829643636942 0.06314626285806298 1.0612272490106989e-05
    39.0    
0.2356126308441162 1.4556676149368286 0.4438782036304474 train 40.0 0.3399070480465889 0.06466018931940198 0.0630358825623989 9.608949767425656e-06
    40.0    
0.2357708215713501 1.4930739402770996 0.4433465301990509 train 41.0 0.3380418290197849 0.06468435939401389 0.0631335479207337 1.1954541150771547e-05
    41.0    
0.23667390644550323 1.467965841293335 0.4406801164150238 train 42.0 0.3371402084827423 0.0646214946359396 0.06300734242424369 7.610560260218335e-06
    42.0    
0.23712019622325897 1.4858793020248413 0.44257545471191406 train 43.0 0.3349079668521881 0.06441946171224117 0.06291341042146087 1.4151996765576769e-05
    43.0    
0.23658308386802673 1.5217106342315674 0.43818140029907227 train 44.0 0.333293349891901 0.06439456267282367 0.06288387235254049 1.3757770830125082e-05
    44.0    
0.23805886507034302 1.458001971244812 0.4392107129096985 train 45.0 0.3363062132894993 0.06430078880861402 0.06278695346787572 9.189642696583178e-06
    45.0    
0.23687651753425598 1.4126527309417725 0.43906569480895996 train 46.0 0.3348323276638985 0.06409009654074907 0.06266428150236607 1.0953197488561273e-05
    46.0    
0.23849107325077057 1.4765301942825317 0.43589943647384644 train 47.0 0.33042778834700587 0.06387372946366668 0.06250862702727318 8.04192586656427e-06
    47.0    
0.23862189054489136 1.4296742677688599 0.4382566809654236 train 48.0 0.32983927100896837 0.06379312347620726 0.06247242160141468 6.897410003148252e-06
    48.0    
0.23790085315704346 1.369774341583252 0.44088447093963623 train 49.0 0.3352087816596031 0.06368664752691984 0.06237158903852105 1.587736733199563e-05
    49.0    
