Corr-Diag Corr-Full Corr-Swap Data Epoch Loss MMD-Full MMD-Swap Mean
0.228293314576149 1.0816978216171265 0.5777953267097473 train 0.0 0.22665977872908116 0.11496203638613224 0.10344573933631182 1.9647282897494733e-05
    0.0    
0.265615314245224 0.8663443922996521 0.518423855304718 train 1.0 0.1740936990827322 0.08598067119717598 0.08564103927463293 1.5058171811688226e-05
    1.0    
0.2838519811630249 0.7910676002502441 0.49120965600013733 train 2.0 0.16879196226596832 0.08339131589978933 0.08364031977951526 1.24653524835594e-05
    2.0    
0.2937304675579071 0.7467676401138306 0.4740004539489746 train 3.0 0.1669305358082056 0.08259705021977425 0.08284736450761557 1.1203737813048065e-05
    3.0    
0.300637423992157 0.7323596477508545 0.4619397819042206 train 4.0 0.1656699652224779 0.0820501646399498 0.08230252470821142 9.501653948973399e-06
    4.0    
0.3037668764591217 0.7275248765945435 0.45340314507484436 train 5.0 0.1650847367197275 0.08181505899876357 0.08206555474549532 8.638441613584291e-06
    5.0    
0.3056753873825073 0.7327461242675781 0.442489355802536 train 6.0 0.1646580085903406 0.081654232442379 0.08187987323850393 7.322808869503206e-06
    6.0    
0.30607327818870544 0.7499136924743652 0.4389471113681793 train 7.0 0.16444752655923367 0.08157366216182708 0.08180317681282759 6.488115559477592e-06
    7.0    
0.3038821220397949 0.780500590801239 0.43471571803092957 train 8.0 0.16384881734848022 0.08130084831267595 0.08152086321264505 5.42352154297987e-06
    8.0    
0.30754998326301575 0.8271653056144714 0.42887333035469055 train 9.0 0.16420166105031966 0.08148242402821779 0.08172122545540333 4.044133220304502e-06
    9.0    
0.30156275629997253 0.8800663948059082 0.42504194378852844 train 10.0 0.16379103496670722 0.0812813200429082 0.08153512071818113 3.2963923786155647e-06
    10.0    
0.30445507168769836 0.9272178411483765 0.4272405803203583 train 11.0 0.16343112796545028 0.08111661829054356 0.08136109061539173 3.009835154443863e-06
    11.0    
0.30619916319847107 0.9708370566368103 0.4208700358867645 train 12.0 0.16334767863154412 0.0811015035957098 0.08131205327808858 2.4919056613725843e-06
    12.0    
0.30538010597229004 1.0295754671096802 0.42109251022338867 train 13.0 0.16326789751648904 0.08103241890668869 0.08131575584411621 1.890355065370386e-06
    13.0    
0.3079642951488495 1.0727523565292358 0.4160812199115753 train 14.0 0.16341376297175883 0.08108921147882939 0.0814237405732274 1.6309194279529038e-06
    14.0    
0.303379088640213 1.1248962879180908 0.415515661239624 train 15.0 0.16283051677048208 0.08084071014076472 0.08109537232667208 1.1373711004125653e-06
    15.0    
0.30417734384536743 1.180267572402954 0.41670823097229004 train 16.0 0.16316728599369526 0.08100522913038731 0.0812758694216609 1.1290081829429255e-06
    16.0    
0.30445462465286255 1.229859709739685 0.4162907898426056 train 17.0 0.1631466671079397 0.08096925739198924 0.08130117982625962 9.569007488607895e-07
    17.0    
0.30356156826019287 1.2315317392349243 0.41677558422088623 train 18.0 0.16309586219489575 0.08096798192709684 0.08125271253287793 1.0031475312644034e-06
    18.0    
0.3002318739891052 1.2895445823669434 0.4164305031299591 train 19.0 0.16293374851346015 0.08084959771484136 0.0812201414629817 9.763115258465405e-07
    19.0    
0.30040693283081055 1.3013744354248047 0.41568413376808167 train 20.0 0.16284551724791527 0.080786896571517 0.08119487721472979 9.882753602141747e-07
    20.0    
0.29969510436058044 1.342189073562622 0.41526564955711365 train 21.0 0.1622371830046177 0.08051956005394459 0.08086811192333698 8.741171768633649e-07
    21.0    
0.2994767427444458 1.3596326112747192 0.41561153531074524 train 22.0 0.16277694948017596 0.0807694759964943 0.08115573804825545 1.3310502708918648e-06
    22.0    
0.2962144911289215 1.3727368116378784 0.41408678889274597 train 23.0 0.1625028444081545 0.08062622748315335 0.08103237122297287 1.2910792293041595e-06
    23.0    
0.2953074872493744 1.3965508937835693 0.4176962077617645 train 24.0 0.16240477107465268 0.08057875882834196 0.08098283853381873 1.1804529549408471e-06
    24.0    
0.2952193319797516 1.4199013710021973 0.42081573605537415 train 25.0 0.16253820165991784 0.08064324028789997 0.08104804828763008 1.4449523177972878e-06
    25.0    
0.2947643995285034 1.4382398128509521 0.4183511435985565 train 26.0 0.1622169204056263 0.08045827005058527 0.08092461917549372 1.4924544302630238e-06
    26.0    
0.2936011254787445 1.470598816871643 0.4218750596046448 train 27.0 0.1620056090503931 0.08037311218678951 0.08079839296638966 1.3392826758718002e-06
    27.0    
0.2941671907901764 1.481486201286316 0.42241427302360535 train 28.0 0.16231661565601826 0.08050413958728314 0.08097916018217802 1.6815935168779106e-06
    28.0    
0.2930169701576233 1.4945732355117798 0.4264236390590668 train 29.0 0.16217682942748068 0.08045444119721651 0.08088942356407643 1.8049557866106625e-06
    29.0    
0.2915523052215576 1.5016180276870728 0.4252801239490509 train 30.0 0.16190939374268054 0.08033705096691847 0.0807437427341938 2.1656280750903534e-06
    30.0    
0.283240407705307 1.500388264656067 0.42558154463768005 train 31.0 0.16233875334262848 0.08050341133028269 0.08100186821073294 2.0518571091088234e-06
    31.0    
0.28350701928138733 1.525650978088379 0.42498165369033813 train 32.0 0.16231106400489806 0.08049903724342584 0.08097268987447023 2.3467823666578624e-06
    32.0    
0.2802150845527649 1.5380462408065796 0.42151322960853577 train 33.0 0.16242810487747192 0.08055490460246802 0.08103148974478244 1.8902459260061732e-06
    33.0    
0.2791166603565216 1.540561556816101 0.4243362843990326 train 34.0 0.16192291848361492 0.08029408317059278 0.08079537283629179 2.478884880474652e-06
    34.0    
0.2788528800010681 1.5371720790863037 0.4248657524585724 train 35.0 0.16180665262043475 0.08023378167301416 0.08073731128126382 2.4347280032088747e-06
    35.0    
0.2784274220466614 1.550872802734375 0.4238227605819702 train 36.0 0.16196729935705662 0.08030330438166856 0.08082979593425989 2.694027216421091e-06
    36.0    
0.2733290195465088 1.5510058403015137 0.42113664746284485 train 37.0 0.16206583805382252 0.08033535793423653 0.08089746721088886 2.999843673023861e-06
    37.0    
0.27731311321258545 1.5514775514602661 0.4264001250267029 train 38.0 0.16184562727808952 0.08023842714726925 0.08076895151287317 2.753329454208142e-06
    38.0    
0.2741462290287018 1.5451501607894897 0.4266999363899231 train 39.0 0.16142123728990554 0.08002642542123795 0.08056096371263266 3.57224280378432e-06
    39.0    
0.27138152718544006 1.5565556287765503 0.4239869713783264 train 40.0 0.16172178745269775 0.08015809275209904 0.08073258806020021 2.538901981097297e-06
    40.0    
0.2695320248603821 1.5589666366577148 0.42096927762031555 train 41.0 0.16192401878535748 0.08026523735374212 0.0808221024647355 3.121399231531541e-06
    41.0    
0.263833224773407 1.5522748231887817 0.42162734270095825 train 42.0 0.16224691838026048 0.08041638284921646 0.0809869447723031 2.83279314317042e-06
    42.0    
0.2652246356010437 1.5564237833023071 0.42014092206954956 train 43.0 0.16159412004053592 0.08008785080164671 0.08065799668431282 2.3942211555549875e-06
    43.0    
0.2621784508228302 1.5446579456329346 0.42163923382759094 train 44.0 0.16187402620911598 0.08022621471434832 0.08079694271087647 2.090213229166693e-06
    44.0    
0.26105940341949463 1.5496093034744263 0.42058032751083374 train 45.0 0.16132930256426334 0.07993152342736722 0.08055310167372226 2.104605755448574e-06
    45.0    
0.26000943779945374 1.5512912273406982 0.41525909304618835 train 46.0 0.1618713613599539 0.08016440540552139 0.08085663191974163 1.5013234815342003e-06
    46.0    
0.258684903383255 1.5464425086975098 0.41569823026657104 train 47.0 0.1619185572862625 0.08020507678389549 0.0808582416176796 2.375728627157514e-06
    47.0    
0.25814807415008545 1.545762062072754 0.4207976460456848 train 48.0 0.16162030562758445 0.08006906297057867 0.08069837663322688 2.3162708657764597e-06
    48.0    
0.2585432827472687 1.5493419170379639 0.41521933674812317 train 49.0 0.16128552563488482 0.0798898345604539 0.08054698016494513 1.8712413520916016e-06
    49.0    
