Corr-Diag Corr-Full Corr-Swap Data Epoch Loss MMD-Full MMD-Swap Mean
0.2155374139547348 1.9087319374084473 0.6117937564849854 train 0.0 0.26886826395988467 0.1423429811373353 0.1138961336389184 1.4601464499719441e-05
    0.0    
0.2602726221084595 1.5482360124588013 0.5608153939247131 train 1.0 0.14652653999626636 0.07458121806383133 0.06897160328924656 6.802823463658569e-06
    1.0    
0.2733888328075409 1.3332269191741943 0.5374085307121277 train 2.0 0.1323485390096903 0.06650792650878429 0.0640737228281796 6.066687546990579e-06
    2.0    
0.2812107801437378 1.218604564666748 0.5232951641082764 train 3.0 0.1274092561751604 0.06380943547934294 0.06222175965085626 6.343846962408861e-06
    3.0    
0.2817653715610504 1.1388579607009888 0.5145548582077026 train 4.0 0.1249380399659276 0.0624932936951518 0.061275657080113885 3.4546781080280198e-06
    4.0    
0.2798904478549957 1.0938173532485962 0.506875216960907 train 5.0 0.12303463246673346 0.06142733082175255 0.0605917146243155 3.949861820728984e-06
    5.0    
0.27919015288352966 1.0729010105133057 0.49902892112731934 train 6.0 0.12206558536738157 0.060872783903032544 0.06028141131624579 4.671137048717355e-06
    6.0    
0.2784731090068817 1.0480079650878906 0.4954838752746582 train 7.0 0.12079451330006123 0.06022378142923117 0.05973187966272235 3.677374479593709e-06
    7.0    
0.2743435502052307 1.036655306816101 0.49055126309394836 train 8.0 0.12047260761260986 0.060040000919252635 0.059645114559680225 2.673194785529631e-06
    8.0    
0.27205151319503784 1.0315874814987183 0.4875045120716095 train 9.0 0.11986015006899833 0.059740192126482725 0.059374837446957825 4.542811893770704e-06
    9.0    
0.26754623651504517 1.0271626710891724 0.4854559004306793 train 10.0 0.11913193210959434 0.05939365103840828 0.05902596214786172 3.244751951569924e-06
    10.0    
0.2640286386013031 1.015595555305481 0.4842643737792969 train 11.0 0.1187869731709361 0.0592219383828342 0.05888031950220465 2.422900024612318e-06
    11.0    
0.2590223252773285 1.0109444856643677 0.48104581236839294 train 12.0 0.11878924507647753 0.05921840419992805 0.058905835151672366 3.770927378354827e-06
    12.0    
0.25621941685676575 1.0078359842300415 0.479661226272583 train 13.0 0.11826865572482348 0.05895491125062108 0.05866719339042902 3.6367480333865387e-06
    13.0    
0.25341951847076416 0.9987448453903198 0.47725099325180054 train 14.0 0.11819980774074793 0.05891246417537332 0.05865418201312423 2.5902188554027816e-06
    14.0    
0.24938471615314484 0.998830258846283 0.47879400849342346 train 15.0 0.11797351859509946 0.0587973353266716 0.05855268646031618 2.784735215755063e-06
    15.0    
0.24530960619449615 1.0015387535095215 0.4766613841056824 train 16.0 0.11756659984588623 0.05860693441703915 0.05834483429789543 2.907594307544059e-06
    16.0    
0.24097925424575806 1.0124987363815308 0.4782696068286896 train 17.0 0.11771243788301945 0.05866660730913281 0.0584371792525053 3.5338555335329147e-06
    17.0    
0.2410506159067154 1.0145184993743896 0.4759395718574524 train 18.0 0.11764521595090628 0.05864080432802439 0.05840029178187251 3.1637007396057015e-06
    18.0    
0.23767134547233582 1.0147764682769775 0.4767347276210785 train 19.0 0.11738312344998121 0.05851346096023917 0.05826801970601082 3.226040007575648e-06
    19.0    
0.23404859006404877 1.0251901149749756 0.47596997022628784 train 20.0 0.11767269406467676 0.05863622583448887 0.058435096610337495 2.375276153543382e-06
    20.0    
0.2326231598854065 1.0370965003967285 0.47600460052490234 train 21.0 0.11740453664213418 0.058489737398922444 0.058317569978535176 3.6207718494551955e-06
    21.0    
0.23002038896083832 1.0378061532974243 0.4770625829696655 train 22.0 0.11751074384897947 0.05853517595678568 0.05837835403159261 3.900409410562133e-06
    22.0    
0.23031866550445557 1.0398927927017212 0.4777708053588867 train 23.0 0.11757312051951885 0.05859212083742023 0.0583828285895288 3.6736673791892827e-06
    23.0    
0.22671186923980713 1.0550742149353027 0.4801828861236572 train 24.0 0.11719905409961939 0.05840161297470331 0.05820546692237258 3.844058937829686e-06
    24.0    
0.2245805412530899 1.0558918714523315 0.477895051240921 train 25.0 0.11735878724604845 0.05848246851935983 0.058283519372344016 3.0835269626550144e-06
    25.0    
0.22457924485206604 1.0681374073028564 0.48049303889274597 train 26.0 0.11725742407143117 0.058409022148698565 0.058258322216570374 2.9990092116349842e-06
    26.0    
0.22149690985679626 1.0790326595306396 0.4812193810939789 train 27.0 0.11713949602097273 0.058356049843132494 0.058195949625223876 3.044337518076645e-06
    27.0    
0.22101958096027374 1.0861645936965942 0.48013925552368164 train 28.0 0.11704988367855548 0.05831480922177434 0.05814676150679588 2.6957986847264692e-06
    28.0    
0.21773862838745117 1.087902307510376 0.481058806180954 train 29.0 0.117228824198246 0.05840071979910135 0.058239061012864114 2.076450755339465e-06
    29.0    
0.2174818515777588 1.0915871858596802 0.47893306612968445 train 30.0 0.11720731098204851 0.058371803537011144 0.05824975138530135 3.982118414569413e-06
    30.0    
0.21674895286560059 1.1061657667160034 0.4815250337123871 train 31.0 0.11708277724683284 0.05830493621528149 0.05819199712947011 3.795573093157145e-06
    31.0    
0.21424542367458344 1.1031602621078491 0.4808119833469391 train 32.0 0.11685578301548957 0.058190718814730646 0.058080695495009424 2.4414819108642405e-06
    32.0    
0.21310918033123016 1.1144895553588867 0.48119381070137024 train 33.0 0.11676559265702963 0.058148869313299656 0.05803692394867539 4.158813226240454e-06
    33.0    
0.20987363159656525 1.1238819360733032 0.48191455006599426 train 34.0 0.1173091135174036 0.05840732434764504 0.05831858636811375 3.1094211863091914e-06
    34.0    
0.20653651654720306 1.1238466501235962 0.4824175536632538 train 35.0 0.11700037378817797 0.058251416478306055 0.05816842840984464 2.8165602543595014e-06
    35.0    
0.20801010727882385 1.1334034204483032 0.4828673005104065 train 36.0 0.11691743176430464 0.05820525549352169 0.05813411148265004 2.6749592052510707e-06
    36.0    
0.2056530863046646 1.144787311553955 0.4812397360801697 train 37.0 0.11664178851991892 0.058066325336694716 0.05799778463318944 1.9863043689838378e-06
    37.0    
0.20333737134933472 1.1441131830215454 0.48065099120140076 train 38.0 0.116669957973063 0.058074274454265835 0.05801923951134086 3.041212266907678e-06
    38.0    
0.2024327665567398 1.1535587310791016 0.4773593544960022 train 39.0 0.11668158907443285 0.05808575876057148 0.05802024083212018 2.4874618702597218e-06
    39.0    
0.20136907696723938 1.1629811525344849 0.4848247766494751 train 40.0 0.11671718463301659 0.05808598637580872 0.05805455839261413 2.9562340841948753e-06
    40.0    
0.19863267242908478 1.166100263595581 0.4846266806125641 train 41.0 0.11684863813221455 0.05817295465618372 0.05810002380982041 4.09505673815147e-06
    41.0    
0.1976645588874817 1.1680742502212524 0.48519670963287354 train 42.0 0.11703397184610367 0.05823454063385725 0.058224354926496746 3.3475516829639673e-06
    42.0    
0.19401942193508148 1.171115756034851 0.48724785447120667 train 43.0 0.11663887593895197 0.05802397727966309 0.058045465126633645 2.015287918766262e-06
    43.0    
0.19549959897994995 1.1797397136688232 0.48547667264938354 train 44.0 0.11647911455482245 0.05796152301132679 0.05794530248269439 2.84887028101366e-06
    44.0    
0.19364294409751892 1.187592625617981 0.48532024025917053 train 45.0 0.1165241727605462 0.05799615075811744 0.057957345210015776 2.6513769171288004e-06
    45.0    
0.19017432630062103 1.1926640272140503 0.4879591464996338 train 46.0 0.11670074738562107 0.058073264211416245 0.05805486623197794 3.892600943800062e-06
    46.0    
0.1889382302761078 1.1953502893447876 0.4874134659767151 train 47.0 0.11649981211870909 0.05795778024941683 0.057970987036824226 3.203439746357617e-06
    47.0    
0.18618911504745483 1.202232003211975 0.4878980815410614 train 48.0 0.11676290735602379 0.058121878877282145 0.05806559674441814 3.136599161734921e-06
    48.0    
0.1856042891740799 1.2069686651229858 0.4861154556274414 train 49.0 0.11630672119557857 0.05787862617522478 0.05785684365779162 2.458643166391994e-06
    49.0    
0.18542474508285522 1.2094981670379639 0.4875272214412689 train 50.0 0.11639043979346753 0.05790861049667001 0.057912526000291106 2.0557999960146844e-06
    50.0    
0.1813960075378418 1.2189198732376099 0.48648199439048767 train 51.0 0.11641815535724163 0.05793393332511187 0.05791545692831278 2.368603190916474e-06
    51.0    
0.1825455278158188 1.2282849550247192 0.4923842251300812 train 52.0 0.11655789613723755 0.05799895636737347 0.057985659930855034 2.4405353542533703e-06
    52.0    
0.18101805448532104 1.2298221588134766 0.49087023735046387 train 53.0 0.11631000112742186 0.05784014383330941 0.05790442690253258 1.7202722801812342e-06
    53.0    
0.17940214276313782 1.2331156730651855 0.48982423543930054 train 54.0 0.11618563115596771 0.05779845489189029 0.05782059919089079 3.204877202733769e-06
    54.0    
0.17669230699539185 1.241013526916504 0.48985153436660767 train 55.0 0.11647740613669157 0.05792227663099766 0.057986806072294714 3.910896339220926e-06
    55.0    
0.17385266721248627 1.2505052089691162 0.4903796315193176 train 56.0 0.11661448504775762 0.057999546099454166 0.05804529160261154 1.7388420019415207e-06
    56.0    
0.17523784935474396 1.2521247863769531 0.4898993968963623 train 57.0 0.11638290368020535 0.057902230713516474 0.057911487221717836 3.0096368845988763e-06
    57.0    
0.17431260645389557 1.2597193717956543 0.490590363740921 train 58.0 0.1163179562613368 0.057853589653968814 0.05789449268952012 2.920800170613802e-06
    58.0    
0.17452983558177948 1.2659130096435547 0.49027368426322937 train 59.0 0.11616943888366223 0.057775412425398825 0.057825530376285315 2.649864882187103e-06
    59.0    
0.17224889993667603 1.2782435417175293 0.49070683121681213 train 60.0 0.11642673384398222 0.05791182920336723 0.05794839661568403 2.1178625502216164e-06
    60.0    
0.17182296514511108 1.2822741270065308 0.495810329914093 train 61.0 0.11631685424596071 0.05786564014852047 0.057883226666599515 2.992836698467727e-06
    61.0    
0.17140300571918488 1.2904025316238403 0.4938577711582184 train 62.0 0.1162331324070692 0.05778611058369279 0.05788098555058241 2.7434525691205636e-06
    62.0    
0.1673838198184967 1.2992416620254517 0.4954284131526947 train 63.0 0.11628868628293276 0.05780532317236066 0.05791621459648013 2.202135874540545e-06
    63.0    
0.17035001516342163 1.304211139678955 0.494392991065979 train 64.0 0.11605317611247301 0.05770605009049177 0.05778154145926237 2.872127197406371e-06
    64.0    
0.16675399243831635 1.3055857419967651 0.49488168954849243 train 65.0 0.11645515117794275 0.05789222214370966 0.057996027171611786 1.9217602584831184e-06
    65.0    
0.16798195242881775 1.3110722303390503 0.49447986483573914 train 66.0 0.11610199175775052 0.05773229027166962 0.05780352085828781 2.9835509849363007e-06
    66.0    
0.16664950549602509 1.3264362812042236 0.4960970878601074 train 67.0 0.11600559078156948 0.0577097687125206 0.057729885280132294 1.8862319848267362e-06
    67.0    
0.16683673858642578 1.3333388566970825 0.49736636877059937 train 68.0 0.1162329202517867 0.05777328239753842 0.05789527386426926 2.0534721443254966e-06
    68.0    
0.16676943004131317 1.3417925834655762 0.49714305996894836 train 69.0 0.11597914539277554 0.057660993412137033 0.05775595042854548 3.0248004350141855e-06
    69.0    
0.1676400601863861 1.3520811796188354 0.4992308020591736 train 70.0 0.11581838611513376 0.057590695023536684 0.05766508871689439 4.884113423031522e-06
    70.0    
0.16571006178855896 1.3661961555480957 0.5025614500045776 train 71.0 0.11613083686679601 0.05771383050829172 0.05785533219575882 1.7166825045933365e-06
    71.0    
0.16341546177864075 1.371627926826477 0.5013912320137024 train 72.0 0.11621520180255175 0.057772214002907274 0.05787777753546834 2.5065799036383396e-06
    72.0    
0.16394327580928802 1.3849738836288452 0.5020285844802856 train 73.0 0.11615708485245704 0.057712336629629137 0.05787904605269432 2.021266254814691e-06
    73.0    
0.16452626883983612 1.4011666774749756 0.5044727921485901 train 74.0 0.11624109525233507 0.057764209285378454 0.05791480557993054 2.7765302093030186e-06
    74.0    
0.1629292368888855 1.4085938930511475 0.5057302117347717 train 75.0 0.11575771693140269 0.05751077828928828 0.0576871969178319 2.247969405289041e-06
    75.0    
0.1618867963552475 1.4275922775268555 0.5065276622772217 train 76.0 0.11603154376149177 0.057652909737080336 0.057815557084977626 1.9538174456101842e-06
    76.0    
0.16157564520835876 1.4435478448867798 0.5080443024635315 train 77.0 0.11610408954322338 0.05770159892737865 0.057839790880680086 2.742265223787399e-06
    77.0    
0.1622716188430786 1.4508261680603027 0.509474515914917 train 78.0 0.11573830164968968 0.05751474911347031 0.057664168402552604 2.0671359379775822e-06
    78.0    
0.16205154359340668 1.4767986536026 0.5087155103683472 train 79.0 0.11602243117988109 0.05766536330804229 0.057800211682915686 2.3498530481447233e-06
    79.0    
0.16135726869106293 1.5015223026275635 0.5093081593513489 train 80.0 0.11573533859103918 0.057522883154451844 0.0576544339954853 2.7711903385352343e-06
    80.0    
0.16095846891403198 1.5268704891204834 0.5093555450439453 train 81.0 0.11591184809803963 0.05759903142228723 0.05775615628808737 1.7534945300212712e-06
    81.0    
0.16048355400562286 1.5440579652786255 0.5109116435050964 train 82.0 0.11586006440222263 0.05757086087018251 0.05773093653842807 1.4916219015503884e-06
    82.0    
0.1598156839609146 1.5620372295379639 0.5115557312965393 train 83.0 0.11596876729279756 0.05761454118415713 0.05779866030439734 2.4386808945564553e-06
    83.0    
0.1594754308462143 1.5952197313308716 0.514981746673584 train 84.0 0.11591685619205236 0.05761699732393026 0.05774219512939453 2.781767989290529e-06
    84.0    
0.16047406196594238 1.617480993270874 0.5142147541046143 train 85.0 0.11587520089000464 0.057549212351441385 0.05777148338034749 1.826249786063272e-06
    85.0    
0.1626296043395996 1.6420665979385376 0.5187451243400574 train 86.0 0.11584901891648769 0.05756178380921483 0.05773310501128435 1.5120388070499757e-06
    86.0    
0.16104954481124878 1.6681219339370728 0.5154666304588318 train 87.0 0.11571976166218519 0.057457929197698834 0.05771188465878367 2.131448809450376e-06
    87.0    
0.16057999432086945 1.6913195848464966 0.5126577019691467 train 88.0 0.11574504550546408 0.05748060030862689 0.05771330980584025 2.0402881091285963e-06
    88.0    
0.15974853932857513 1.7209608554840088 0.5156424641609192 train 89.0 0.11570723209530115 0.05748899832367897 0.05766795888543129 2.3142818008636823e-06
    89.0    
0.16114963591098785 1.7436221837997437 0.5183661580085754 train 90.0 0.11575946025550365 0.05751229146495462 0.05769717009738087 2.9908476335549494e-06
    90.0    
0.1609400510787964 1.7726539373397827 0.5151427984237671 train 91.0 0.1156912074610591 0.057467165403068066 0.05767613051459193 1.835756506807229e-06
    91.0    
0.15936420857906342 1.8026713132858276 0.51839679479599 train 92.0 0.11573194067925215 0.05746806565672159 0.05771670481190085 2.357370703975903e-06
    92.0    
0.15922588109970093 1.8255913257598877 0.5172353982925415 train 93.0 0.11583800658583641 0.057528602946549656 0.057763592936098576 2.6834445634449366e-06
    93.0    
0.16140276193618774 1.8469693660736084 0.5180702209472656 train 94.0 0.11587311483919621 0.057526702117174866 0.05780039981007576 2.9444652227539336e-06
    94.0    
0.1620083749294281 1.8769409656524658 0.5185576677322388 train 95.0 0.11582647297531366 0.057499134931713346 0.05778249334543943 4.242112481733784e-06
    95.0    
0.16009218990802765 1.9067749977111816 0.5179784297943115 train 96.0 0.11559810724109411 0.057421464454382655 0.057633540760725736 1.4369599057317828e-06
    96.0    
0.15963473916053772 1.9244532585144043 0.5207129716873169 train 97.0 0.11553811233490706 0.05736217461526394 0.057633998617529866 2.639259264469729e-06
    97.0    
0.16038675606250763 1.955946922302246 0.5207533836364746 train 98.0 0.11554114598780871 0.05740156203508377 0.05759902108460665 1.9045950239160447e-06
    98.0    
0.15965446829795837 1.9778679609298706 0.5233566164970398 train 99.0 0.1156735448911786 0.05742681162431836 0.057707111909985544 2.593405724837794e-06
    99.0    
