Corr-Diag Corr-Full Corr-Swap Data Epoch Loss MMD-Full MMD-Swap Mean
0.21070224046707153 1.2459152936935425 0.6425834894180298 train 0.0 0.3987607976794243 0.1983589658141136 0.18924369908869265 3.816199750872329e-05
    0.0    
0.2257835865020752 1.0606201887130737 0.591882586479187 train 1.0 0.36610586687922475 0.1806238290667534 0.1805395646393299 2.4577724616392516e-05
    1.0    
0.23933802545070648 0.9885962009429932 0.5619754195213318 train 2.0 0.3624919654428959 0.1785621451586485 0.18007289834320545 2.0600038624252193e-05
    2.0    
0.24333007633686066 0.9710148572921753 0.5601615905761719 train 3.0 0.36069556295871735 0.17774667970836164 0.17946584030985832 1.9809434888884425e-05
    3.0    
0.23307089507579803 0.9689085483551025 0.5499990582466125 train 4.0 0.35952327623963354 0.17710608534514904 0.17909737005829812 1.667631477175746e-05
    4.0    
0.24113087356090546 0.9513961672782898 0.54914391040802 train 5.0 0.3585507254302502 0.1766332945972681 0.1787069632858038 1.4687507245980669e-05
    5.0    
0.24126742780208588 0.9644261002540588 0.5492771863937378 train 6.0 0.3581354296207428 0.17641745164990424 0.17858532525599002 1.4013328836881556e-05
    6.0    
0.23274396359920502 0.9699760675430298 0.5506436824798584 train 7.0 0.35850246280431747 0.17658317305147647 0.17881792716681957 1.4288157217379194e-05
    7.0    
0.22722651064395905 0.9413204193115234 0.5523675680160522 train 8.0 0.35798611119389534 0.1763648084551096 0.1785626918077469 1.2860574315709528e-05
    8.0    
0.22352448105812073 0.9605308771133423 0.5483967661857605 train 9.0 0.3584975704550743 0.17649267196655274 0.17892704777419566 1.2424921806086786e-05
    9.0    
0.2281561940908432 0.9462385773658752 0.5453492999076843 train 10.0 0.3583364787697792 0.17645806200802328 0.17879102930426596 1.1795457794505637e-05
    10.0    
0.22364242374897003 0.9532927870750427 0.5450761318206787 train 11.0 0.357288069576025 0.1758919185400009 0.1783682902902365 1.2388542018015869e-05
    11.0    
0.21960751712322235 0.9391936659812927 0.5418010950088501 train 12.0 0.35644279822707176 0.17547480218112468 0.17797976978123187 1.1944422112719622e-05
    12.0    
0.2208830565214157 0.9702672958374023 0.5394852757453918 train 13.0 0.3561433529853821 0.17530628912150859 0.17780894584953785 1.0269167432852555e-05
    13.0    
0.22270020842552185 0.9923050999641418 0.5455532670021057 train 14.0 0.357125278711319 0.1757992748171091 0.17829933777451515 8.341984539583791e-06
    14.0    
0.21416452527046204 0.9724995493888855 0.5415071249008179 train 15.0 0.3559638448059559 0.1752340482920408 0.17770132005214692 8.38025334815029e-06
    15.0    
0.21483947336673737 0.975389838218689 0.5391862392425537 train 16.0 0.35642501145601274 0.17546734377741813 0.17793207071721553 9.557988050801214e-06
    16.0    
0.21114863455295563 0.9847068190574646 0.5374996662139893 train 17.0 0.35615463584661483 0.17527136892080308 0.17788105458021164 8.631889613752719e-06
    17.0    
0.2071322202682495 0.9833807945251465 0.5424820780754089 train 18.0 0.3570352502167225 0.17565432719886304 0.17830218210816384 7.887803803896531e-06
    18.0    
0.20394960045814514 0.9908447265625 0.5290367603302002 train 19.0 0.35594327926635744 0.1751095935702324 0.17777952656149865 7.200558229669696e-06
    19.0    
0.20631620287895203 1.008837103843689 0.5399478673934937 train 20.0 0.3560041329264641 0.17517217315733433 0.17777697667479514 7.607806310261367e-06
    20.0    
0.2093859314918518 1.0229233503341675 0.5342323184013367 train 21.0 0.35485419690608977 0.17468630827963352 0.1771422915160656 7.297177489817841e-06
    21.0    
0.20300908386707306 1.0386018753051758 0.5336908102035522 train 22.0 0.3552034465968609 0.174801632091403 0.17737327806651593 6.8340764300955925e-06
    22.0    
0.20878884196281433 1.039077639579773 0.5308597683906555 train 23.0 0.35544835358858107 0.17485588543117048 0.1775252790749073 6.620449767069658e-06
    23.0    
0.19786058366298676 1.03059720993042 0.5260273814201355 train 24.0 0.35620434045791627 0.17523226879537104 0.1778863725066185 6.560722340509528e-06
    24.0    
0.18817202746868134 1.0568228960037231 0.5302098393440247 train 25.0 0.3564119978249073 0.1752811486274004 0.17796430930495263 7.314024060178781e-06
    25.0    
0.18458011746406555 1.0491001605987549 0.5347988605499268 train 26.0 0.35607836648821833 0.17504528924822807 0.1778587695211172 6.573039627255639e-06
    26.0    
0.18144755065441132 1.0567221641540527 0.5362634658813477 train 27.0 0.35564126655459405 0.17489259526133538 0.17757443860173225 5.935138233326143e-06
    27.0    
0.18756254017353058 1.0822299718856812 0.5292109251022339 train 28.0 0.35491929680109024 0.17453810162842273 0.177240005210042 4.643830379791325e-06
    28.0    
0.1855102926492691 1.0892866849899292 0.5312218070030212 train 29.0 0.35463973999023435 0.17430949211120605 0.17718545347452164 6.5777799136412796e-06
    29.0    
0.18619510531425476 1.0869381427764893 0.5343342423439026 train 30.0 0.3559217543900013 0.17504139736294747 0.17768755450844764 4.650350547308335e-06
    30.0    
0.18196448683738708 1.0825704336166382 0.5323552489280701 train 31.0 0.3549035741388798 0.174443676546216 0.17727409049868584 5.6225480875582434e-06
    31.0    
0.18265509605407715 1.116339921951294 0.5348958373069763 train 32.0 0.35500650078058243 0.17452721193432807 0.17729703702032565 5.41795543540502e-06
    32.0    
0.1825757622718811 1.1367119550704956 0.5368199348449707 train 33.0 0.3539722166955471 0.1740257276594639 0.17679771825671195 4.092421477253083e-06
    33.0    
0.18129737675189972 1.1297231912612915 0.5336055755615234 train 34.0 0.35489887416362764 0.17455490037798882 0.17715541869401932 5.665813660016283e-06
    34.0    
0.18031717836856842 1.1498183012008667 0.5352907180786133 train 35.0 0.3542529147863388 0.17422281861305236 0.1768287619948387 4.915357749268878e-06
    35.0    
0.1817920058965683 1.1412601470947266 0.5367860198020935 train 36.0 0.3539313144981861 0.17409944735467434 0.17668061405420304 4.353523763711564e-06
    36.0    
0.17286764085292816 1.1583127975463867 0.5386772751808167 train 37.0 0.3544765903055668 0.17424743808805943 0.17705061055719853 5.134966158948373e-06
    37.0    
0.17415639758110046 1.1745078563690186 0.5374333262443542 train 38.0 0.354995851367712 0.1744909869879484 0.17723799727857112 3.7613936001434922e-06
    38.0    
0.16432355344295502 1.1500298976898193 0.5354427099227905 train 39.0 0.35520175710320473 0.1744953266531229 0.17742672562599182 4.1990338104369584e-06
    39.0    
0.17092815041542053 1.1603645086288452 0.5377376079559326 train 40.0 0.35461015000939367 0.1742466099560261 0.17708294540643693 3.719795586221153e-06
    40.0    
0.1632966697216034 1.1581488847732544 0.5387319326400757 train 41.0 0.35571325033903123 0.17475076615810395 0.17766229905188083 4.587219791574171e-06
    41.0    
0.1642831414937973 1.1766575574874878 0.5478429794311523 train 42.0 0.35504162043333054 0.17447260536253453 0.1772506045550108 4.731074568553595e-06
    42.0    
0.1675509661436081 1.1736453771591187 0.5390667915344238 train 43.0 0.35427313968539237 0.17404755271971226 0.17696506179869176 5.017984676669585e-06
    43.0    
0.17551349103450775 1.1558808088302612 0.5445011854171753 train 44.0 0.3538933256268501 0.17395543612539768 0.17668580323457717 5.191486707190052e-06
    44.0    
0.17268900573253632 1.1892669200897217 0.5456913709640503 train 45.0 0.3540180343389511 0.174038275629282 0.17674392938613892 2.823898284987081e-06
    45.0    
0.16577622294425964 1.1942315101623535 0.546950101852417 train 46.0 0.35487569332122804 0.17433328241109847 0.17729561015963555 4.125429313717177e-06
    46.0    
0.1611604243516922 1.1704998016357422 0.5375658869743347 train 47.0 0.35440215915441514 0.17408600509166716 0.17703639648854733 4.429458840604639e-06
    47.0    
0.17364077270030975 1.2009366750717163 0.5422345995903015 train 48.0 0.35370704278349874 0.1737081529200077 0.1767587135732174 3.827916316367919e-06
    48.0    
0.1700303852558136 1.2057561874389648 0.5427438020706177 train 49.0 0.35441059321165086 0.17410916849970817 0.17705183319747447 3.782949761443888e-06
    49.0    
0.16878727078437805 1.213620662689209 0.5416097044944763 train 50.0 0.3542579087615013 0.174001250192523 0.17699416235089302 4.153904683334986e-06
    50.0    
0.165560781955719 1.2020236253738403 0.5441572666168213 train 51.0 0.35361095890402794 0.1737324970215559 0.17663392797112465 4.673711373470724e-06
    51.0    
0.1689683496952057 1.2250789403915405 0.5467920899391174 train 52.0 0.3536088089644909 0.17374333426356314 0.17663911893963813 2.9693544547626516e-06
    52.0    
0.17033444344997406 1.2142210006713867 0.5455373525619507 train 53.0 0.3535554985702038 0.1737683793157339 0.17652218997478486 3.495177679724293e-06
    53.0    
0.1694851964712143 1.2160139083862305 0.5453616380691528 train 54.0 0.35360767021775247 0.17377103611826897 0.17659913323819637 4.32477872891468e-06
    54.0    
0.1639305204153061 1.223906397819519 0.5469476580619812 train 55.0 0.3540779337286949 0.17388725481927395 0.17697047628462315 3.541776777638006e-06
    55.0    
0.16934500634670258 1.2237777709960938 0.5472589135169983 train 56.0 0.3531462712585926 0.17358059406280518 0.17630900926887988 3.5197444958612323e-06
    56.0    
0.1657862812280655 1.2294628620147705 0.5436417460441589 train 57.0 0.3543849420547485 0.1741081339865923 0.17699128158390523 3.816318894678261e-06
    57.0    
0.16230668127536774 1.2427239418029785 0.5487291812896729 train 58.0 0.35407654523849486 0.17396507427096367 0.1768167344480753 5.308497293299297e-06
    58.0    
0.16760680079460144 1.2392054796218872 0.5466527342796326 train 59.0 0.35277704045176506 0.17336933046579361 0.1761362489312887 2.680462785065174e-06
    59.0    
0.16652734577655792 1.257222056388855 0.5479377508163452 train 60.0 0.35449268415570256 0.17420774944126605 0.17699334912002088 3.3787641768867616e-06
    60.0    
0.16249126195907593 1.2294213771820068 0.5446678996086121 train 61.0 0.3543706940114498 0.17404472455382347 0.1769840980321169 3.7475133467523847e-06
    61.0    
0.15894858539104462 1.2169240713119507 0.5430306196212769 train 62.0 0.35459714829921724 0.17416967771947384 0.17706240572035312 3.3979249565163627e-06
    62.0    
0.15850965678691864 1.2394261360168457 0.5462428331375122 train 63.0 0.3542332635819912 0.17392022974789142 0.1769286485761404 2.7433832201495534e-06
    63.0    
0.15974585711956024 1.2488703727722168 0.5517650246620178 train 64.0 0.3544385620951653 0.17402700997889042 0.17707971647381782 3.832483344012871e-06
    64.0    
0.15697011351585388 1.2380324602127075 0.5556854605674744 train 65.0 0.3542768728733063 0.17400200873613358 0.1769283800572157 3.205249186066794e-06
    65.0    
0.1637512594461441 1.260469913482666 0.5580239295959473 train 66.0 0.35424492970108984 0.1740424820780754 0.176844185218215 2.638758132889052e-06
    66.0    
0.161616712808609 1.237492322921753 0.5506073832511902 train 67.0 0.3538912217319012 0.1737739858776331 0.17679009653627872 3.995453425886808e-06
    67.0    
0.15912801027297974 1.259458303451538 0.5553686618804932 train 68.0 0.3538677127659321 0.17374924793839455 0.17680748827755452 3.0692383461428108e-06
    68.0    
0.16591057181358337 1.2423827648162842 0.5563479065895081 train 69.0 0.353487650603056 0.17356711708009243 0.17663056239485742 2.464277486069477e-06
    69.0    
0.1606605499982834 1.241401195526123 0.5598426461219788 train 70.0 0.3534502027928829 0.17373902432620525 0.17641605772078037 3.1784645670995815e-06
    70.0    
0.16710665822029114 1.2485449314117432 0.5535312294960022 train 71.0 0.35335608780384065 0.17351807206869124 0.17654831789433956 3.419698032303131e-06
    71.0    
0.1599310338497162 1.2594784498214722 0.5524829626083374 train 72.0 0.35394008427858353 0.17384730741381646 0.1767861744761467 3.1972867873264477e-06
    72.0    
0.16179750859737396 1.2490736246109009 0.556801438331604 train 73.0 0.35404894307255746 0.17397158198058604 0.17678997568786145 4.181372787570581e-06
    73.0    
0.1600971221923828 1.2557388544082642 0.5534877777099609 train 74.0 0.3538557925820351 0.17376568794250488 0.17678252458572388 2.970557716253097e-06
    74.0    
0.15753203630447388 1.235440731048584 0.5484372973442078 train 75.0 0.3535459190607071 0.1735871335864067 0.17663343340158463 2.2007213829056127e-06
    75.0    
0.16203829646110535 1.288456678390503 0.5529186129570007 train 76.0 0.35329004541039466 0.17346467338502408 0.1765077792108059 2.872819095500745e-06
    76.0    
0.16029323637485504 1.257589340209961 0.5514534711837769 train 77.0 0.3543340782821178 0.17401290357112884 0.17699749633669853 3.2009622827899875e-06
    77.0    
0.15609966218471527 1.249104380607605 0.5532708168029785 train 78.0 0.3531657038629055 0.1734482003003359 0.1764071886986494 3.3516860185045516e-06
    78.0    
0.15622204542160034 1.250483751296997 0.5568001866340637 train 79.0 0.3545837388932705 0.17405029833316804 0.17716268211603164 2.787269295367878e-06
    79.0    
0.1564827412366867 1.2388347387313843 0.5478044748306274 train 80.0 0.35334659412503244 0.17346311949193477 0.17652849078178406 2.671610673132818e-06
    80.0    
0.16001491248607635 1.2527796030044556 0.5556275844573975 train 81.0 0.3538436931371689 0.17369282871484756 0.1768153914809227 2.6059901756525505e-06
    81.0    
0.16250614821910858 1.2707710266113281 0.5591111779212952 train 82.0 0.35330685004591944 0.17347116082906722 0.1765185334533453 2.912330728577217e-06
    82.0    
0.16211864352226257 1.2322005033493042 0.5565251111984253 train 83.0 0.35422747284173967 0.17398373261094094 0.17692244373261928 2.498007461326779e-06
    83.0    
0.15630346536636353 1.2414354085922241 0.5493184328079224 train 84.0 0.3539907439053059 0.17381924599409104 0.17685687735676767 2.7343962756276596e-06
    84.0    
0.15492230653762817 1.25407075881958 0.5519803762435913 train 85.0 0.35391596585512164 0.1737409497797489 0.17684910960495473 4.1570924622647e-06
    85.0    
0.16120325028896332 1.261001706123352 0.5511828660964966 train 86.0 0.35337448939681054 0.17354980006814003 0.17651226446032525 2.5663528049335582e-06
    86.0    
0.1636795848608017 1.2523798942565918 0.5589949488639832 train 87.0 0.3532475855946541 0.173411033898592 0.17654128514230252 3.1137108180701034e-06
    87.0    
0.16019372642040253 1.253908634185791 0.5513427257537842 train 88.0 0.3525551620125771 0.17317419186234473 0.17609654754400253 2.8420015496521955e-06
    88.0    
0.1636783629655838 1.2473251819610596 0.5522043108940125 train 89.0 0.3533624398708344 0.17361017130315304 0.1764376148581505 4.084044121555053e-06
    89.0    
0.1560584157705307 1.2622748613357544 0.5529682040214539 train 90.0 0.3535079275071621 0.17363211207091808 0.17655629001557827 3.322505335745518e-06
    90.0    
0.15767614543437958 1.2546766996383667 0.5567296147346497 train 91.0 0.3534230796992779 0.17354006171226502 0.17654648311436177 3.5856962767866207e-06
    91.0    
0.15763385593891144 1.2600711584091187 0.5624644160270691 train 92.0 0.35347326651215555 0.17354919649660588 0.17659816920757293 4.195587735011941e-06
    92.0    
0.1571858823299408 1.2570043802261353 0.5581197142601013 train 93.0 0.35364882826805116 0.1735908830910921 0.17674040384590625 3.2699133498681476e-06
    93.0    
0.15428219735622406 1.2599977254867554 0.5552493929862976 train 94.0 0.35337991461157797 0.17357630729675294 0.176448817178607 3.966346412198618e-06
    94.0    
0.15602390468120575 1.2541635036468506 0.5569211840629578 train 95.0 0.35288271725177767 0.17323048137128352 0.17631008975207807 3.3710111893014982e-06
    95.0    
0.1609906107187271 1.2800959348678589 0.5596882104873657 train 96.0 0.35340705811977385 0.17346917979419232 0.17660193413496017 4.06561093768687e-06
    96.0    
0.16250848770141602 1.2765566110610962 0.5614346265792847 train 97.0 0.35335356965661047 0.17349406115710736 0.17652994818985462 2.8953986657143105e-06
    97.0    
0.15749947726726532 1.2553150653839111 0.5565124750137329 train 98.0 0.3536733604967594 0.1736403851211071 0.17672358185052872 3.092975475738058e-06
    98.0    
0.14697077870368958 1.2486209869384766 0.5556680560112 train 99.0 0.3544571353495121 0.17408699661493302 0.176982302069664 3.085759772147867e-06
    99.0    
