Corr-Diag Corr-Full Corr-Swap Data Epoch Loss MMD-Full MMD-Swap Mean
0.3151856064796448 0.7211122512817383 0.35574185848236084 train 0.0 0.377136729285121 0.070662248339504 0.06678904907777905 9.377751553074631e-07
    0.0    
0.3004259765148163 1.2526371479034424 0.3854680061340332 train 1.0 0.18208423167467117 0.05938937915489077 0.058907804917544125 1.2466985026549082e-06
    1.0    
0.2902113199234009 1.5815147161483765 0.39336666464805603 train 2.0 0.17099271960556506 0.05879735948517919 0.05851543605327606 1.4017117564435466e-06
    2.0    
0.28992220759391785 1.5063486099243164 0.3775709867477417 train 3.0 0.1660865031182766 0.05853499326854944 0.058315592035651204 2.428324023640016e-06
    3.0    
0.2872738540172577 1.3743830919265747 0.35258162021636963 train 4.0 0.16368636645376683 0.05842690780758858 0.05824407046660781 2.5875635856209556e-06
    4.0    
0.2854095697402954 1.2604957818984985 0.33473414182662964 train 5.0 0.16114704452455045 0.058080006837844846 0.05799486393108964 2.764201099125785e-06
    5.0    
0.2843351364135742 1.1561322212219238 0.32145699858665466 train 6.0 0.16000054776668549 0.05814466066658497 0.05814378825947642 2.0988763935747556e-06
    6.0    
0.28410857915878296 1.067570447921753 0.312892347574234 train 7.0 0.15826099030673504 0.057960768919438126 0.05794141434133053 2.9196173727541463e-06
    7.0    
0.28185415267944336 0.9999043345451355 0.30275434255599976 train 8.0 0.15780809767544268 0.05804258642718196 0.058042114693671466 2.605675490485737e-06
    8.0    
0.28655311465263367 0.9438477754592896 0.29958441853523254 train 9.0 0.15628557324409484 0.05791295507922769 0.057957022860646246 4.238050223648315e-06
    9.0    
0.2838897109031677 0.8893760442733765 0.29265254735946655 train 10.0 0.1554523479193449 0.05778288653120398 0.057827266287058594 5.0627563723537605e-06
    10.0    
0.28491249680519104 0.8369723558425903 0.28780466318130493 train 11.0 0.15517035439610483 0.05787322020158172 0.05802383806556463 3.824643499683589e-06
    11.0    
0.28153377771377563 0.7897214293479919 0.28394123911857605 train 12.0 0.1538895270973444 0.057686958871781824 0.05778597187250853 4.832812464883318e-06
    12.0    
0.28398463129997253 0.7416782975196838 0.2794979214668274 train 13.0 0.1532276190817356 0.05775616141036153 0.05789342055097222 4.059558705193922e-06
    13.0    
0.2828581631183624 0.711066484451294 0.2754674255847931 train 14.0 0.15213425226509572 0.05758092826232314 0.05773372109979391 2.6996058295480907e-06
    14.0    
0.2832100987434387 0.681405246257782 0.2732890844345093 train 15.0 0.15143061749637127 0.05758085280656815 0.05777238855138421 6.403050974768121e-06
    15.0    
0.2813648581504822 0.6572911143302917 0.2721957564353943 train 16.0 0.1512849997729063 0.05753348046913743 0.05770900892093778 4.359811555332271e-06
    16.0    
0.28494295477867126 0.6360012888908386 0.26833587884902954 train 17.0 0.15065377429127694 0.05756795812398195 0.057792045585811136 4.9846926231111865e-06
    17.0    
0.2840511202812195 0.6103089451789856 0.2671727240085602 train 18.0 0.1500173669308424 0.05751389227807522 0.05779248172417283 5.809154117741855e-06
    18.0    
0.28187400102615356 0.5913964509963989 0.26551195979118347 train 19.0 0.14998255230486393 0.05758922969922423 0.05787006929516792 5.5499835980299395e-06
    19.0    
0.28159046173095703 0.5734815001487732 0.26528576016426086 train 20.0 0.1494305208325386 0.05751476289704442 0.05784447772428394 4.446077127795434e-06
    20.0    
0.2815122604370117 0.5619232654571533 0.26435866951942444 train 21.0 0.1488966027647257 0.05741587882861495 0.05772127792239189 4.621961124939844e-06
    21.0    
0.28472137451171875 0.5475663542747498 0.2623935043811798 train 22.0 0.1479942064732313 0.05726792732253671 0.05759881448000669 5.896084530832013e-06
    22.0    
0.28136464953422546 0.5379878878593445 0.2618953585624695 train 23.0 0.1480790424346924 0.05741775576025247 0.05777279511094093 5.0578059926920105e-06
    23.0    
0.2805125415325165 0.5227161645889282 0.26131394505500793 train 24.0 0.14835195377469063 0.057522388789802786 0.05782670870423317 6.2920044001657516e-06
    24.0    
0.2822361886501312 0.5175507068634033 0.26164954900741577 train 25.0 0.1476218592375517 0.05734008578583598 0.057656278051435944 4.10465463573928e-06
    25.0    
0.28455057740211487 0.5079570412635803 0.25782251358032227 train 26.0 0.14729192189872264 0.05734948331490159 0.057728065699338915 4.1885914470185526e-06
    26.0    
0.28066569566726685 0.5020211935043335 0.26147884130477905 train 27.0 0.14674300618469716 0.05724277924746275 0.05759735906496644 4.325940608396195e-06
    27.0    
0.2806856632232666 0.4962131083011627 0.26130151748657227 train 28.0 0.146813108548522 0.05727826913818717 0.05761020768433809 4.3803706830658484e-06
    28.0    
0.2827776074409485 0.4881182014942169 0.2583313584327698 train 29.0 0.14627747997641563 0.05727697446942329 0.05765867061913013 3.841741545329569e-06
    29.0    
0.2818789780139923 0.4816547930240631 0.25837740302085876 train 30.0 0.14630206942558288 0.05722102014347911 0.05758947469294071 3.6149606330582174e-06
    30.0    
0.28329750895500183 0.47512614727020264 0.2576397657394409 train 31.0 0.14602014496922494 0.057189769297838214 0.05756802961230278 3.212097453797469e-06
    31.0    
0.28135085105895996 0.46820068359375 0.25727567076683044 train 32.0 0.145815646648407 0.057219095211476084 0.05763394713401795 3.7480124319699826e-06
    32.0    
0.28284698724746704 0.4627992808818817 0.2573501169681549 train 33.0 0.14537361584603786 0.05708026424050331 0.057508498430252075 3.3378971693309722e-06
    33.0    
0.2811359763145447 0.45638585090637207 0.2565944194793701 train 34.0 0.14579247891902924 0.05726404340937734 0.05766508016735315 4.723836809716886e-06
    34.0    
0.28230351209640503 0.45286017656326294 0.2570646405220032 train 35.0 0.14530883267521857 0.05720630440860987 0.05762700516730547 3.3902063023560913e-06
    35.0    
0.28205981850624084 0.44875144958496094 0.2563186287879944 train 36.0 0.14572752751410006 0.057410148661583664 0.0578633114695549 4.627261660061777e-06
    36.0    
0.2825568616390228 0.4440489411354065 0.25592416524887085 train 37.0 0.14545565471053123 0.05720900144428015 0.057609839122742416 3.395452949916944e-06
    37.0    
0.2827901542186737 0.44109052419662476 0.25579705834388733 train 38.0 0.1450636649876833 0.05717129236087203 0.05759993137791753 4.201569481665501e-06
    38.0    
0.28302091360092163 0.4346493184566498 0.255057156085968 train 39.0 0.14463659949600696 0.057222502492368224 0.05770389581099153 3.942793682654155e-06
    39.0    
0.28142258524894714 0.4305556118488312 0.255502313375473 train 40.0 0.1446070320904255 0.05717246623709798 0.057629403676837686 2.199260052293539e-06
    40.0    
0.2801336348056793 0.42693018913269043 0.2550082504749298 train 41.0 0.1445524962991476 0.057101300545036794 0.05752259358763695 4.294113296055002e-06
    41.0    
0.28203830122947693 0.4244639277458191 0.25411301851272583 train 42.0 0.1439796320348978 0.05706736985594034 0.05751958204433322 2.879797420973773e-06
    42.0    
0.28051939606666565 0.419846773147583 0.2538047432899475 train 43.0 0.14432090900838376 0.0571547732502222 0.05762315241619945 3.3314347547275247e-06
    43.0    
0.2824322283267975 0.41644129157066345 0.2533859610557556 train 44.0 0.1440351451933384 0.05705087721347809 0.05746611531823873 2.9966558940941468e-06
    44.0    
0.2829602360725403 0.412443071603775 0.25380659103393555 train 45.0 0.14380499452352524 0.05711085369810462 0.05759474769234657 4.3604959500953555e-06
    45.0    
0.27959734201431274 0.407452255487442 0.25419238209724426 train 46.0 0.14402883388102056 0.057133489195257424 0.05759915474802255 3.798395937337773e-06
    46.0    
0.2822405993938446 0.4044266939163208 0.25327956676483154 train 47.0 0.1437705408781767 0.057130622770637275 0.05760524099692702 4.9794698497862555e-06
    47.0    
0.2811720669269562 0.4015193581581116 0.2535930573940277 train 48.0 0.1436375631392002 0.05706261493265629 0.057531548868864774 4.6292407205328345e-06
    48.0    
0.2833455801010132 0.39778491854667664 0.2519170641899109 train 49.0 0.14335486486554147 0.05704343862831593 0.05751267643645406 3.2437435493193334e-06
    49.0    
