Corr-Diag Corr-Full Corr-Swap Data Epoch Loss MMD-Full MMD-Swap Mean
0.2230893075466156 1.2816368341445923 0.650723934173584 train 0.0 0.40412241965532303 0.2016060747951269 0.19185377053916455 1.0958545317407697e-05
    0.0    
0.23389789462089539 1.0586391687393188 0.5884188413619995 train 1.0 0.367572149336338 0.18153077125549316 0.1816817133873701 7.175110113166738e-06
    1.0    
0.24119867384433746 0.981787383556366 0.5645357370376587 train 2.0 0.3631507469713688 0.17916979111731052 0.1804978086799383 3.532733671818278e-06
    2.0    
0.23178048431873322 0.9487408995628357 0.5526454448699951 train 3.0 0.3626774597167969 0.17881615571677684 0.1806823406368494 3.8370289985323325e-06
    3.0    
0.23375868797302246 0.9434706568717957 0.544238269329071 train 4.0 0.3608330899477005 0.17788782700896263 0.17992100112140177 4.125072337046731e-06
    4.0    
0.23068375885486603 0.9523651003837585 0.5506641864776611 train 5.0 0.36072300985455513 0.17765463650226593 0.1801457956433296 3.439989768594387e-06
    5.0    
0.23464007675647736 0.9853277206420898 0.558364987373352 train 6.0 0.3591666121780872 0.1770364035665989 0.1792774411290884 3.736716507773963e-06
    6.0    
0.2330700159072876 0.9504307508468628 0.5482783317565918 train 7.0 0.359706791639328 0.17720574975013734 0.1797328642755747 3.9432461562682875e-06
    7.0    
0.23334616422653198 0.9724394679069519 0.5509429574012756 train 8.0 0.35886898651719096 0.17678045451641083 0.17929226271808146 2.787434596029925e-06
    8.0    
0.22394102811813354 0.9698982834815979 0.5528045892715454 train 9.0 0.35855361834168437 0.1766390124708414 0.17918080680072307 2.175142753912951e-06
    9.0    
0.21964378654956818 0.9809114933013916 0.5522751212120056 train 10.0 0.3589256298542023 0.17673121817409992 0.17945786692202093 3.1060831133800093e-06
    10.0    
0.20643720030784607 0.9737402200698853 0.5539214015007019 train 11.0 0.3590373316407204 0.1768851974606514 0.17938573502004146 2.178557906518108e-06
    11.0    
0.20605549216270447 0.9668118953704834 0.5521026849746704 train 12.0 0.35851951226592066 0.17649621814489364 0.17924450993537902 2.595672185634612e-06
    12.0    
0.2117573469877243 0.9912439584732056 0.5516341328620911 train 13.0 0.35710694909095764 0.17585759468376636 0.17851125188171862 2.0234226667525945e-06
    13.0    
0.20780952274799347 0.9822565317153931 0.5505069494247437 train 14.0 0.357874346524477 0.17628628574311733 0.17885448291897774 2.0549227883748244e-06
    14.0    
0.20248322188854218 0.9894996881484985 0.5519135594367981 train 15.0 0.35787789687514304 0.17622876644134522 0.1788924515992403 2.2044880552130053e-06
    15.0    
0.20306351780891418 1.0041675567626953 0.547308623790741 train 16.0 0.35676404923200605 0.1756403698772192 0.17836286343634128 2.2006577182764886e-06
    16.0    
0.1955118626356125 0.9868239760398865 0.5570017099380493 train 17.0 0.3575037209689617 0.1760004433989525 0.17873152896761893 1.3685070143765188e-06
    17.0    
0.19492414593696594 0.9979767203330994 0.5460523366928101 train 18.0 0.3568344847857952 0.1756141908466816 0.17847841210663318 2.1380662929004757e-06
    18.0    
0.18998092412948608 0.9946656227111816 0.5472554564476013 train 19.0 0.35649792417883874 0.1754444556683302 0.17826643906533718 2.5748479401954683e-06
    19.0    
0.19311846792697906 1.0213435888290405 0.5582693815231323 train 20.0 0.35761769488453865 0.17596268616616725 0.178862943649292 2.0862696601398056e-06
    20.0    
0.1887766569852829 1.0238475799560547 0.5575946569442749 train 21.0 0.3569751836359501 0.17564486376941205 0.17850827291607857 2.5093249860219657e-06
    21.0    
0.18916305899620056 1.0267776250839233 0.561944305896759 train 22.0 0.35648311585187914 0.17544742189347745 0.1782632777839899 2.197287130911718e-06
    22.0    
0.18217894434928894 1.0143989324569702 0.5520866513252258 train 23.0 0.35538758128881454 0.1749663306027651 0.17764027804136276 1.9364663330634357e-06
    23.0    
0.18750929832458496 1.0377594232559204 0.5463866591453552 train 24.0 0.35574655488133433 0.17508481718599797 0.17787861570715904 2.0979591681680176e-06
    24.0    
0.18187741935253143 1.0260121822357178 0.5486782789230347 train 25.0 0.3566645051538944 0.17549781627953054 0.17839466460049153 1.3918054264649982e-06
    25.0    
0.18211625516414642 1.034548282623291 0.5452574491500854 train 26.0 0.3561144046485424 0.17527928106486798 0.17801215261220932 2.094703404509346e-06
    26.0    
0.17576584219932556 1.0550438165664673 0.5522488355636597 train 27.0 0.3564500214159489 0.1753310765326023 0.17828278988599777 1.6401265838794643e-06
    27.0    
0.1680099219083786 1.0287858247756958 0.5443742871284485 train 28.0 0.3571003724634647 0.1757355435192585 0.17843301229178907 1.9146118575008586e-06
    28.0    
0.16436484456062317 1.031527042388916 0.5481942892074585 train 29.0 0.3560472808778286 0.17508759677410127 0.1780601517856121 2.1440246200654656e-06
    29.0    
0.17347684502601624 1.0723828077316284 0.5498132705688477 train 30.0 0.3556985704600811 0.1749580030143261 0.1778334830701351 1.7125978502008365e-06
    30.0    
0.17199864983558655 1.0550158023834229 0.5469560623168945 train 31.0 0.35664599761366844 0.1753484059870243 0.1783625517040491 2.0672571281465935e-06
    31.0    
0.16353607177734375 1.045534610748291 0.5550166964530945 train 32.0 0.35681167989969254 0.17549139082431794 0.17835543259978295 1.8441960492054932e-06
    32.0    
0.1622757464647293 1.0767197608947754 0.550325334072113 train 33.0 0.35512565553188324 0.174570736810565 0.17761513508856297 1.9795768366748234e-06
    33.0    
0.16111139953136444 1.06294846534729 0.549778938293457 train 34.0 0.3548559492826462 0.17441181905567646 0.1775590442866087 1.2542939202830894e-06
    34.0    
0.17157626152038574 1.06680166721344 0.5492891669273376 train 35.0 0.35511417403817175 0.17461720377206802 0.17761012822389602 1.8228346334581147e-06
    35.0    
0.1623864322900772 1.0482840538024902 0.5521604418754578 train 36.0 0.355948905646801 0.17497181557118893 0.17804719664156438 2.4354553715966176e-06
    36.0    
0.16087806224822998 1.078041434288025 0.5548414587974548 train 37.0 0.355129758566618 0.1746312400698662 0.1775781701505184 2.089226654788945e-06
    37.0    
0.16820330917835236 1.0771963596343994 0.5602359771728516 train 38.0 0.35546361207962035 0.17479613915085793 0.17778403602540493 2.1230036963970633e-06
    38.0    
0.16311591863632202 1.0752406120300293 0.5573780536651611 train 39.0 0.3553971567749977 0.17476219721138478 0.17774444162845612 1.7362802964271395e-06
    39.0    
0.16411051154136658 1.0906559228897095 0.5536336898803711 train 40.0 0.35603800788521767 0.1751171050965786 0.17802711822092532 2.242796881546383e-06
    40.0    
0.1546902358531952 1.0978401899337769 0.5577378273010254 train 41.0 0.355365430265665 0.17471637465059758 0.17774141252040862 1.4625742323914892e-06
    41.0    
0.15893754363059998 1.109101414680481 0.5574320554733276 train 42.0 0.3559372799098492 0.17492296546697617 0.17806506350636483 2.38395750784548e-06
    42.0    
0.15961316227912903 1.089543342590332 0.5564404726028442 train 43.0 0.3554825933277607 0.1748089037835598 0.1777350591123104 1.5289111843230785e-06
    43.0    
0.16117286682128906 1.1265742778778076 0.5607483386993408 train 44.0 0.35500659331679346 0.17456279277801515 0.17754498943686486 1.7920440313901054e-06
    44.0    
0.1607334315776825 1.127063274383545 0.5637670755386353 train 45.0 0.35486368983983996 0.17450135365128516 0.1774825094640255 1.4836592754363664e-06
    45.0    
0.16153232753276825 1.1127891540527344 0.5625047087669373 train 46.0 0.35587461695075034 0.17499112971127034 0.1779409047961235 2.0276111172279343e-06
    46.0    
0.16186606884002686 1.1235054731369019 0.5657619833946228 train 47.0 0.3546753960847855 0.174321234151721 0.17742418080568315 2.0934546682838118e-06
    47.0    
0.15949858725070953 1.13509202003479 0.5681124329566956 train 48.0 0.35481670588254927 0.1743990720808506 0.17747265346348284 1.9118676846119342e-06
    48.0    
0.16352204978466034 1.1376678943634033 0.567571759223938 train 49.0 0.35565355733036996 0.17475029334425926 0.17797550320625305 1.5544782172582927e-06
    49.0    
0.15893234312534332 1.1412593126296997 0.5661685466766357 train 50.0 0.3552543184161186 0.17463672608137132 0.17766733907163143 1.7102092897403054e-06
    50.0    
0.1587095707654953 1.121054768562317 0.5667205452919006 train 51.0 0.35495840802788736 0.174476208537817 0.17752371154725552 1.6261374184978195e-06
    51.0    
0.14685660600662231 1.1083083152770996 0.5609933137893677 train 52.0 0.3557426708936691 0.174806100577116 0.1779721926152706 1.7328802641713992e-06
    52.0    
0.14709575474262238 1.106691598892212 0.5636675953865051 train 53.0 0.3549868649244308 0.1744328697770834 0.17755624800920486 1.5840705600567162e-06
    53.0    
0.1497785896062851 1.125911831855774 0.5621259212493896 train 54.0 0.3550253964960575 0.17438188813626765 0.17765407040715217 1.8540595192462206e-06
    54.0    
0.15123330056667328 1.1206871271133423 0.5614845156669617 train 55.0 0.3551503972709179 0.17449687115848064 0.1776378758251667 2.1726807517552515e-06
    55.0    
0.1495906263589859 1.1175005435943604 0.5615680813789368 train 56.0 0.3558695685863495 0.17492833741009237 0.17791033834218978 1.2721412758764927e-06
    56.0    
0.15674152970314026 1.108112096786499 0.5613899230957031 train 57.0 0.3554681332409382 0.17464725971221923 0.177771665006876 1.5608675312250853e-06
    57.0    
0.1542346328496933 1.1193046569824219 0.5651717782020569 train 58.0 0.3555361744761467 0.17467579714953899 0.17783470809459687 1.7714140767566278e-06
    58.0    
0.15134765207767487 1.1308388710021973 0.5667270421981812 train 59.0 0.354725079536438 0.17420934744179248 0.17750575564801693 1.7351809447063715e-06
    59.0    
0.1496124267578125 1.1475615501403809 0.5751379132270813 train 60.0 0.3551656229794025 0.17452228434383868 0.17765899874269964 1.6242295259871753e-06
    60.0    
0.1478799730539322 1.1588664054870605 0.5716612935066223 train 61.0 0.3547710107266903 0.17440569549798965 0.17733804360032082 2.360450253036106e-06
    61.0    
0.14581894874572754 1.1490651369094849 0.5703835487365723 train 62.0 0.3552065953612328 0.1745526108890772 0.17762987934052943 2.0904360553686274e-06
    62.0    
0.1596238911151886 1.1575220823287964 0.5753048658370972 train 63.0 0.35403995260596277 0.17393555223941803 0.17713545329868793 2.0020349893457023e-06
    63.0    
0.16229641437530518 1.146721363067627 0.5697169899940491 train 64.0 0.35468844503164293 0.17422930993139743 0.17750695034861563 1.5633457906005788e-06
    64.0    
0.15970996022224426 1.1631709337234497 0.5774140357971191 train 65.0 0.3543634858727455 0.17421991430222988 0.17719321213662625 1.9796116248471662e-06
    65.0    
0.15759456157684326 1.1664961576461792 0.5780648589134216 train 66.0 0.3546189559996128 0.1742696377635002 0.17740520298480988 1.5054832829264342e-06
    66.0    
0.15886245667934418 1.1715004444122314 0.5787051916122437 train 67.0 0.35484188675880435 0.17433239936828612 0.1775656408816576 1.3068885209577275e-06
    67.0    
0.1552354395389557 1.1457051038742065 0.5734050869941711 train 68.0 0.3553998871147633 0.17464830555021763 0.1777702435851097 1.7064893427232164e-06
    68.0    
0.15347710251808167 1.1447422504425049 0.5825962424278259 train 69.0 0.35535203814506533 0.17463621854782105 0.17771113596856594 1.5776903410369414e-06
    69.0    
0.15262416005134583 1.1419399976730347 0.5693183541297913 train 70.0 0.3549306683242321 0.17436732523143292 0.17755879677832126 1.7130350897787139e-06
    70.0    
0.15669114887714386 1.138371229171753 0.573034942150116 train 71.0 0.35461589992046355 0.17423444725573062 0.1774074708670378 1.938814875757089e-06
    71.0    
0.14945735037326813 1.1545746326446533 0.5720152854919434 train 72.0 0.3550397057831287 0.17446620248258113 0.1775923252850771 1.532467990728037e-06
    72.0    
0.15838313102722168 1.1447384357452393 0.5794208645820618 train 73.0 0.3553604751825333 0.17465259969234467 0.17770949944853784 1.8718777710091672e-06
    73.0    
0.15040048956871033 1.1424058675765991 0.5763471722602844 train 74.0 0.3547853568196297 0.1743049819022417 0.1774830571562052 1.5795440049259923e-06
    74.0    
0.15194615721702576 1.1463606357574463 0.5718196034431458 train 75.0 0.35504244297742843 0.17443445891141893 0.17762963220477104 2.061067561953678e-06
    75.0    
0.15120886266231537 1.1291732788085938 0.5811874270439148 train 76.0 0.3558176574110985 0.17484812706708908 0.17794884830713273 2.05378432838188e-06
    76.0    
0.14392422139644623 1.1463767290115356 0.5743605494499207 train 77.0 0.35521958068013193 0.17448626846075058 0.17769480355083941 1.3345143088372424e-06
    77.0    
0.1529340296983719 1.1469720602035522 0.579396665096283 train 78.0 0.35473461404442785 0.17425401732325554 0.17745675049722195 1.5854935782044777e-06
    78.0    
0.1564335972070694 1.1859591007232666 0.5828266739845276 train 79.0 0.3543254794180393 0.1739928387850523 0.1773260785639286 2.5528479454806075e-06
    79.0    
0.1521742343902588 1.1558665037155151 0.5765969157218933 train 80.0 0.35502146869897844 0.17436438500881196 0.17764965020120144 1.4004117474542e-06
    80.0    
0.1516183316707611 1.1573055982589722 0.5771357417106628 train 81.0 0.35533368825912476 0.17449551105499267 0.17784722425043584 1.3798265854347846e-06
    81.0    
0.15623116493225098 1.1494007110595703 0.5779862999916077 train 82.0 0.35481119498610497 0.1743759422004223 0.17742214865982534 1.9783194602496224e-06
    82.0    
0.15530507266521454 1.1630542278289795 0.582041323184967 train 83.0 0.3556559431552887 0.17473683409392834 0.17794185683131217 1.7956739384317189e-06
    83.0    
0.15830346941947937 1.1566176414489746 0.5803576707839966 train 84.0 0.35456998392939565 0.17422030232846736 0.17737138018012047 1.4516604096570518e-06
    84.0    
0.14628495275974274 1.163389801979065 0.578938901424408 train 85.0 0.35436015218496325 0.17406137071549893 0.17731995634734632 1.7768433053788613e-06
    85.0    
0.15227101743221283 1.1595224142074585 0.5774279236793518 train 86.0 0.3552276064455509 0.17446858905255794 0.1777499559521675 2.6100483410118613e-06
    86.0    
0.15154452621936798 1.1664527654647827 0.5797209143638611 train 87.0 0.35522035643458366 0.17451716735959052 0.17768687300384045 1.2182786122139078e-06
    87.0    
0.1497572511434555 1.1697825193405151 0.5806219577789307 train 88.0 0.3554342201352119 0.17468205943703652 0.17771862439811228 1.975952272914583e-06
    88.0    
0.1410779058933258 1.1482760906219482 0.575966477394104 train 89.0 0.3550220139324665 0.17434029445052146 0.17766142658889295 2.0144059362792177e-06
    89.0    
0.14680619537830353 1.1730157136917114 0.5806617736816406 train 90.0 0.3552172362804413 0.1745134323090315 0.17768980875611307 1.3915172303313739e-06
    90.0    
0.15284983813762665 1.1852436065673828 0.585814356803894 train 91.0 0.3548353940248489 0.17419217571616172 0.17762075535953045 2.1961325273878174e-06
    91.0    
0.15079225599765778 1.1890497207641602 0.5813586711883545 train 92.0 0.35425359159708025 0.17408062867820262 0.17716660484671592 1.9225369669584325e-06
    92.0    
0.15338817238807678 1.1699949502944946 0.5903602242469788 train 93.0 0.35482148483395576 0.17433589369058608 0.17747927360236646 1.9981641798949568e-06
    93.0    
0.1508059948682785 1.1745365858078003 0.5827755928039551 train 94.0 0.35307049229741094 0.17354906603693962 0.17653354220092296 1.8475606111678644e-06
    94.0    
0.1582488715648651 1.1752887964248657 0.583033561706543 train 95.0 0.35494825929403306 0.1743484877794981 0.17758766628801823 2.887200253098854e-06
    95.0    
0.14385433495044708 1.1608060598373413 0.5782591700553894 train 96.0 0.3546518814563751 0.1742071370780468 0.17741606414318084 1.5444826431121328e-06
    96.0    
0.15099237859249115 1.1692876815795898 0.5841326713562012 train 97.0 0.35525444120168687 0.17441663041710853 0.17781559340655803 1.74313925072056e-06
    97.0    
0.14417533576488495 1.187096357345581 0.5932297110557556 train 98.0 0.3549979870021343 0.17427355207502843 0.17768106631934644 2.2940557755646296e-06
    98.0    
0.15040527284145355 1.1810675859451294 0.586465060710907 train 99.0 0.3549992470443249 0.17446563869714737 0.1774729984998703 1.994787226067274e-06
    99.0    
