Corr-Diag Corr-Full Corr-Swap Data Epoch Loss MMD-Full MMD-Swap Mean
0.33063194155693054 1.1797420978546143 0.4581161141395569 train 0.0 0.485884425342083 0.07995356848463415 0.07167348200455308 7.498657396354247e-06
    0.0    
0.3523305654525757 0.9918509125709534 0.4285047948360443 train 1.0 0.19232275076210498 0.06054462356492877 0.05946170939132571 8.609261385572609e-06
    1.0    
0.38538530468940735 1.0027351379394531 0.41978228092193604 train 2.0 0.17877186454832553 0.05934991033747792 0.05858588803559542 8.227279977290891e-06
    2.0    
0.4190787076950073 1.377876877784729 0.49076077342033386 train 3.0 0.17500662937760353 0.05913437282666564 0.05840745538473129 4.183994860795792e-06
    3.0    
0.4378511607646942 1.8295810222625732 0.585834264755249 train 4.0 0.17102946825325488 0.05904837444424629 0.058390255253762006 5.4492979870701674e-06
    4.0    
0.44836604595184326 1.8725718259811401 0.6083248853683472 train 5.0 0.16860911384224891 0.059062179140746594 0.05845592027530074 6.9109187279536854e-06
    5.0    
0.45769134163856506 1.7671741247177124 0.6030492782592773 train 6.0 0.16680591866374017 0.058917313646525145 0.05837750095874071 9.296435564465355e-06
    6.0    
0.466208279132843 1.673288106918335 0.5944839119911194 train 7.0 0.1649259602278471 0.058696903493255376 0.05817797290161252 9.759374734130688e-06
    7.0    
0.47469764947891235 1.6118671894073486 0.5888912677764893 train 8.0 0.164281799569726 0.05875587791204453 0.05825784338638187 5.271828740660567e-06
    8.0    
0.4796745181083679 1.5648829936981201 0.5829283595085144 train 9.0 0.1635155962407589 0.05877793731167912 0.05827740952372551 7.542576440755511e-06
    9.0    
0.48656195402145386 1.5060428380966187 0.5736687183380127 train 10.0 0.16263234078884126 0.058666042163968084 0.058224137462675574 1.2409715964167845e-05
    10.0    
0.49260759353637695 1.4448637962341309 0.5629352331161499 train 11.0 0.16234159141778945 0.058609363958239555 0.058132352288812396 9.987433259084355e-06
    11.0    
0.4985571801662445 1.385257601737976 0.5523117184638977 train 12.0 0.16190530553460122 0.05866741478443146 0.058262511156499386 9.829771443037316e-06
    12.0    
0.5066227912902832 1.3238290548324585 0.5409547090530396 train 13.0 0.16126546531915664 0.058581934217363595 0.05816464092582464 4.384939529700205e-06
    13.0    
0.5113136768341064 1.2699861526489258 0.5293940901756287 train 14.0 0.16035426661372185 0.05841731300577521 0.05806102531030774 8.819410140858963e-06
    14.0    
0.5175771117210388 1.2133457660675049 0.5172396302223206 train 15.0 0.16009130842983724 0.05856551246717572 0.05820570778101683 1.4439002370636445e-05
    15.0    
0.5231245756149292 1.165913701057434 0.5060111880302429 train 16.0 0.15920886762440203 0.058324606399983166 0.05796613687649369 7.0705386860936414e-06
    16.0    
0.5272655487060547 1.131748080253601 0.4969196617603302 train 17.0 0.15873576149344445 0.05830837480723858 0.057966033108532426 3.5863783978129504e-06
    17.0    
0.5323286652565002 1.1020855903625488 0.4880859851837158 train 18.0 0.15764700055122374 0.05821093356236815 0.05791046857833862 4.628553142538294e-06
    18.0    
0.5343297123908997 1.0746318101882935 0.4805166721343994 train 19.0 0.15761781111359596 0.058309021070599557 0.058020325601100924 7.851080226828344e-06
    19.0    
0.5403302907943726 1.0500693321228027 0.4735047221183777 train 20.0 0.15695130981504918 0.0581363608315587 0.05784270172938705 6.984301762713585e-06
    20.0    
0.5443796515464783 1.0185418128967285 0.46572408080101013 train 21.0 0.15626989632844926 0.05814580643549561 0.05785816853865981 7.487161383323837e-06
    21.0    
0.548336923122406 0.9867329597473145 0.4584961533546448 train 22.0 0.15550557486712932 0.05807374823838472 0.05785188553854823 6.191084594320273e-06
    22.0    
0.5518151521682739 0.9569107890129089 0.4507080614566803 train 23.0 0.1550233391672373 0.058008790202438834 0.057756555937230586 5.344705186871579e-06
    23.0    
0.5562021136283875 0.9295378923416138 0.4440626800060272 train 24.0 0.1541621332615614 0.057952548954635856 0.05775424297899008 5.385706572269555e-06
    24.0    
0.5592954754829407 0.897967517375946 0.43584388494491577 train 25.0 0.15385590352118014 0.0578733573295176 0.057690839245915414 5.8484597502683755e-06
    25.0    
0.5626277327537537 0.8665498495101929 0.4274902045726776 train 26.0 0.15370423942804337 0.05811097493395209 0.057952544782310725 4.327193437347887e-06
    26.0    
0.5673651695251465 0.8399055004119873 0.41975441575050354 train 27.0 0.1529426994919777 0.058032431434839965 0.05785093689337373 4.721323875855887e-06
    27.0    
0.5704979300498962 0.8101666569709778 0.41144582629203796 train 28.0 0.1522021997720003 0.057882298305630686 0.057741495314985514 4.890018317382783e-06
    28.0    
0.5742194652557373 0.7833781838417053 0.40315189957618713 train 29.0 0.15195432543754578 0.05788155667483807 0.05775636661797762 6.826095614087535e-06
    29.0    
0.5777300000190735 0.7579203844070435 0.3955252170562744 train 30.0 0.15160326942801475 0.05797529894858599 0.05786300865933299 5.553330538532464e-06
    30.0    
0.5804083347320557 0.7337390184402466 0.3876870274543762 train 31.0 0.15100680321455 0.05774019146338105 0.05764371706172824 6.538802608702099e-06
    31.0    
0.5846567749977112 0.7105482816696167 0.37946775555610657 train 32.0 0.15057762332260607 0.05791245605796576 0.057808476146310565 7.460841061401879e-06
    32.0    
0.5878000855445862 0.6899884343147278 0.37163251638412476 train 33.0 0.14997955158352852 0.057749724797904495 0.05766311880201101 3.2798179745441303e-06
    33.0    
0.590863049030304 0.6726382374763489 0.36554768681526184 train 34.0 0.1490526583045721 0.05762588392943144 0.057556210309267046 8.982389772427268e-06
    34.0    
0.593683123588562 0.6538679003715515 0.35739099979400635 train 35.0 0.14931199736893178 0.05780917989090085 0.05771956792101264 5.779427283414407e-06
    35.0    
0.5970823168754578 0.6368025541305542 0.34979239106178284 train 36.0 0.148363334313035 0.057711851857602595 0.05771615197882056 5.345213139662519e-06
    36.0    
0.6000697612762451 0.6204654574394226 0.3425167202949524 train 37.0 0.14798881001770497 0.057604108620434996 0.057586316745728255 5.4945658121141605e-06
    37.0    
0.603243887424469 0.6021502614021301 0.3344353139400482 train 38.0 0.14746758356690406 0.057632999159395695 0.057607093788683415 3.443007244641194e-06
    38.0    
0.6060500741004944 0.585888683795929 0.3263038694858551 train 39.0 0.14691636011004447 0.05764250384643674 0.057659316956996914 7.159441793191945e-06
    39.0    
0.6093612909317017 0.5682013630867004 0.31800422072410583 train 40.0 0.1462990202754736 0.05764997437596321 0.05769061846658587 3.6281805932958378e-06
    40.0    
0.6117832064628601 0.553024411201477 0.3101002275943756 train 41.0 0.14576005458831787 0.05753963403403759 0.05758386623114348 5.1967986109957565e-06
    41.0    
0.6146798133850098 0.5353417992591858 0.30101531744003296 train 42.0 0.14502362959086895 0.057398911006748675 0.057443136014044285 3.977639153163182e-06
    42.0    
0.6173343658447266 0.5192956924438477 0.29221311211586 train 43.0 0.14471204079687594 0.05756964365020394 0.05761227926239371 4.91307082484127e-06
    43.0    
0.619487464427948 0.5023773312568665 0.28350332379341125 train 44.0 0.14410743407905102 0.057449303213506935 0.05752189477905631 7.346958682319382e-06
    44.0    
0.6222906708717346 0.4855883717536926 0.2746087312698364 train 45.0 0.14371563538908957 0.05740290191024542 0.057454623263329264 6.989523626543814e-06
    45.0    
0.6251775026321411 0.469683974981308 0.2659270763397217 train 46.0 0.14297248907387256 0.057407841123640536 0.057534915842115876 5.593114565272117e-06
    46.0    
0.6265884041786194 0.45459792017936707 0.2574235498905182 train 47.0 0.14244397826492786 0.05734768534079194 0.057510865088552236 4.778672064276179e-06
    47.0    
0.6282622218132019 0.44052746891975403 0.24941638112068176 train 48.0 0.14149642802774906 0.05720215730369091 0.057344470359385016 6.640195351792499e-06
    48.0    
0.6310194134712219 0.4253026843070984 0.24108675122261047 train 49.0 0.14115368716418744 0.05724033500999212 0.05738321412354708 4.552784503175644e-06
    49.0    
0.6329998970031738 0.4120863974094391 0.23367030918598175 train 50.0 0.14076064802706242 0.05723426006734371 0.05741645779460668 8.16735700936988e-06
    50.0    
0.6341129541397095 0.39750030636787415 0.22596096992492676 train 51.0 0.1401082106679678 0.057190368212759496 0.057355117853730916 3.828506578429369e-06
    51.0    
0.6359391808509827 0.38464561104774475 0.218773752450943 train 52.0 0.13977055482566356 0.05724329529330134 0.057421341966837645 6.548465989908436e-06
    52.0    
0.6364725828170776 0.37370696663856506 0.21265576779842377 train 53.0 0.13922438472509385 0.05717139575630426 0.05737918635830283 6.248207682801876e-06
    53.0    
0.6370939612388611 0.362468421459198 0.20677617192268372 train 54.0 0.13897600017488002 0.057113895155489446 0.0573498417250812 4.6518202907464e-06
    54.0    
0.6370996236801147 0.3543235659599304 0.201792910695076 train 55.0 0.13834430783987045 0.05707906894385815 0.05728567371144891 3.410432782402495e-06
    55.0    
0.6381483674049377 0.3438500463962555 0.19644100964069366 train 56.0 0.1384123884886503 0.05724854895845056 0.05748823419213295 5.255963060335489e-06
    56.0    
0.6386348605155945 0.3348667323589325 0.1918470412492752 train 57.0 0.13760405369102954 0.05711660740897059 0.05738664774224162 3.9672218008490745e-06
    57.0    
0.6377403736114502 0.3277936577796936 0.1874745637178421 train 58.0 0.13754720136523246 0.05712930919602513 0.057380327768623826 5.811091796203982e-06
    58.0    
0.639683187007904 0.3200087249279022 0.1831112653017044 train 59.0 0.13732802480459214 0.057205892149358985 0.057493645939975975 6.647685950156301e-06
    59.0    
0.6392748355865479 0.31270068883895874 0.17885105311870575 train 60.0 0.136655453145504 0.05698797071352601 0.057263352051377295 5.996314484946197e-06
    60.0    
0.6389819383621216 0.3060980439186096 0.17528703808784485 train 61.0 0.13607583425939082 0.056944481302052735 0.05722140895202756 3.4486317872506334e-06
    61.0    
0.6389313340187073 0.29874327778816223 0.17149795591831207 train 62.0 0.13592362277209757 0.056909878980368374 0.057205019742250444 3.767588395930943e-06
    62.0    
0.6395186185836792 0.2916334867477417 0.1672077775001526 train 63.0 0.13589567810297012 0.05696373438462615 0.05728053102269769 3.552961516106734e-06
    63.0    
0.6402807831764221 0.28559309244155884 0.16353008151054382 train 64.0 0.13597651027143 0.05709685958921909 0.057426325660198924 4.458750026969938e-06
    64.0    
0.6403387188911438 0.2793745994567871 0.1600133627653122 train 65.0 0.1352656914293766 0.05688662074506283 0.0571959481947124 4.143779733567499e-06
    65.0    
0.6403360962867737 0.2731626033782959 0.15616758167743683 train 66.0 0.13546452850103377 0.057049622479826215 0.05737826090306044 3.7486940982489614e-06
    66.0    
0.6411316394805908 0.26693928241729736 0.1526462733745575 train 67.0 0.13501372374594212 0.056903365887701514 0.05723659900948405 4.819424702873221e-06
    67.0    
0.6413475871086121 0.26043543219566345 0.1489707976579666 train 68.0 0.13444490037858486 0.05679443577304483 0.057125031296163795 5.885764494450996e-06
    68.0    
0.6404112577438354 0.2539944648742676 0.1452452689409256 train 69.0 0.13485823169350625 0.056917540915310386 0.05727343656122685 4.811056896869559e-06
    69.0    
0.6420209407806396 0.2483660876750946 0.14152191579341888 train 70.0 0.1345019145309925 0.056977680567651984 0.057343012653291225 5.068871814728482e-06
    70.0    
0.6422739624977112 0.24251487851142883 0.13812881708145142 train 71.0 0.13439873188734056 0.056965662371367215 0.05730645781382918 6.6471802711021155e-06
    71.0    
0.6426283717155457 0.23694175481796265 0.13490299880504608 train 72.0 0.1342181821912527 0.056888431590050456 0.05723118392750621 6.122999366198201e-06
    72.0    
0.6424595713615417 0.23122994601726532 0.13125647604465485 train 73.0 0.13360898561775683 0.05675451770424843 0.05714793633669615 6.673812549706781e-06
    73.0    
0.6434119939804077 0.22528418898582458 0.12845495343208313 train 74.0 0.13354899518191815 0.05685519440099597 0.05722827373072505 4.97657356390846e-06
    74.0    
0.643938422203064 0.21969836950302124 0.12498408555984497 train 75.0 0.1335853110253811 0.056845392137765884 0.05719374433159828 6.589929398614913e-06
    75.0    
0.6449725031852722 0.21485906839370728 0.1215725764632225 train 76.0 0.133252492621541 0.056896013375371694 0.05726026590913534 7.242325409606565e-06
    76.0    
0.6450735330581665 0.20753984153270721 0.11773548275232315 train 77.0 0.1336163379251957 0.057009495459496976 0.05737003630027175 9.308084372605663e-06
    77.0    
0.6452298760414124 0.20236048102378845 0.11479365080595016 train 78.0 0.13294798165559768 0.056748098768293856 0.05714886322617531 6.254365871427581e-06
    78.0    
0.6461913585662842 0.19754956662654877 0.11182958632707596 train 79.0 0.13294802665710448 0.056871955916285515 0.05729885973036289 5.67004917684244e-06
    79.0    
0.6468321084976196 0.19292564690113068 0.10950695723295212 train 80.0 0.13315684355795385 0.056906405985355374 0.057301925346255306 4.633972366718808e-06
    80.0    
0.6472228169441223 0.1879725605249405 0.10644352436065674 train 81.0 0.13281010054051876 0.05688778955489397 0.05731339231133461 4.193964741716627e-06
    81.0    
0.6471729874610901 0.1829114705324173 0.10419994592666626 train 82.0 0.1325117740780115 0.05682566989213228 0.057248693499714134 7.464648206223501e-06
    82.0    
0.6468303203582764 0.1786656230688095 0.10118564963340759 train 83.0 0.13247421585023403 0.056799866110086444 0.05720963932573795 7.922541954030748e-06
    83.0    
0.6477460265159607 0.17432047426700592 0.09912948310375214 train 84.0 0.13246780030429364 0.05674868758767843 0.05716656178236008 4.320780135458335e-06
    84.0    
0.6488739848136902 0.1698439121246338 0.09692338109016418 train 85.0 0.13213430520147085 0.056772421821951864 0.0571394600905478 5.248768502497114e-06
    85.0    
0.6471046805381775 0.1660124510526657 0.09425754100084305 train 86.0 0.13216762408614158 0.05679808599874377 0.05720939664170146 5.531255283131031e-06
    86.0    
0.6479868292808533 0.16200198233127594 0.09258455038070679 train 87.0 0.13218205079436302 0.05685738677158952 0.05725820256397128 3.7308411720005097e-06
    87.0    
0.6480475664138794 0.15872041881084442 0.09059154242277145 train 88.0 0.13213246658444405 0.05684722283855081 0.05727338548749685 6.661958650511224e-06
    88.0    
0.6487869620323181 0.15569444000720978 0.08879116922616959 train 89.0 0.13204322196543217 0.0567727723531425 0.05720729747787118 4.153476766077802e-06
    89.0    
0.6483588218688965 0.15266790986061096 0.08740629255771637 train 90.0 0.13167548783123492 0.05671290438622236 0.05712978575378656 4.67646441393299e-06
    90.0    
0.6501718759536743 0.15049715340137482 0.08619850128889084 train 91.0 0.13162014372646808 0.056824556402862075 0.05725463874638081 4.5353804125625174e-06
    91.0    
0.6492413282394409 0.14668585360050201 0.08414178341627121 train 92.0 0.13159778326749802 0.056839142180979255 0.05731386322528124 4.51217920272029e-06
    92.0    
0.649677574634552 0.1445700079202652 0.08316941559314728 train 93.0 0.13185124844312668 0.05683267651125789 0.05728182956576347 5.886765848117648e-06
    93.0    
0.6489736437797546 0.1416877657175064 0.08205116540193558 train 94.0 0.13222627572715281 0.0569244715385139 0.0573372695222497 3.818547156697605e-06
    94.0    
0.6478905081748962 0.13945616781711578 0.08059779554605484 train 95.0 0.13118023481220006 0.05682786289602518 0.05730933472514153 2.9038599222985795e-06
    95.0    
0.65008944272995 0.13867920637130737 0.07974470406770706 train 96.0 0.13146563075482845 0.05675437334924936 0.05719014674425125 4.079449809069047e-06
    96.0    
0.649125874042511 0.13687072694301605 0.07863865047693253 train 97.0 0.13097568050026895 0.056703613828867676 0.057143240608274935 4.500609065871686e-06
    97.0    
0.6501616835594177 0.13511496782302856 0.07792890816926956 train 98.0 0.1315332815796137 0.05688346290960908 0.05731784578412771 6.215015218913322e-06
    98.0    
0.6493343710899353 0.1338285505771637 0.07743488997220993 train 99.0 0.13158021681010723 0.05687869196757674 0.057336402758955955 5.659662747348193e-06
    99.0    
