Corr-Diag Corr-Full Corr-Swap Data Epoch Loss MMD-Full MMD-Swap Mean
0.15025828778743744 1.1546099185943604 0.6470487117767334 train 0.0 0.21554890811443328 0.10943109415471554 0.0985571014136076 2.821029738697689e-05
    0.0    
0.17722484469413757 0.9554217457771301 0.5897312164306641 train 1.0 0.17283692322671412 0.08562814760953188 0.08461111024022103 1.912107654788997e-05
    1.0    
0.19372212886810303 0.892372190952301 0.5654625296592712 train 2.0 0.16986610367894173 0.08426921654492617 0.08346302952617407 1.5632836948498152e-05
    2.0    
0.20605619251728058 0.8741701245307922 0.5487639307975769 train 3.0 0.1682760166376829 0.08356469847261906 0.0827820498496294 1.3089173080516048e-05
    3.0    
0.21595044434070587 0.8934235572814941 0.5397756695747375 train 4.0 0.16756246745586395 0.0832936941832304 0.08246180944144726 1.1527582501003053e-05
    4.0    
0.2258954644203186 0.9319526553153992 0.5302591919898987 train 5.0 0.16734263196587562 0.08326680701225996 0.08234171591699123 9.934641639119945e-06
    5.0    
0.23636525869369507 1.008531093597412 0.5250822305679321 train 6.0 0.16664925612509252 0.08291305601596832 0.08206813067197799 8.434179108007811e-06
    6.0    
0.24582207202911377 1.1433011293411255 0.5233825445175171 train 7.0 0.16672912172973156 0.08292987301945687 0.08218330357223749 6.3150073401629925e-06
    7.0    
0.25302278995513916 1.3450614213943481 0.5260390043258667 train 8.0 0.16631025835871696 0.0827744335308671 0.08196319151669741 5.011698704038281e-06
    8.0    
0.2550393044948578 1.5718377828598022 0.5316538214683533 train 9.0 0.1664532583206892 0.08287852749228478 0.08203931231051684 3.658090690805693e-06
    9.0    
0.26032644510269165 1.786321759223938 0.5402517914772034 train 10.0 0.16632468454539776 0.08276143204420805 0.08205832611769438 2.681290197870112e-06
    10.0    
0.26672154664993286 2.019381046295166 0.5502368211746216 train 11.0 0.16575407303869724 0.08249433632940054 0.08178332477807998 2.1109899535076693e-06
    11.0    
0.27092045545578003 2.1972646713256836 0.5560407042503357 train 12.0 0.16590538926422596 0.08256931096315384 0.08188595473766327 1.3799138969261548e-06
    12.0    
0.2737056612968445 2.3633437156677246 0.565796434879303 train 13.0 0.16567249864339828 0.0825121709704399 0.08172879219055176 1.0282362836733228e-06
    13.0    
0.27534663677215576 2.465898275375366 0.5664876103401184 train 14.0 0.16545700550079345 0.08235784783959389 0.08169165372848511 1.1543428399818367e-06
    14.0    
0.2750680446624756 2.574418067932129 0.5650942921638489 train 15.0 0.16560139946639538 0.0824440160766244 0.08176302809268236 1.5906168755464023e-06
    15.0    
0.27478814125061035 2.642059564590454 0.576757550239563 train 16.0 0.1650744540989399 0.0821380265429616 0.08156116910278798 1.428379732715257e-06
    16.0    
0.2774997055530548 2.6932694911956787 0.5742689371109009 train 17.0 0.16551060862839223 0.08236982557922602 0.08177143421024084 1.8707534081841004e-06
    17.0    
0.27800706028938293 2.7024576663970947 0.5783904790878296 train 18.0 0.16527710378170013 0.08225668217986822 0.08166663233190775 1.9772494397329865e-06
    18.0    
0.2784532904624939 2.7195606231689453 0.5820819139480591 train 19.0 0.16496468730270863 0.0820800707489252 0.08154969155788422 2.324644128748332e-06
    19.0    
0.2793086767196655 2.7290282249450684 0.5922731161117554 train 20.0 0.16486756853759288 0.08202550701797008 0.08151982728391886 3.2582627227384364e-06
    20.0    
0.2769172787666321 2.708937883377075 0.5790114998817444 train 21.0 0.16479602724313736 0.08201923824846745 0.08145990572869778 3.039153170902864e-06
    21.0    
0.279205858707428 2.6892282962799072 0.587717592716217 train 22.0 0.1643961638957262 0.08177197612822056 0.08132391411811113 2.934317990366253e-06
    22.0    
0.2777547240257263 2.674126148223877 0.5828680992126465 train 23.0 0.16455373637378215 0.08186390541493893 0.08139135792851449 3.39195230480982e-06
    23.0    
0.279191255569458 2.640141487121582 0.5841707587242126 train 24.0 0.16444181583821774 0.0817842535302043 0.08137517604976892 2.9058257950964617e-06
    24.0    
0.2762289047241211 2.628657579421997 0.5861488580703735 train 25.0 0.16466269664466382 0.08188892874866724 0.08148981068283319 2.8672579901467543e-06
    25.0    
0.2728903889656067 2.585827112197876 0.5781829953193665 train 26.0 0.16437348373234273 0.08176639746874571 0.08132862105965614 2.3801180759619456e-06
    26.0    
0.2782430350780487 2.5304458141326904 0.5693783760070801 train 27.0 0.16394460640847683 0.0815446064248681 0.08112945180386305 2.544637254686677e-06
    27.0    
0.27697625756263733 2.5030581951141357 0.5677047371864319 train 28.0 0.16421498373150825 0.08166313506662845 0.0812775332480669 2.510111016817973e-06
    28.0    
0.27525052428245544 2.4766037464141846 0.5635561943054199 train 29.0 0.16430439800024033 0.08167351726442576 0.0813679375499487 1.9259268810856156e-06
    29.0    
0.27843785285949707 2.424210548400879 0.5591243505477905 train 30.0 0.1638645353168249 0.08145971722900867 0.08114298332482577 2.5608173928048927e-06
    30.0    
0.27724698185920715 2.379943609237671 0.5557777881622314 train 31.0 0.16417032949626445 0.08165073722600937 0.08127033349126578 2.1600524178211344e-06
    31.0    
0.27521219849586487 2.3357162475585938 0.5539954304695129 train 32.0 0.16376007832586764 0.08139811594039202 0.08111944418400525 1.7369393390254118e-06
    32.0    
0.2763819694519043 2.281970977783203 0.5469286441802979 train 33.0 0.16366762012243272 0.0813813192024827 0.08104774374514818 1.767026333254762e-06
    33.0    
0.276856929063797 2.234437942504883 0.5469624400138855 train 34.0 0.1639346292614937 0.08146650642156601 0.08122745186090469 2.5869828732538735e-06
    34.0    
0.2746777832508087 2.1885507106781006 0.5368572473526001 train 35.0 0.16348414264619351 0.08125390157103539 0.08099900893867015 2.03458557734848e-06
    35.0    
0.27434271574020386 2.1568996906280518 0.5333107709884644 train 36.0 0.1638608869165182 0.08140540666878224 0.08122869897633792 1.8552188976173056e-06
    36.0    
0.2730786204338074 2.1297049522399902 0.5301749110221863 train 37.0 0.16370403081178664 0.08134346652776003 0.08114290557801723 1.7144780031230766e-06
    37.0    
0.27454647421836853 2.092172145843506 0.5290975570678711 train 38.0 0.16345548152923584 0.08119301360100507 0.08104083184152841 1.8923119569080882e-06
    38.0    
0.2728734016418457 2.0592968463897705 0.5206285715103149 train 39.0 0.1634241396188736 0.08118808213621379 0.08101713690906763 1.646461100790475e-06
    39.0    
0.27168673276901245 2.033022880554199 0.5189986824989319 train 40.0 0.16370366536080838 0.08132593259215355 0.08115777157247067 1.861717692008824e-06
    40.0    
0.27173733711242676 2.0100271701812744 0.5221990346908569 train 41.0 0.16310036443173886 0.0810285709798336 0.08085803981870412 1.9429944586590864e-06
    41.0    
0.27016574144363403 1.9843199253082275 0.5100165605545044 train 42.0 0.1631736007332802 0.08103237118571997 0.08093521647155284 1.5461571365449345e-06
    42.0    
0.2715417742729187 1.9675183296203613 0.5120733380317688 train 43.0 0.16316351264715195 0.08105144750326872 0.08090366784483194 1.8432937167744967e-06
    43.0    
0.2705153226852417 1.9409703016281128 0.5119611620903015 train 44.0 0.163024857416749 0.08094392139464616 0.08087562385946512 1.85650105777313e-06
    44.0    
0.2695573568344116 1.9062623977661133 0.5062088966369629 train 45.0 0.1635449006408453 0.08119078062474727 0.08114461336284876 1.4766904996577068e-06
    45.0    
0.26746153831481934 1.8922178745269775 0.5004382133483887 train 46.0 0.16300157628953457 0.08095475912094116 0.0808367209136486 1.129754878093081e-06
    46.0    
0.269027978181839 1.876227617263794 0.5013432502746582 train 47.0 0.16319116942584513 0.08100771356374026 0.0809796403720975 1.2721584425889887e-06
    47.0    
0.2707826793193817 1.8460692167282104 0.49823087453842163 train 48.0 0.16294272512197494 0.08087388142943382 0.08087292019277811 1.4955950291550835e-06
    48.0    
0.26918697357177734 1.836205244064331 0.4993615448474884 train 49.0 0.1628922439366579 0.08085960868746042 0.0808436006307602 1.4231804925657343e-06
    49.0    
