Corr-Diag Corr-Full Corr-Swap Data Epoch Loss MMD-Full MMD-Swap Mean
0.23466379940509796 1.9482293128967285 0.5994726419448853 train 0.0 0.27335344716906546 0.14222114779055117 0.11368916422128678 1.2925195733259898e-05
    0.0    
0.2949954867362976 1.4264001846313477 0.5357474088668823 train 1.0 0.15298303857445716 0.0758438366279006 0.06962025821208954 8.232180334744044e-06
    1.0    
0.33054685592651367 1.2077351808547974 0.4969938397407532 train 2.0 0.13549883559346199 0.06600466798990964 0.06381425915285945 6.803012638556538e-06
    2.0    
0.3591664433479309 1.0449129343032837 0.4668295383453369 train 3.0 0.12997824989259243 0.06317243695259095 0.06197432328015566 6.964696694922168e-06
    3.0    
0.3834700584411621 0.9378845691680908 0.4422595798969269 train 4.0 0.126809540130198 0.06171325262635946 0.0608740440197289 4.293231995688984e-06
    4.0    
0.4045833349227905 0.8691001534461975 0.41599908471107483 train 5.0 0.12494040362536907 0.06093304935842753 0.06028557036072016 3.4718286769930273e-06
    5.0    
0.42167240381240845 0.8141573071479797 0.39876842498779297 train 6.0 0.12389927353709936 0.060558687802404164 0.060032547246664764 4.1722300920810085e-06
    6.0    
0.43958279490470886 0.7776423096656799 0.3858366012573242 train 7.0 0.12279490049928427 0.06012730695307255 0.0597118978202343 2.2269289274845505e-06
    7.0    
0.45236459374427795 0.754858672618866 0.3794209659099579 train 8.0 0.12176252465695142 0.05974194701761007 0.05936293752864003 2.974946710310178e-06
    8.0    
0.4621615409851074 0.7463886141777039 0.3751152455806732 train 9.0 0.12078223437070847 0.05936151320114732 0.05901910835877061 3.632796506281011e-06
    9.0    
0.47142642736434937 0.7470723390579224 0.3738601803779602 train 10.0 0.12023839708417654 0.05919727386906743 0.0588488245382905 4.307042217988055e-06
    10.0    
0.47783830761909485 0.7505004405975342 0.37511059641838074 train 11.0 0.1199646294489503 0.059164738170802596 0.058785055316984657 2.3970933398231864e-06
    11.0    
0.4856606125831604 0.7691264748573303 0.3767257332801819 train 12.0 0.11914497327059508 0.05879763837903738 0.05848674140870571 1.9019098544958979e-06
    12.0    
0.48840025067329407 0.7752208113670349 0.37866848707199097 train 13.0 0.11934590343385935 0.05894733060151339 0.05866170531138778 3.3381600132997846e-06
    13.0    
0.4939720332622528 0.7833491563796997 0.37948691844940186 train 14.0 0.11871719259768725 0.058690004032105204 0.05840215878561139 2.433005420243717e-06
    14.0    
0.4976133406162262 0.7913801670074463 0.3810567855834961 train 15.0 0.11835874922573567 0.058547511585056784 0.05828063661232591 2.3149436856328975e-06
    15.0    
0.5026578903198242 0.7902584075927734 0.38122281432151794 train 16.0 0.11855850514024496 0.0586634779535234 0.05844410371035338 3.195294993929565e-06
    16.0    
0.5087487101554871 0.8002142906188965 0.38159921765327454 train 17.0 0.11806628368794918 0.05846768176183104 0.058219914771616456 3.4821757708414225e-06
    17.0    
0.5105165243148804 0.7994972467422485 0.3806445598602295 train 18.0 0.1180170688778162 0.05847368884831667 0.05822743013501167 2.466146270307945e-06
    18.0    
0.5143474340438843 0.7991660833358765 0.3797452449798584 train 19.0 0.11803497027605772 0.058498735763132574 0.05827348312363029 2.720622205742984e-06
    19.0    
0.5173284411430359 0.8018867373466492 0.3797518312931061 train 20.0 0.11746062215417624 0.05822323221713305 0.058025226555764677 1.832264047152421e-06
    20.0    
0.5183166861534119 0.7990761995315552 0.37975016236305237 train 21.0 0.11787013873457909 0.058462544493377205 0.05823674013838172 2.1610885596601292e-06
    21.0    
0.5212812423706055 0.7973230481147766 0.37770429253578186 train 22.0 0.11755061965435744 0.05833542505279184 0.05808254515752196 2.907359885284677e-06
    22.0    
0.5216683745384216 0.79707270860672 0.37692850828170776 train 23.0 0.11740942735224963 0.058241566196084026 0.0580677898786962 2.881773298213375e-06
    23.0    
0.5234014987945557 0.7951343655586243 0.37557104229927063 train 24.0 0.11744773279875517 0.05826635958626866 0.05811471316963434 2.3445263650501147e-06
    24.0    
0.5250470042228699 0.800527811050415 0.3762694001197815 train 25.0 0.11704268664121628 0.05810354914516211 0.05790211923420429 2.000466110985144e-06
    25.0    
0.5249674320220947 0.8000035285949707 0.3755969703197479 train 26.0 0.11718129273504019 0.05817987320944667 0.05798941470682621 2.3142661120800767e-06
    26.0    
0.5246212482452393 0.8027893304824829 0.37549033761024475 train 27.0 0.11729918953031301 0.05824474941939115 0.05806465284898877 2.299685093021253e-06
    27.0    
0.5266444683074951 0.8006574511528015 0.3748520314693451 train 28.0 0.1171299684420228 0.05815557073801756 0.05800793686881661 2.6401908144180197e-06
    28.0    
0.5269442200660706 0.8099080920219421 0.37513694167137146 train 29.0 0.11677612960338593 0.05798032224178314 0.05784952908754349 2.573575102360337e-06
    29.0    
0.5279293060302734 0.8068347573280334 0.37471163272857666 train 30.0 0.1171883563697338 0.05819873690605164 0.0580590957775712 1.693450258244411e-06
    30.0    
0.5261040925979614 0.8097494840621948 0.3740403354167938 train 31.0 0.1170815808698535 0.058151953388005495 0.058014141712337736 2.407383817626396e-06
    31.0    
0.5255761742591858 0.8104491233825684 0.37475138902664185 train 32.0 0.1168334063142538 0.05803836775943637 0.05789378060027957 2.221030399596202e-06
    32.0    
0.5269358158111572 0.8170310854911804 0.3756363093852997 train 33.0 0.11694656506180763 0.05807222230359912 0.05799097504466772 1.8644831243364024e-06
    33.0    
0.5279499292373657 0.8189491033554077 0.3757641613483429 train 34.0 0.11676974941045046 0.05802021719515324 0.05787910809740424 2.444644678689656e-06
    34.0    
0.5269678235054016 0.8133758902549744 0.37473323941230774 train 35.0 0.11687540642917156 0.058054060470312835 0.057961789909750226 3.2944794838840608e-06
    35.0    
0.5247848033905029 0.8169255256652832 0.37596595287323 train 36.0 0.11690976299345493 0.058090075217187405 0.057967852130532266 2.0996592411393067e-06
    36.0    
0.5261990427970886 0.8206741809844971 0.3759891986846924 train 37.0 0.11659008637070656 0.057924809735268354 0.057824204582720994 1.7511428040961619e-06
    37.0    
0.5246212482452393 0.8246534466743469 0.37626713514328003 train 38.0 0.1166737349703908 0.05796531649306416 0.05787762338295579 2.4494445369782625e-06
    38.0    
0.5237845778465271 0.8317105174064636 0.3774413466453552 train 39.0 0.11665231175720692 0.057942625544965265 0.05788659969344735 2.078106035696692e-06
    39.0    
0.5238586068153381 0.8294147253036499 0.37737590074539185 train 40.0 0.1163367885351181 0.05779405254870653 0.057724921815097335 1.552656271996966e-06
    40.0    
0.5225361585617065 0.8284040689468384 0.37733858823776245 train 41.0 0.11647626273334026 0.05784446941688657 0.05782260589301586 2.0711656816274626e-06
    41.0    
0.5201640725135803 0.8311257362365723 0.37816810607910156 train 42.0 0.11642738435417414 0.05786453150212765 0.05775791369378567 2.9414820801321184e-06
    42.0    
0.5210593938827515 0.832420289516449 0.3769899606704712 train 43.0 0.11645648539066315 0.057858855649828914 0.05779910823330283 3.6991264096286613e-06
    43.0    
0.5209512114524841 0.8333849310874939 0.37773260474205017 train 44.0 0.11639270875602961 0.057804135456681255 0.05780094843357801 2.026040192504297e-06
    44.0    
0.5194882154464722 0.8355991840362549 0.3783259689807892 train 45.0 0.11654969580471515 0.05788861459121108 0.05787550376728177 3.06395168081508e-06
    45.0    
0.5189118385314941 0.8365933299064636 0.3777950704097748 train 46.0 0.11603007391095162 0.05762506049126387 0.05762903161346913 1.500738790127798e-06
    46.0    
0.5183535814285278 0.8376586437225342 0.37789276242256165 train 47.0 0.11616171542555094 0.05769469112157822 0.057693407107144594 2.7830153612740105e-06
    47.0    
0.5181612968444824 0.8360722661018372 0.37728163599967957 train 48.0 0.11607593439519405 0.057664778288453816 0.05764168661087751 2.5520364488329506e-06
    48.0    
0.5194663405418396 0.8344171643257141 0.3768691122531891 train 49.0 0.11615011312067508 0.05769080901518464 0.057692935988307 1.8769256939776824e-06
    49.0    
0.516476571559906 0.8366991877555847 0.37738388776779175 train 50.0 0.1162625952064991 0.05774117935448885 0.057760610450059174 1.3623238146465155e-06
    50.0    
0.5166520476341248 0.8371587991714478 0.37750333547592163 train 51.0 0.11602806948125362 0.05763842457905412 0.0576290206424892 2.3507884634454967e-06
    51.0    
0.5171211361885071 0.8400484919548035 0.3780445456504822 train 52.0 0.11609060164541006 0.057648111023008826 0.05768686324357986 1.8913618760052486e-06
    52.0    
0.5139005184173584 0.842393159866333 0.37900683283805847 train 53.0 0.11610264264047146 0.05768825698643923 0.057662770804017785 3.309640987936291e-06
    53.0    
0.51448655128479 0.8416544198989868 0.3783262073993683 train 54.0 0.11596493642777204 0.0575767495110631 0.057638239897787574 1.8717894363362575e-06
    54.0    
0.5144379734992981 0.8350649476051331 0.37670162320137024 train 55.0 0.11595061108469963 0.057568104807287454 0.05763976398855448 2.922941348515451e-06
    55.0    
0.5164079666137695 0.836774468421936 0.3770278990268707 train 56.0 0.11615169908851385 0.05769580416381359 0.057716535292565825 2.8005940748698777e-06
    56.0    
0.5153213739395142 0.8419826626777649 0.3783337473869324 train 57.0 0.11575954917818308 0.057499806508421895 0.05752166572958231 2.3800564576959005e-06
    57.0    
0.5135762095451355 0.8389716148376465 0.377939373254776 train 58.0 0.11604425497353077 0.05764259722083807 0.057663611825555565 2.566458306318964e-06
    58.0    
0.5141276717185974 0.8402197360992432 0.3779370188713074 train 59.0 0.11582095686346293 0.05750848701223731 0.05758058404549957 1.7730410490912618e-06
    59.0    
0.5144999623298645 0.8375913500785828 0.37651893496513367 train 60.0 0.1158661962673068 0.05753256104886532 0.05760445298627019 2.361397264394327e-06
    60.0    
0.5142145752906799 0.8339489102363586 0.3759547472000122 train 61.0 0.11593728695064782 0.057560778539627794 0.05764835981652141 3.1950542052072706e-06
    61.0    
0.5115849375724792 0.8308813571929932 0.37532511353492737 train 62.0 0.11585063606500626 0.05752453848719597 0.05759989932179451 2.9563707357738167e-06
    62.0    
0.5129935145378113 0.826329231262207 0.3738052546977997 train 63.0 0.1159141044691205 0.057564120125025514 0.05762297999113798 1.9769202026509447e-06
    63.0    
0.5111597776412964 0.8293960094451904 0.374385267496109 train 64.0 0.11575058680027724 0.0574711836129427 0.05755963245406747 1.6452561339974636e-06
    64.0    
0.5123987197875977 0.8296675086021423 0.37469035387039185 train 65.0 0.11571072466671467 0.05744773341342807 0.05754555094987154 2.706799705265439e-06
    65.0    
0.5128132104873657 0.8265326023101807 0.374061644077301 train 66.0 0.11567915454506875 0.057423545699566605 0.057540034558624026 2.558081860115635e-06
    66.0    
0.51292884349823 0.8240720629692078 0.37368810176849365 train 67.0 0.11570275209844112 0.05744780004024506 0.05754166170954704 2.2074557364248903e-06
    67.0    
0.5119781494140625 0.8228073120117188 0.37307009100914 train 68.0 0.11588286690413951 0.05754269862547517 0.05762660726904869 1.9937001525249798e-06
    68.0    
0.5118839144706726 0.8170462250709534 0.37115412950515747 train 69.0 0.11598294258117675 0.05756078999489546 0.057711124289780855 1.6174510619748617e-06
    69.0    
0.5122310519218445 0.8144532442092896 0.3707924783229828 train 70.0 0.11548423383384943 0.05732226613909006 0.057452680077403784 2.7069106636190554e-06
    70.0    
0.5150146484375 0.8118423819541931 0.36970600485801697 train 71.0 0.11556272223591804 0.05736811285838485 0.057490200959146025 1.6063146404121653e-06
    71.0    
0.5120713710784912 0.8102025389671326 0.36886560916900635 train 72.0 0.1158286064118147 0.05747902745380998 0.05764820056036115 2.7146804768563015e-06
    72.0    
0.5126667022705078 0.8086346387863159 0.36852943897247314 train 73.0 0.11561340976506472 0.0573811724036932 0.05753015300258994 1.9853632693411782e-06
    73.0    
0.5122038125991821 0.8052477240562439 0.3681396245956421 train 74.0 0.11564652346074582 0.05737847562879324 0.05757336923852563 2.3409954792441567e-06
    74.0    
0.5112910270690918 0.804763674736023 0.3679889440536499 train 75.0 0.11548401296138763 0.057319202963262796 0.05746964834630489 2.498273715900723e-06
    75.0    
0.511273205280304 0.8006018400192261 0.3666221797466278 train 76.0 0.11575720440596342 0.05746148556470871 0.05759701063856482 2.239118430225062e-06
    76.0    
0.5111669301986694 0.7977683544158936 0.3660203516483307 train 77.0 0.1153986693546176 0.057275941446423534 0.057429896127432586 1.8872633518185467e-06
    77.0    
0.5124014019966125 0.7940168380737305 0.36455798149108887 train 78.0 0.11530893236398697 0.057236897684633734 0.057379648443311455 2.290053089382127e-06
    78.0    
0.5121872425079346 0.7901178002357483 0.36375075578689575 train 79.0 0.11560456931591034 0.05736955711618066 0.0575456977635622 1.3289338767208392e-06
    79.0    
0.5126954317092896 0.7839656472206116 0.3626488745212555 train 80.0 0.11560761235654354 0.05735041117295623 0.05756721986457705 2.0059717371623265e-06
    80.0    
0.510849118232727 0.7844738364219666 0.36225780844688416 train 81.0 0.11553627725690603 0.05734676834195852 0.057503517027944324 2.2318017727229744e-06
    81.0    
0.5109943747520447 0.7850381731987 0.3623828589916229 train 82.0 0.1158426596224308 0.057502230796962976 0.057652898766100406 1.969492814168916e-06
    82.0    
0.5111865997314453 0.781056821346283 0.3614289164543152 train 83.0 0.11550800912082196 0.05735200749710202 0.05746974166482687 2.3627624159416882e-06
    83.0    
0.5127004981040955 0.776168167591095 0.36038339138031006 train 84.0 0.11545093290507794 0.05729518309235573 0.057470865901559594 2.061857230728492e-06
    84.0    
0.512233316898346 0.7752401232719421 0.3601287305355072 train 85.0 0.11557797472923995 0.05736602496355772 0.057533536702394486 2.2155811620905297e-06
    85.0    
0.510576069355011 0.7750698328018188 0.3598775863647461 train 86.0 0.11545602601021528 0.05731115812435746 0.057464523259550336 1.646610144234728e-06
    86.0    
0.5137866139411926 0.7716957926750183 0.35905835032463074 train 87.0 0.11527993757277727 0.057209337875247 0.05739369748160243 2.6009915927716065e-06
    87.0    
0.5134025812149048 0.7687845826148987 0.3587633967399597 train 88.0 0.11548954401165247 0.05731887554749846 0.05749571455642581 2.106208285113098e-06
    88.0    
0.5136106610298157 0.7634190917015076 0.35695305466651917 train 89.0 0.11545386884361505 0.05730498388409615 0.0574761376157403 1.8856377437259653e-06
    89.0    
0.5143725275993347 0.7608124613761902 0.3564484119415283 train 90.0 0.11535817064344883 0.05725845849141478 0.05743138113990426 1.7644721310716704e-06
    90.0    
0.5148427486419678 0.757150411605835 0.35505610704421997 train 91.0 0.11525577753782272 0.057198142465204 0.057392453905195 2.1889695744903293e-06
    91.0    
0.5142707824707031 0.757014811038971 0.35473158955574036 train 92.0 0.11542368151247501 0.057300542276352645 0.057455891836434604 1.5749807289466844e-06
    92.0    
0.5150226950645447 0.7545154690742493 0.3538093864917755 train 93.0 0.11514572754502296 0.05715132905170321 0.057332738414406774 2.506266582713579e-06
    93.0    
0.5148463249206543 0.7512458562850952 0.3529280722141266 train 94.0 0.1152675249427557 0.05720073463395238 0.05740849683061242 1.975052100533503e-06
    94.0    
0.5178976655006409 0.7484025359153748 0.35211268067359924 train 95.0 0.11529481019824743 0.05722489111125469 0.05741236336529255 1.8649069488674286e-06
    95.0    
0.5165761709213257 0.7451858520507812 0.3507913053035736 train 96.0 0.11534562431275845 0.057246547881513836 0.057444976903498174 1.797301251826866e-06
    96.0    
0.5149614810943604 0.7422420978546143 0.35039326548576355 train 97.0 0.11538378588855266 0.05726163737475872 0.05746809182688594 1.7585169871381368e-06
    97.0    
0.515959620475769 0.7389292120933533 0.3493492305278778 train 98.0 0.115364701859653 0.05725565915927291 0.05745491435751319 1.7173591686514555e-06
    98.0    
0.5160117149353027 0.7384905219078064 0.34941616654396057 train 99.0 0.11534979432821274 0.05723282502964139 0.05746561896055937 1.56896874159429e-06
    99.0    
