Corr-Diag Corr-Full Corr-Swap Data Epoch Loss MMD-Full MMD-Swap Mean
0.3398042619228363 1.1326539516448975 0.49696752429008484 train 0.0 0.41127565518021586 0.20546496264636516 0.193968311175704 5.2232237067073584e-05
    0.0    
0.3935874104499817 0.7873576283454895 0.39308327436447144 train 1.0 0.3748770876228809 0.18545980490744113 0.18385458774864674 2.2022864868631586e-05
    1.0    
0.3965790569782257 0.64182448387146 0.3464967608451843 train 2.0 0.3676632684469223 0.18158893950283528 0.18205758161842822 1.5470950529561378e-05
    2.0    
0.38903212547302246 0.5669704675674438 0.3132856786251068 train 3.0 0.3647317190468311 0.18006277501583098 0.1812411230802536 1.4575977729691658e-05
    3.0    
0.38635507225990295 0.5324468612670898 0.31144773960113525 train 4.0 0.36450302228331566 0.17996099829673767 0.18138922333717347 9.525681889499538e-06
    4.0    
0.36652716994285583 0.4836907386779785 0.3097574710845947 train 5.0 0.3638396394252777 0.1795547968149185 0.18123141147196292 8.786708349362016e-06
    5.0    
0.35492101311683655 0.46602001786231995 0.3005746901035309 train 6.0 0.36314849212765693 0.17909134194254875 0.181121012493968 6.6825273279391695e-06
    6.0    
0.34792444109916687 0.42428696155548096 0.29325881600379944 train 7.0 0.36261003494262695 0.1788059889525175 0.18096235021948814 6.274308361753356e-06
    7.0    
0.3403598368167877 0.40547701716423035 0.2905947268009186 train 8.0 0.3614126019179821 0.17821431487798692 0.18041697025299072 6.954394848435186e-06
    8.0    
0.32313165068626404 0.3957691788673401 0.2971356213092804 train 9.0 0.36206082567572595 0.17843307130038738 0.18081437021493912 8.28432348498609e-06
    9.0    
0.323700487613678 0.3745359480381012 0.2955173850059509 train 10.0 0.3606404347717762 0.17771216586232186 0.18016640961170197 5.836446689500008e-06
    10.0    
0.3098107874393463 0.35692089796066284 0.2965904772281647 train 11.0 0.36187152191996574 0.17828674048185347 0.1808198407292366 4.592217464960413e-06
    11.0    
0.297631174325943 0.3552742302417755 0.2867029011249542 train 12.0 0.36025032043457034 0.1775185502320528 0.1799699057638645 5.933718966844026e-06
    12.0    
0.29275256395339966 0.35086748003959656 0.2887488305568695 train 13.0 0.3609389404952526 0.17770712606608868 0.18048238515853882 4.468327915674308e-06
    13.0    
0.28168240189552307 0.3330373764038086 0.2915237247943878 train 14.0 0.3611597575247288 0.17787740238010882 0.18052815727889537 4.884006102656713e-06
    14.0    
0.2793358564376831 0.3227611482143402 0.2825920581817627 train 15.0 0.3607076033949852 0.17761865764856338 0.18033871747553348 4.995179551769979e-06
    15.0    
0.266024649143219 0.32650795578956604 0.2940492331981659 train 16.0 0.36089198514819143 0.17765022501349448 0.18047545276582241 4.835815616388572e-06
    16.0    
0.2785704731941223 0.325763076543808 0.2907581031322479 train 17.0 0.3595748367905617 0.17703989274799825 0.17975424744188787 5.102164323034231e-06
    17.0    
0.2745024561882019 0.30887889862060547 0.2829975187778473 train 18.0 0.3596151575446129 0.17704735286533832 0.17981563530862332 3.2775869840406813e-06
    18.0    
0.25691935420036316 0.3051987886428833 0.2815077602863312 train 19.0 0.3602182115614414 0.1773526843637228 0.18011071249842645 4.347659796621883e-06
    19.0    
0.2518807351589203 0.29672932624816895 0.2843107283115387 train 20.0 0.35925345599651337 0.17680893562734126 0.17969924978911878 3.7346155750128673e-06
    20.0    
0.24291233718395233 0.2943282425403595 0.2791769206523895 train 21.0 0.3588249281048775 0.17662669032812117 0.17945489160716532 4.030318905279273e-06
    21.0    
0.23918971419334412 0.2983948588371277 0.28542235493659973 train 22.0 0.3592882043123245 0.17689433664083482 0.17962136887013913 2.4356318135687616e-06
    22.0    
0.2354140728712082 0.2833494246006012 0.2796337902545929 train 23.0 0.3591540351510048 0.176785237044096 0.17960336044430733 4.135995368415024e-06
    23.0    
0.22884675860404968 0.2689688801765442 0.2739506959915161 train 24.0 0.3605105431377888 0.17739733099937438 0.18031749151647092 3.7477241221495206e-06
    24.0    
0.23211967945098877 0.27337583899497986 0.27310219407081604 train 25.0 0.35924806743860244 0.1767634902149439 0.17968673780560493 3.1551162464893423e-06
    25.0    
0.2272617071866989 0.2841486930847168 0.2791997492313385 train 26.0 0.35924775421619415 0.17666450306773185 0.17981940664350987 2.795021146084764e-06
    26.0    
0.21056173741817474 0.27801743149757385 0.27819013595581055 train 27.0 0.35967763170599937 0.17701299615204336 0.1798196705430746 3.577172037694254e-06
    27.0    
0.22447796165943146 0.270120769739151 0.2719533443450928 train 28.0 0.35811388164758684 0.1761569694429636 0.17918721206486224 2.759358494586195e-06
    28.0    
0.2202388048171997 0.26702553033828735 0.2732655107975006 train 29.0 0.3590571799874306 0.17666861712932586 0.1796050475537777 2.9723014449700713e-06
    29.0    
0.21758154034614563 0.2590318024158478 0.26895228028297424 train 30.0 0.35933531388640405 0.17677970834076404 0.1797500330209732 3.429758635320468e-06
    30.0    
0.20371103286743164 0.25855734944343567 0.26777318120002747 train 31.0 0.35903170466423034 0.1766232267767191 0.17961868345737458 2.99026578431949e-06
    31.0    
0.2149595320224762 0.254782497882843 0.2641187012195587 train 32.0 0.3584199680387974 0.17633381851017474 0.17927270330488682 3.7286024507920956e-06
    32.0    
0.20691968500614166 0.26834070682525635 0.269330233335495 train 33.0 0.35803498566150666 0.17611292481422425 0.17911520086228847 3.0820635856798617e-06
    33.0    
0.19997720420360565 0.24440516531467438 0.2644030749797821 train 34.0 0.35851680502295497 0.17634353891015053 0.1793367376178503 3.3610137961659348e-06
    34.0    
0.20064035058021545 0.255613774061203 0.26340505480766296 train 35.0 0.35842511132359506 0.17625462882220744 0.17932708121836186 2.8055485472577857e-06
    35.0    
0.19550000131130219 0.2561747133731842 0.26584145426750183 train 36.0 0.3579144045710564 0.17603557072579862 0.17904443837702275 3.192418262187857e-06
    36.0    
0.19901007413864136 0.25585314631462097 0.25941136479377747 train 37.0 0.3581592111289501 0.1763063681870699 0.17898919962346554 4.2077253965544514e-06
    37.0    
0.18599936366081238 0.2504134476184845 0.26266101002693176 train 38.0 0.3582385632395744 0.17620746932923795 0.17915995545685293 2.42263695326983e-06
    38.0    
0.17661331593990326 0.24879826605319977 0.25982552766799927 train 39.0 0.35809803918004035 0.17616113945841788 0.17900917142629624 3.992854544776492e-06
    39.0    
0.18314626812934875 0.2431696653366089 0.2609848976135254 train 40.0 0.35805913746356965 0.17606622390449048 0.17907296374440193 3.6112821817368967e-06
    40.0    
0.17894668877124786 0.24559426307678223 0.2621500790119171 train 41.0 0.35816592201590536 0.17615676887333392 0.1791079591959715 3.4802453683369095e-06
    41.0    
0.17655698955059052 0.24388334155082703 0.2592618465423584 train 42.0 0.35814587906003 0.17610743626952172 0.17916720695793628 2.5740935143403476e-06
    42.0    
0.17494137585163116 0.24749481678009033 0.25654101371765137 train 43.0 0.3582021129131317 0.17615103781223296 0.17912353947758675 3.407698159207939e-06
    43.0    
0.16471679508686066 0.2376711070537567 0.2535666525363922 train 44.0 0.358142758756876 0.17601121328771113 0.1791977048665285 3.671522335935151e-06
    44.0    
0.17341957986354828 0.2470179796218872 0.25671789050102234 train 45.0 0.35730318531394006 0.1756985653191805 0.17868701167404652 4.928879207000136e-06
    45.0    
0.16603517532348633 0.2298346310853958 0.25422781705856323 train 46.0 0.3581451863050461 0.17612032517790793 0.17907163739204407 3.6866906611976447e-06
    46.0    
0.1632024198770523 0.22849833965301514 0.2499934434890747 train 47.0 0.3583870005607605 0.17617763198912142 0.17921030938625335 2.976576070068404e-06
    47.0    
0.1679835319519043 0.2420070767402649 0.255014568567276 train 48.0 0.3584180396795273 0.17626095980405806 0.17920014321804045 2.8153031053079758e-06
    48.0    
0.16185809671878815 0.23006156086921692 0.2512197196483612 train 49.0 0.3578283593058586 0.17592449054121972 0.17898040056228637 2.5846188691502903e-06
    49.0    
0.1646055281162262 0.23873163759708405 0.2522537112236023 train 50.0 0.3581512454152107 0.17602843448519706 0.1791675655543804 2.8424703941709595e-06
    50.0    
0.15703365206718445 0.22846055030822754 0.2507644295692444 train 51.0 0.3576060044765472 0.17583518378436566 0.17880526855587958 2.605810323075275e-06
    51.0    
0.14397941529750824 0.21995507180690765 0.24340012669563293 train 52.0 0.3579423102736473 0.1759555424004793 0.1790049946308136 2.507870703993831e-06
    52.0    
0.15437015891075134 0.21888010203838348 0.2457512468099594 train 53.0 0.35796995416283606 0.17593595840036869 0.17906786099076272 3.444433787080925e-06
    53.0    
0.15283170342445374 0.22122156620025635 0.24587436020374298 train 54.0 0.35859823793172835 0.17628005526959897 0.1793246565759182 3.3461462862760527e-06
    54.0    
0.14832454919815063 0.21904045343399048 0.24602574110031128 train 55.0 0.3573958367109299 0.17574755437672138 0.17866536155343055 3.38738163918606e-06
    55.0    
0.1489771604537964 0.22929836809635162 0.2510809302330017 train 56.0 0.35758366078138354 0.17578631952404977 0.17884752251207828 3.2276948331855237e-06
    56.0    
0.15215715765953064 0.22232942283153534 0.24212342500686646 train 57.0 0.357937480956316 0.1759931305795908 0.17898855350911616 2.5717506559885805e-06
    57.0    
0.1510639190673828 0.23042148351669312 0.25019314885139465 train 58.0 0.35687896475195885 0.1754828444123268 0.1784286617487669 2.659492793100071e-06
    58.0    
0.13726599514484406 0.22466854751110077 0.2461872398853302 train 59.0 0.3587136000394821 0.17639445751905442 0.17931932717561722 3.5708758332475554e-06
    59.0    
0.14270427823066711 0.22207267582416534 0.2406429499387741 train 60.0 0.35767369106411934 0.17582539670169353 0.17882445640861988 3.2144748729479033e-06
    60.0    
0.13554370403289795 0.20907510817050934 0.2477440983057022 train 61.0 0.3582229961454868 0.1761756143718958 0.17899428479373455 2.862573637685273e-06
    61.0    
0.13457036018371582 0.2188236564397812 0.24479670822620392 train 62.0 0.35786565095186235 0.17591122314333915 0.1789059825986624 3.3925198295037262e-06
    62.0    
0.13751955330371857 0.21017979085445404 0.24259497225284576 train 63.0 0.35772140324115753 0.17584935657680034 0.17878439605236054 2.9301502308953786e-06
    63.0    
0.13695141673088074 0.22119899094104767 0.24491766095161438 train 64.0 0.35699727445840834 0.1754453567415476 0.17854011952877044 3.733826360985404e-06
    64.0    
0.14192315936088562 0.2247314751148224 0.2369404137134552 train 65.0 0.3572969622910023 0.17556498862802983 0.17873020365834236 4.4865432755614165e-06
    65.0    
0.13605275750160217 0.21444568037986755 0.24058209359645844 train 66.0 0.357932291328907 0.17588710434734822 0.1790107661485672 3.034459268747014e-06
    66.0    
0.13118785619735718 0.2313491851091385 0.2440902590751648 train 67.0 0.3574685111641884 0.17562219128012657 0.17879981949925422 3.125923967672861e-06
    67.0    
0.12154243886470795 0.22359655797481537 0.24692164361476898 train 68.0 0.35736036852002145 0.17574129097163677 0.17853989042341709 3.2423984066554112e-06
    68.0    
0.12706315517425537 0.21431662142276764 0.24271628260612488 train 69.0 0.35669886007905005 0.17527400434017182 0.17834923386573792 4.247687684255652e-06
    69.0    
0.12267475575208664 0.2174305021762848 0.23839916288852692 train 70.0 0.3581041379272938 0.17607386030256747 0.17891940534114836 2.8276926968828775e-06
    70.0    
0.13131748139858246 0.21326027810573578 0.23974235355854034 train 71.0 0.35733308032155037 0.17558748804032803 0.17865539625287055 2.8808317438233644e-06
    71.0    
0.13107863068580627 0.2161586433649063 0.23634542524814606 train 72.0 0.35722332999110223 0.17559968963265418 0.17853025682270526 2.9708462534472346e-06
    72.0    
0.13073062896728516 0.22041372954845428 0.23823681473731995 train 73.0 0.3564153005182743 0.1751429930329323 0.17820760242640973 3.0785874969296856e-06
    73.0    
0.12029360979795456 0.2197997123003006 0.2392680048942566 train 74.0 0.35754708379507066 0.17573718532919883 0.17875567838549614 3.4582792522996897e-06
    74.0    
0.12021742016077042 0.21643243730068207 0.2420240044593811 train 75.0 0.35818060353398323 0.17598398588597775 0.17908878162503242 3.2537791412323713e-06
    75.0    
0.12795722484588623 0.22123053669929504 0.24127955734729767 train 76.0 0.35699559316039087 0.17535098791122436 0.1785247477889061 3.5835796552419197e-06
    76.0    
0.11586277186870575 0.21464335918426514 0.2389913648366928 train 77.0 0.3576638688147068 0.17572566270828247 0.17882047049701214 4.592242021317361e-06
    77.0    
0.11382271349430084 0.21134509146213531 0.23908093571662903 train 78.0 0.3571268796920776 0.1755119027197361 0.17849891006946564 3.774221795538324e-06
    78.0    
0.1174023374915123 0.21454903483390808 0.23793230950832367 train 79.0 0.3578488898277283 0.1758732208609581 0.17882708966732025 3.1067675081430934e-06
    79.0    
0.12016692757606506 0.20846040546894073 0.23903484642505646 train 80.0 0.35774464920163157 0.17579189546406268 0.1788260316103697 2.9651182558154687e-06
    80.0    
0.1252707540988922 0.2194974422454834 0.2389867752790451 train 81.0 0.35697575643658636 0.17543404661118983 0.1784509751200676 3.6689987155114068e-06
    81.0    
0.11805083602666855 0.20940853655338287 0.23513780534267426 train 82.0 0.35730503231287003 0.17564465180039407 0.17855250105261802 4.169103249296313e-06
    82.0    
0.12810030579566956 0.21337172389030457 0.2368343323469162 train 83.0 0.3560864408314228 0.17503662712872028 0.177960187792778 3.1990077786758775e-06
    83.0    
0.1275559663772583 0.20546717941761017 0.23932324349880219 train 84.0 0.3574643722176552 0.17568579018115998 0.17868697576224804 2.778345333354082e-06
    84.0    
0.1252511739730835 0.211493119597435 0.23227117955684662 train 85.0 0.3568189713358879 0.17542726553976537 0.17832294873893262 4.241469468979631e-06
    85.0    
0.12192624807357788 0.21688346564769745 0.23855701088905334 train 86.0 0.3571074019372463 0.17555088944733144 0.17847111135721205 3.6433352761378046e-06
    86.0    
0.1245880126953125 0.21736060082912445 0.23718829452991486 train 87.0 0.357104110121727 0.1754826370626688 0.1785400853306055 2.8147996999905445e-06
    87.0    
0.12412610650062561 0.21143390238285065 0.23617379367351532 train 88.0 0.35704260170459745 0.17549740947782994 0.17846621729433537 2.9289287795108976e-06
    88.0    
0.12839043140411377 0.21318262815475464 0.23538190126419067 train 89.0 0.35690235123038294 0.17539132855832576 0.1784545086324215 3.521442295095767e-06
    89.0    
0.11913695186376572 0.2076464295387268 0.23555265367031097 train 90.0 0.3573662826418877 0.175583963021636 0.178695397824049 3.1192039386951365e-06
    90.0    
0.12027653306722641 0.21867476403713226 0.23803400993347168 train 91.0 0.35720316201448443 0.17552637465298176 0.1785453325510025 3.3076148611144163e-06
    91.0    
0.11987100541591644 0.21449477970600128 0.23150880634784698 train 92.0 0.35739823296666146 0.17559178434312345 0.17866337284445763 4.654920303437393e-06
    92.0    
0.11521941423416138 0.21012772619724274 0.23258836567401886 train 93.0 0.35715935125946996 0.17551032811403275 0.17852882348001003 3.6044475564267486e-06
    93.0    
0.12036287039518356 0.22799524664878845 0.234945610165596 train 94.0 0.3573894010484219 0.1755694180727005 0.17870251923799516 3.1895781376078958e-06
    94.0    
0.11857088655233383 0.21309751272201538 0.23567673563957214 train 95.0 0.35769730463624 0.17581226006150247 0.1787502332776785 4.933758191327797e-06
    95.0    
0.1141326054930687 0.20976191759109497 0.2299402356147766 train 96.0 0.35748945161700246 0.17565445452928544 0.17872351437807082 3.0366998089448316e-06
    96.0    
0.12156682461500168 0.21377094089984894 0.23160672187805176 train 97.0 0.35687638983130454 0.17537942424416542 0.1784382240474224 3.0255873753048945e-06
    97.0    
0.1211736723780632 0.2141508311033249 0.23865580558776855 train 98.0 0.35681798100471496 0.17535709194839 0.17838677071034909 3.6422175071493257e-06
    98.0    
0.12647196650505066 0.21662913262844086 0.24266287684440613 train 99.0 0.35625213995575905 0.1750613383203745 0.1781331903487444 3.0155686090438394e-06
    99.0    
