Corr-Diag Corr-Full Corr-Swap Data Epoch Loss MMD-Full MMD-Swap Mean
0.6021990180015564 0.4890366792678833 0.2709048390388489 train 0.0 0.4989479593187571 0.07717314127832652 0.07039261819794775 5.142409918335034e-06
    0.0    
0.5855060815811157 0.479720801115036 0.24668167531490326 train 1.0 0.1965017443150282 0.059852350540459155 0.05908999806270003 3.356083652761299e-06
    1.0    
0.5873591303825378 0.4363367259502411 0.22072871029376984 train 2.0 0.17044857524335386 0.058512446600943804 0.05804111668840051 3.294488806204754e-06
    2.0    
0.5912679433822632 0.38942623138427734 0.19836142659187317 train 3.0 0.16027938231825828 0.0579652582295239 0.0577056098729372 4.106816504645394e-06
    3.0    
0.5944006443023682 0.3503780663013458 0.17948924005031586 train 4.0 0.15404504008591174 0.05766402035951614 0.05755093453451991 2.702039637370035e-06
    4.0    
0.5975476503372192 0.31744420528411865 0.16388946771621704 train 5.0 0.14995300553739072 0.05755380662158131 0.05755223385989666 3.932354957214557e-06
    5.0    
0.600978672504425 0.28712373971939087 0.14910480380058289 train 6.0 0.14616211377084254 0.057269244138151404 0.05730967005714774 2.0794366264453856e-06
    6.0    
0.6031082272529602 0.2645268142223358 0.1393023580312729 train 7.0 0.14368155241012573 0.05733692340552807 0.05745171682909131 2.2115577849035617e-06
    7.0    
0.6039562225341797 0.24407747387886047 0.12906064093112946 train 8.0 0.14190815068781376 0.05715487461537123 0.05734309952706099 2.9527329843404004e-06
    8.0    
0.6034402847290039 0.22635985910892487 0.12063143402338028 train 9.0 0.140474988296628 0.057090684976428746 0.05726984497159719 2.4338701223314274e-06
    9.0    
0.6034641861915588 0.2104431837797165 0.1129986122250557 train 10.0 0.13866304881870747 0.05702179765328765 0.05726311011239886 3.8043208405724727e-06
    10.0    
0.6068510413169861 0.19883093237876892 0.10722367465496063 train 11.0 0.13755290895700456 0.05691142423078418 0.05716356545686722 2.119912323905737e-06
    11.0    
0.6084787249565125 0.1878630518913269 0.10174962133169174 train 12.0 0.13663571275770664 0.056910284981131556 0.057225837018340824 3.315660933367326e-06
    12.0    
0.6072937250137329 0.17864064872264862 0.09673580527305603 train 13.0 0.13606105528771878 0.056920421849936245 0.05722790898755193 2.4207708975154674e-06
    13.0    
0.607489824295044 0.1695195734500885 0.09292520582675934 train 14.0 0.13519355170428754 0.05690549148246646 0.05726378839462996 3.7751105992356315e-06
    14.0    
0.6098908185958862 0.16161876916885376 0.08822321891784668 train 15.0 0.13435941882431507 0.05673010332509875 0.05707330234348774 1.8181669929617783e-06
    15.0    
0.608048141002655 0.15536591410636902 0.08539693057537079 train 16.0 0.13438877768814564 0.056899063438177105 0.057279200777411464 2.2229942260310054e-06
    16.0    
0.6088618636131287 0.14818429946899414 0.08206358551979065 train 17.0 0.13345698848366738 0.056765795815736056 0.05717098651453853 2.3423967832059134e-06
    17.0    
0.6101346611976624 0.14245226979255676 0.07886295765638351 train 18.0 0.1331277357786894 0.05674043657258153 0.05716803854331374 2.1726873455918394e-06
    18.0    
0.6093422174453735 0.1360497623682022 0.07647775113582611 train 19.0 0.1332410714775324 0.05675027007237077 0.05714560134336352 2.167037109757075e-06
    19.0    
0.611729085445404 0.13097403943538666 0.0733664333820343 train 20.0 0.13284486301243306 0.056748823784291746 0.0571176977828145 1.7325533008261118e-06
    20.0    
0.610634982585907 0.1272132843732834 0.07099404186010361 train 21.0 0.13199471332132817 0.056564634386450055 0.05697933789342642 1.9666201751533663e-06
    21.0    
0.6121384501457214 0.1227317601442337 0.06929948925971985 train 22.0 0.13199923615902662 0.05659908689558506 0.05702526800334454 3.235898702769191e-06
    22.0    
0.6109516024589539 0.11922964453697205 0.06654560565948486 train 23.0 0.13203111831098796 0.056740758400410415 0.05713121490553021 4.592394361679908e-06
    23.0    
0.6116155982017517 0.11535756289958954 0.06540941447019577 train 24.0 0.13147398747503758 0.056669334638863804 0.057117657959461214 2.8339700293145142e-06
    24.0    
0.609894871711731 0.11192350089550018 0.06404028087854385 train 25.0 0.13178527653217315 0.05676050685346126 0.05718471426516771 4.183395503787324e-06
    25.0    
0.6120240092277527 0.1089654266834259 0.06315948814153671 train 26.0 0.13181835632771255 0.05677239585667849 0.057183539029210806 4.504924618231598e-06
    26.0    
0.6120390892028809 0.10534793138504028 0.06063573434948921 train 27.0 0.13139920443296432 0.056760248951613905 0.057194380052387715 3.773717480726191e-06
    27.0    
0.6103916168212891 0.101617231965065 0.05914130061864853 train 28.0 0.13093306235969066 0.05652970518916845 0.05694963363930583 2.1952280349069042e-06
    28.0    
0.6120237708091736 0.10025441646575928 0.05843682587146759 train 29.0 0.13102797579020262 0.056562436819076536 0.05697792647406459 2.659759502421366e-06
    29.0    
0.6117405891418457 0.09783077985048294 0.058473680168390274 train 30.0 0.13091041155159475 0.056703476663678885 0.05714881947264075 3.8809994293842465e-06
    30.0    
0.6116644740104675 0.0962919369339943 0.05743366852402687 train 31.0 0.13073864370584487 0.056673497576266524 0.05714448457583785 3.7037634683656506e-06
    31.0    
0.6120960712432861 0.09441740065813065 0.055533815175294876 train 32.0 0.130714519508183 0.056776826698333026 0.05726961463689804 2.207836132583907e-06
    32.0    
0.6117156147956848 0.09105108678340912 0.054207704961299896 train 33.0 0.13071572430431844 0.05669341096654534 0.05715109707787633 3.2594559797871625e-06
    33.0    
0.6123047471046448 0.08986121416091919 0.052620597183704376 train 34.0 0.1304756463319063 0.05668323736637831 0.05714457206428051 3.2134378216142068e-06
    34.0    
0.612509548664093 0.0878322646021843 0.05254213511943817 train 35.0 0.13080243069678546 0.056758067794144156 0.05722151789814234 2.695907369343331e-06
    35.0    
0.6136448383331299 0.08681728690862656 0.050367433577775955 train 36.0 0.13059737045317887 0.05669514363631606 0.05715546876192093 3.875702986988472e-06
    36.0    
0.6115965247154236 0.08381791412830353 0.05068216845393181 train 37.0 0.13049015745520592 0.05674654357135296 0.057206853833049534 2.512716946512228e-06
    37.0    
0.6119570732116699 0.08212718367576599 0.04979144036769867 train 38.0 0.1302940870448947 0.056713962629437446 0.05720865624025464 2.2941439965507016e-06
    38.0    
0.6136154532432556 0.08256857842206955 0.05060730129480362 train 39.0 0.1299746410921216 0.056605537720024586 0.05709585051983595 2.356034428885323e-06
    39.0    
0.6139758229255676 0.08113078027963638 0.049665819853544235 train 40.0 0.12997471410781145 0.0565908021479845 0.057060782108455894 3.5978678170067724e-06
    40.0    
0.6127352714538574 0.07912492007017136 0.049084048718214035 train 41.0 0.13032132863998414 0.05666486645117402 0.057131731789559125 3.8018608847778523e-06
    41.0    
0.6114279627799988 0.07773644477128983 0.048139628022909164 train 42.0 0.13003168426454068 0.0566975974291563 0.05718750378116965 4.8201304707617965e-06
    42.0    
0.6128021478652954 0.07689856737852097 0.04831980541348457 train 43.0 0.12999597702175378 0.05674380630254745 0.057215327601879834 4.03949979954632e-06
    43.0    
0.6113355159759521 0.07767930626869202 0.047839049249887466 train 44.0 0.12968605786561965 0.056614205576479434 0.05713228639215231 3.2732630188547773e-06
    44.0    
0.6128935813903809 0.07623890787363052 0.047784194350242615 train 45.0 0.12940425977110862 0.05658362494781613 0.057088750824332235 2.900509798564599e-06
    45.0    
0.6143807172775269 0.07472994178533554 0.04775393754243851 train 46.0 0.1294516261667013 0.05663295652717352 0.057141228914260864 3.422142754061497e-06
    46.0    
0.6132352352142334 0.07231883704662323 0.04671342298388481 train 47.0 0.1296746238693595 0.05662754015997052 0.05714417511597276 2.902693040596205e-06
    47.0    
0.6119152307510376 0.0725596621632576 0.04648471251130104 train 48.0 0.12977776493877172 0.056630631685256956 0.05709031157195568 3.94849030271871e-06
    48.0    
0.613398015499115 0.07331176102161407 0.04635396599769592 train 49.0 0.1295095420628786 0.056658492349088194 0.05719083398580551 3.862468929582974e-06
    49.0    
0.6133216023445129 0.07136941701173782 0.04492853581905365 train 50.0 0.12959779903292656 0.05670220809057355 0.05718479936942458 3.2323043797077844e-06
    50.0    
0.6129029989242554 0.07052940130233765 0.04531050845980644 train 51.0 0.12938959907740355 0.056597068216651676 0.057143194526433946 2.8493066110968357e-06
    51.0    
0.6139561533927917 0.07173777371644974 0.04621482640504837 train 52.0 0.12937417451292277 0.056724518481642006 0.05720446767285466 1.96410064745578e-06
    52.0    
0.6124367117881775 0.06891445070505142 0.0446142815053463 train 53.0 0.12931525509804487 0.05659039739519358 0.05706582130864263 2.6169013835897204e-06
    53.0    
0.6132095456123352 0.07106288522481918 0.04538733884692192 train 54.0 0.12929001703858375 0.0566965851560235 0.05722833901643753 2.0526456410152605e-06
    54.0    
0.6135013103485107 0.069799043238163 0.04477756470441818 train 55.0 0.12934855073690416 0.05658182237297296 0.05704363588243723 3.3816588711488293e-06
    55.0    
0.6136151552200317 0.06670281291007996 0.04411054030060768 train 56.0 0.12926240459084512 0.056620699744671585 0.05712134772911668 4.231093953421805e-06
    56.0    
0.6119351983070374 0.06696995347738266 0.04411296173930168 train 57.0 0.12953139152377843 0.05668216800317168 0.057153477128595115 3.5190951166441664e-06
    57.0    
0.6122859716415405 0.06648585945367813 0.04336368665099144 train 58.0 0.12895699296146632 0.05648462964221835 0.057006931640207766 2.7488702016853495e-06
    58.0    
0.6127259135246277 0.06722462922334671 0.0445065014064312 train 59.0 0.1294341493025422 0.05672668669372797 0.05722045199945569 3.829264642263297e-06
    59.0    
0.6140800714492798 0.06497228145599365 0.04238112270832062 train 60.0 0.12889830768108368 0.056522626988589765 0.057028582394123076 2.574983682279708e-06
    60.0    
0.6130828261375427 0.06521566957235336 0.04309646412730217 train 61.0 0.12904562830924987 0.056587658803910014 0.057111095674335956 3.1905799460218986e-06
    61.0    
0.6142141819000244 0.06322956830263138 0.042120084166526794 train 62.0 0.12887641075998546 0.05649605190381408 0.056963501386344435 2.93712241727917e-06
    62.0    
0.612925112247467 0.06483925133943558 0.04380679503083229 train 63.0 0.12906399574130772 0.05655491687357426 0.057038414981216194 2.7109988423035247e-06
    63.0    
0.6140888929367065 0.06278248876333237 0.041943132877349854 train 64.0 0.1290209174901247 0.05655461996793747 0.05704318858683109 2.5846379685390275e-06
    64.0    
0.6140958070755005 0.06455379724502563 0.04227399453520775 train 65.0 0.12906638868153095 0.05659788504242897 0.057092511579394344 3.8274524740700144e-06
    65.0    
0.612683892250061 0.06463959813117981 0.04275338724255562 train 66.0 0.1290218311548233 0.05670050706714392 0.05721480917185545 4.447257197170984e-06
    66.0    
0.612809419631958 0.06684811413288116 0.04386673495173454 train 67.0 0.12901414059102534 0.05667370634153485 0.05722789954394102 2.6744153274194105e-06
    67.0    
0.6129297018051147 0.06360150873661041 0.04308104142546654 train 68.0 0.1291843542084098 0.056637977175414564 0.05712731163948774 3.980972451245179e-06
    68.0    
0.6126253604888916 0.06120462343096733 0.041533563286066055 train 69.0 0.1287243465334177 0.05658955845981836 0.0571118869446218 2.6602090201777173e-06
    69.0    
0.6128210425376892 0.0630548745393753 0.04201512783765793 train 70.0 0.1288902720436454 0.056636307928711174 0.057136736679822206 2.2972467377258e-06
    70.0    
0.6122749447822571 0.06480339914560318 0.04321683198213577 train 71.0 0.12923976749181748 0.0566942684724927 0.05719014007598162 3.6260807974031195e-06
    71.0    
0.6125617027282715 0.06147449091076851 0.041902538388967514 train 72.0 0.12845786668360235 0.05646952208131552 0.05701946001499891 2.6502252694626804e-06
    72.0    
0.6130790710449219 0.06276749819517136 0.042134422808885574 train 73.0 0.12928810205310584 0.056676336228847504 0.05714744739234447 3.482003194221761e-06
    73.0    
0.6121891140937805 0.06346288323402405 0.04328646883368492 train 74.0 0.12894943270832301 0.05665294582024217 0.05713763866573572 4.065861503477208e-06
    74.0    
0.612768292427063 0.06393998861312866 0.04250968247652054 train 75.0 0.12880721677094698 0.05671278636902571 0.05720514837652445 1.961633870450896e-06
    75.0    
0.613129734992981 0.060921549797058105 0.04133623465895653 train 76.0 0.1283627276495099 0.056542616486549374 0.057099385112524034 2.8053439109498868e-06
    76.0    
0.6135811805725098 0.06141921505331993 0.04204465448856354 train 77.0 0.12853858727961778 0.05656518902629614 0.057049868535250424 2.436843715258874e-06
    77.0    
0.614031195640564 0.061134882271289825 0.041541051119565964 train 78.0 0.1290894392132759 0.056745387986302374 0.05722989272326231 2.5972410639951704e-06
    78.0    
0.6119548082351685 0.05925306677818298 0.04052582383155823 train 79.0 0.1281154464557767 0.05643317693844438 0.056976339239627125 2.323347189303604e-06
    79.0    
0.6133267879486084 0.06177845597267151 0.04136284068226814 train 80.0 0.12832857970148326 0.05659662336111069 0.05713256234303117 2.0597367438313086e-06
    80.0    
0.6132305264472961 0.059845130890607834 0.040846824645996094 train 81.0 0.12865004424005747 0.05659330753609538 0.057083386052399876 2.8838749130954966e-06
    81.0    
0.6129066944122314 0.05862974002957344 0.04024830088019371 train 82.0 0.1287297885864973 0.0566087362729013 0.057119699586182834 3.2691509659343865e-06
    82.0    
0.6138644218444824 0.06034611910581589 0.04120507836341858 train 83.0 0.128350283280015 0.05649099502712488 0.05704007668420672 2.518746669011307e-06
    83.0    
0.61322021484375 0.05910526216030121 0.040097881108522415 train 84.0 0.12879982884973287 0.05664366086944938 0.05715638868510723 2.5302554149675416e-06
    84.0    
0.613761842250824 0.05903768539428711 0.04046938568353653 train 85.0 0.12869312301278113 0.056701125465333464 0.057251667287200686 1.863427655734995e-06
    85.0    
0.6137659549713135 0.06082773208618164 0.04135962203145027 train 86.0 0.12839305810630322 0.05647219693288207 0.05701575793325901 3.2166481105377898e-06
    86.0    
0.6126670241355896 0.059895940124988556 0.04116233065724373 train 87.0 0.1289280954003334 0.056678010281175376 0.057151949256658556 2.723821580730146e-06
    87.0    
0.6132800579071045 0.05937454104423523 0.04155239835381508 train 88.0 0.12871433794498444 0.05666024375706911 0.05717903412878513 2.2949559479457093e-06
    88.0    
0.6123998761177063 0.058302633464336395 0.040052782744169235 train 89.0 0.12824794709682463 0.05652096789330244 0.05708315320312977 2.399053755652858e-06
    89.0    
0.6133974194526672 0.058966342359781265 0.04113338142633438 train 90.0 0.12854055602103473 0.05662505218759179 0.05710953254252672 2.4271334950753953e-06
    90.0    
0.6127435564994812 0.057143475860357285 0.03911217674612999 train 91.0 0.12823518950492144 0.05654301045462489 0.05706323340535164 1.906742227220093e-06
    91.0    
0.612358570098877 0.057879261672496796 0.03937854245305061 train 92.0 0.1287525700777769 0.056664098612964155 0.057159784622490405 2.254441369586857e-06
    92.0    
0.6140385866165161 0.05997337028384209 0.04151037335395813 train 93.0 0.1288183881342411 0.05666211655363441 0.05717848114669323 2.581581384220044e-06
    93.0    
0.6139056086540222 0.05841715261340141 0.04115219786763191 train 94.0 0.12823224682360887 0.056536435410380365 0.05708178987726569 3.4347815471846843e-06
    94.0    
0.6132961511611938 0.05864114314317703 0.040146250277757645 train 95.0 0.12836612317711116 0.05660444283857942 0.05713756857439876 3.0277444693638245e-06
    95.0    
0.613737940788269 0.05991611257195473 0.041771408170461655 train 96.0 0.1286889760196209 0.056721873711794615 0.05724944906309247 3.639814849520917e-06
    96.0    
0.6135561466217041 0.05586720257997513 0.03893419727683067 train 97.0 0.1284926427900791 0.05652514837682247 0.05704028254374862 4.706569598056376e-06
    97.0    
0.6133207678794861 0.05805021524429321 0.04100186750292778 train 98.0 0.12849293019622565 0.05662220126017928 0.057146557122468945 2.357293851673603e-06
    98.0    
0.6132375001907349 0.056934550404548645 0.04014937952160835 train 99.0 0.12828938838094472 0.05655439181253314 0.057135922126472 2.2624328721576603e-06
    99.0    
