Corr-Diag Corr-Full Corr-Swap Data Epoch Loss MMD-Full MMD-Swap Mean
0.22233976423740387 1.050307273864746 0.5787178874015808 train 0.0 0.19378367841243743 0.09948467690497637 0.0868392000347376 1.903111842693761e-05
    0.0    
0.25467580556869507 0.8314146399497986 0.525397539138794 train 1.0 0.128659206032753 0.06381333118304611 0.06319310132414102 1.1445084055594634e-05
    1.0    
0.26234227418899536 0.7617506384849548 0.5019923448562622 train 2.0 0.12324182979762555 0.06128437766805291 0.06085446251556277 9.38893026614096e-06
    2.0    
0.2653563618659973 0.7487612366676331 0.4891912043094635 train 3.0 0.12074794091284274 0.06013981178402901 0.05969503628090024 8.116066055663396e-06
    3.0    
0.26403114199638367 0.752310574054718 0.47792625427246094 train 4.0 0.11991736583411694 0.0597739889100194 0.05933113718405366 6.651804142165929e-06
    4.0    
0.26186689734458923 0.786820113658905 0.4720251262187958 train 5.0 0.11908919136971235 0.0593639269284904 0.05897185582667589 5.712020083592506e-06
    5.0    
0.26285576820373535 0.828243613243103 0.4668322205543518 train 6.0 0.11877105176448823 0.059231263529509304 0.05881923915818334 4.390908998175291e-06
    6.0    
0.26230502128601074 0.8856202960014343 0.46391552686691284 train 7.0 0.11853984784334898 0.05914336213842034 0.0586948480270803 3.6249844015401322e-06
    7.0    
0.26240798830986023 0.959225594997406 0.4597231149673462 train 8.0 0.11837649803608656 0.0590653338842094 0.058622222803533075 2.7206403956370195e-06
    8.0    
0.26220905780792236 1.015913963317871 0.45710769295692444 train 9.0 0.11810250405222178 0.05890595080330968 0.058520689923316244 2.022753506025765e-06
    9.0    
0.26325297355651855 1.1014337539672852 0.4547625780105591 train 10.0 0.11804375454783439 0.05887114644050598 0.058507446013391015 1.7944793171409401e-06
    10.0    
0.26223334670066833 1.1638296842575073 0.4507192075252533 train 11.0 0.11782441794872284 0.05878700587898493 0.058377838172018526 1.3072342426312389e-06
    11.0    
0.2614971697330475 1.2295628786087036 0.44789034128189087 train 12.0 0.11773473173379898 0.058739242274314166 0.05834285654127598 1.0988891290253378e-06
    12.0    
0.261309415102005 1.294358730316162 0.44463038444519043 train 13.0 0.1177028102427721 0.05870356492698193 0.058353225998580456 1.0268660162182641e-06
    13.0    
0.2603711187839508 1.3549641370773315 0.44525834918022156 train 14.0 0.11757239863276482 0.05865400677546859 0.058273030761629346 1.0419715863463352e-06
    14.0    
0.2603357136249542 1.4044151306152344 0.4410257339477539 train 15.0 0.11751139067113399 0.05861277112737298 0.05826154900714755 8.525409498361114e-07
    15.0    
0.2589411437511444 1.447952389717102 0.4411867558956146 train 16.0 0.11744985800236464 0.05859533151611686 0.058217808976769446 9.717565490063862e-07
    16.0    
0.25787553191185 1.4904025793075562 0.436929315328598 train 17.0 0.11753156054764986 0.058624052666127684 0.05827678760513663 1.2297733746891026e-06
    17.0    
0.2573784291744232 1.538757562637329 0.43596285581588745 train 18.0 0.11732302952557802 0.05851984748616815 0.058174926228821276 1.12975942556659e-06
    18.0    
0.2542709708213806 1.5556482076644897 0.43447965383529663 train 19.0 0.11751228339970111 0.05860074792057276 0.05828606314957142 1.3544782859753468e-06
    19.0    
0.25539886951446533 1.5877606868743896 0.43012896180152893 train 20.0 0.11708329536020756 0.05839024297893047 0.058069459646940234 1.8009486666414887e-06
    20.0    
0.25302499532699585 1.6363345384597778 0.42858007550239563 train 21.0 0.11728066444396973 0.058476233873516324 0.058183364756405356 1.5653761238354491e-06
    21.0    
0.24929486215114594 1.6665799617767334 0.4268963932991028 train 22.0 0.11731119908392429 0.058482700306922195 0.058209769576787945 1.3910095049141091e-06
    22.0    
0.24739500880241394 1.6882113218307495 0.4229310154914856 train 23.0 0.11746195789426565 0.05856315411627293 0.05828296495601535 1.433125135008595e-06
    23.0    
0.24611929059028625 1.7296844720840454 0.4211456775665283 train 24.0 0.11711837437003851 0.058366377651691434 0.05813655572012067 1.797560230443196e-06
    24.0    
0.24614280462265015 1.7431252002716064 0.41620761156082153 train 25.0 0.11738676454871894 0.058498455937951804 0.058274147175252436 1.6650909628879162e-06
    25.0    
0.24217401444911957 1.7659516334533691 0.4174825847148895 train 26.0 0.1169949085637927 0.05829193755984306 0.05809142308309674 1.883045456452237e-06
    26.0    
0.2409483939409256 1.7867457866668701 0.4118395745754242 train 27.0 0.11703902114182711 0.05833087205886841 0.05809631595388055 1.6783604905867833e-06
    27.0    
0.24168972671031952 1.8072469234466553 0.4114867150783539 train 28.0 0.11692642878741026 0.0582694549113512 0.05804889649152756 1.85338592473272e-06
    28.0    
0.2381785362958908 1.8155947923660278 0.40940022468566895 train 29.0 0.11683846101164817 0.05822239303961396 0.05800894888117909 1.4537905599354417e-06
    29.0    
0.23724664747714996 1.8141353130340576 0.40520578622817993 train 30.0 0.11685141008347273 0.058210675790905955 0.05803701577708125 1.9744227301998762e-06
    30.0    
0.2363085150718689 1.8151447772979736 0.4012848138809204 train 31.0 0.11690044526010751 0.05823682406917215 0.058059064745903013 1.6818192989376257e-06
    31.0    
0.2380531132221222 1.8292887210845947 0.4021674692630768 train 32.0 0.11675315201282502 0.058173950891941786 0.057978427615016696 1.32122659124434e-06
    32.0    
0.2355034351348877 1.8070694208145142 0.399321973323822 train 33.0 0.11660951901227236 0.05809350835159421 0.057918890081346035 1.5046828139020363e-06
    33.0    
0.2315150648355484 1.7974777221679688 0.3949163854122162 train 34.0 0.1165989961847663 0.05808296451345086 0.057921615056693555 1.2602976084963302e-06
    34.0    
0.23090209066867828 1.7784216403961182 0.394527792930603 train 35.0 0.11660857059061527 0.05809004232287407 0.05792410826310515 1.7279329540542676e-06
    35.0    
0.23004642128944397 1.7721201181411743 0.3939586281776428 train 36.0 0.11650704216212034 0.058015170693397525 0.057902722842991354 1.912849938889849e-06
    36.0    
0.22783541679382324 1.7384878396987915 0.39008909463882446 train 37.0 0.1165239679068327 0.058027305919677016 0.057913703545928 2.050336433967459e-06
    37.0    
0.2306525707244873 1.7248190641403198 0.38992586731910706 train 38.0 0.11633830219507217 0.057902099434286355 0.05785786002874374 1.6836637541928212e-06
    38.0    
0.22530856728553772 1.7088305950164795 0.38901108503341675 train 39.0 0.11669487945735454 0.058101797066628935 0.05801414649933576 1.9399992652324727e-06
    39.0    
0.22704823315143585 1.688647747039795 0.3858705759048462 train 40.0 0.11634059973061085 0.05788903484120965 0.05787908678874373 1.5425030142068863e-06
    40.0    
0.22477206587791443 1.6714240312576294 0.3803847134113312 train 41.0 0.11602642700076103 0.05775674920529127 0.057700321078300476 1.681124899732822e-06
    41.0    
0.22527757287025452 1.6619360446929932 0.38086020946502686 train 42.0 0.11606488872319459 0.05777115551754832 0.05773074561730027 1.4026563803781755e-06
    42.0    
0.22452609241008759 1.6463778018951416 0.38131213188171387 train 43.0 0.11620547391474247 0.057806958071887495 0.0578380722925067 1.7753299061951111e-06
    43.0    
0.22397539019584656 1.6308311223983765 0.379295289516449 train 44.0 0.11635824777185917 0.05789350030943751 0.05790374090895057 1.4128484053799184e-06
    44.0    
0.22291314601898193 1.6181504726409912 0.37838539481163025 train 45.0 0.11606809731572866 0.05771989883854985 0.05779241530224681 1.4257924476623884e-06
    45.0    
0.22266976535320282 1.6065059900283813 0.3758654296398163 train 46.0 0.11583599556237459 0.0576125106215477 0.057671156395226714 1.3451887070914381e-06
    46.0    
0.2205953299999237 1.5916773080825806 0.37717685103416443 train 47.0 0.11609046246856451 0.05773073583841324 0.057806860711425545 1.6563732287977473e-06
    47.0    
0.22319628298282623 1.5771564245224 0.3745625615119934 train 48.0 0.11606132492423057 0.057710187323391435 0.05780290575698018 1.2245047855685698e-06
    48.0    
0.22077268362045288 1.5653245449066162 0.37484031915664673 train 49.0 0.11587644714862108 0.05765255343168974 0.057677679713815454 1.2269214266780182e-06
    49.0    
