Corr-Diag Corr-Full Corr-Swap Data Epoch Loss MMD-Full MMD-Swap Mean
0.21567746996879578 1.8971192836761475 0.5969072580337524 train 0.0 0.2671646086126566 0.14122741851955653 0.11302116014063358 1.749774492054712e-05
    0.0    
0.25760573148727417 1.5100328922271729 0.5500988364219666 train 1.0 0.14804113358259202 0.07506149031221866 0.06951514478772879 8.646221431263257e-06
    1.0    
0.27103322744369507 1.336957335472107 0.52547687292099 train 2.0 0.13279741443693638 0.06648701224476099 0.06405372703447938 8.596471161581576e-06
    2.0    
0.28042909502983093 1.2172755002975464 0.5097315907478333 train 3.0 0.1272918524593115 0.06336527917534113 0.06212266955524683 4.117671323911054e-06
    3.0    
0.28710174560546875 1.1363682746887207 0.5005431175231934 train 4.0 0.1244757766276598 0.061860541217029094 0.06103900672867894 8.592915946792345e-06
    4.0    
0.28927117586135864 1.1054109334945679 0.4925665259361267 train 5.0 0.12305119525641203 0.061142428368330004 0.06046623947098851 3.6305191315477714e-06
    5.0    
0.2898019254207611 1.0549668073654175 0.48746365308761597 train 6.0 0.12179773725569248 0.060525310467928646 0.05992444444447756 2.9116979476384586e-06
    6.0    
0.2906176745891571 1.0232651233673096 0.4829697012901306 train 7.0 0.121224703527987 0.06023703007027507 0.05970891486853361 3.871315129799768e-06
    7.0    
0.28962820768356323 1.0008056163787842 0.47805121541023254 train 8.0 0.12048759061843156 0.0598655603826046 0.05939504886046052 4.473265107662883e-06
    8.0    
0.2868492007255554 0.9865005612373352 0.4760362505912781 train 9.0 0.11977304268628358 0.05951328422874212 0.05908011145889759 3.095828787991195e-06
    9.0    
0.28776171803474426 0.9717011451721191 0.47260236740112305 train 10.0 0.11939510580152274 0.0593032437749207 0.05894814884290099 3.6042551982973237e-06
    10.0    
0.2859310805797577 0.9606084227561951 0.46762463450431824 train 11.0 0.11891238752752542 0.059094789773225784 0.058702982310205695 2.6546520075498847e-06
    11.0    
0.2829626500606537 0.9479737877845764 0.46679797768592834 train 12.0 0.11864418581128121 0.05895214091986418 0.058601214457303284 2.932891902673873e-06
    12.0    
0.2837298512458801 0.9450920820236206 0.4644908607006073 train 13.0 0.11839897587895393 0.05883533963933587 0.05849666476249695 3.1519973617832875e-06
    13.0    
0.2830135226249695 0.9429656863212585 0.4618186950683594 train 14.0 0.11857572827488184 0.05890054190531373 0.058625859823077914 3.2765030937298434e-06
    14.0    
0.27967363595962524 0.9381166696548462 0.4617753326892853 train 15.0 0.1180342061445117 0.05866413269191981 0.05833924079313874 3.6242834084987408e-06
    15.0    
0.2788158655166626 0.9352257251739502 0.4584445357322693 train 16.0 0.11805250085890293 0.05866386666893959 0.05836778862401843 3.7698996493418235e-06
    16.0    
0.28002089262008667 0.9453682899475098 0.4522322714328766 train 17.0 0.1178597079217434 0.05855434937402606 0.05829626055434346 2.9385998914222e-06
    17.0    
0.2776554524898529 0.946448028087616 0.4525327980518341 train 18.0 0.11809484928846359 0.05866216873750091 0.05843005834147334 3.0757998956687516e-06
    18.0    
0.27667734026908875 0.9497960805892944 0.4518137276172638 train 19.0 0.11779904268682002 0.05851208072155714 0.05829468341544271 2.197083404098521e-06
    19.0    
0.2772068679332733 0.9542046189308167 0.4509679675102234 train 20.0 0.11803631618618965 0.05862132932990789 0.058426627237349746 2.8535212095448514e-06
    20.0    
0.27749136090278625 0.9571648240089417 0.45063966512680054 train 21.0 0.11757877606898547 0.05840684549883008 0.058194299023598434 4.06622666559997e-06
    21.0    
0.2780390679836273 0.9618677496910095 0.4463489353656769 train 22.0 0.11796452365815639 0.0586000407487154 0.058391396105289456 2.5688711957627675e-06
    22.0    
0.2804991900920868 0.9665162563323975 0.4462643563747406 train 23.0 0.11772232983261346 0.05849883943796158 0.05825941560789943 1.9240235360484803e-06
    23.0    
0.2798658609390259 0.9724188446998596 0.44482913613319397 train 24.0 0.11778426308184863 0.058515499606728555 0.05831141797825694 2.2033104869478848e-06
    24.0    
0.2801995277404785 0.9693149328231812 0.44263383746147156 train 25.0 0.11771568000316619 0.05847198532894254 0.058290593065321444 2.251643081763177e-06
    25.0    
0.2815130650997162 0.9700884222984314 0.4400293529033661 train 26.0 0.11749909743666649 0.05836590738967061 0.05819114746525884 1.1652676903395331e-06
    26.0    
0.2822655141353607 0.9840313196182251 0.4388662874698639 train 27.0 0.11763892214745283 0.05843230322003365 0.058269582707434896 3.506377879602951e-06
    27.0    
0.28051725029945374 0.981558084487915 0.43787574768066406 train 28.0 0.11746358279138804 0.05834574177861214 0.058188630733639 2.5450049179198686e-06
    28.0    
0.2830243408679962 0.9786160588264465 0.4376536011695862 train 29.0 0.11735957376658916 0.05829421143978834 0.05814288718625903 2.144227892131312e-06
    29.0    
0.2840035855770111 0.9894652366638184 0.436236709356308 train 30.0 0.11708806075155735 0.05817788356915116 0.05799632521346212 3.226592525606975e-06
    30.0    
0.2839246094226837 0.9885795712471008 0.4345059394836426 train 31.0 0.11730899423360824 0.058281727824360134 0.05811985300853848 2.8457129701564554e-06
    31.0    
0.28743258118629456 0.9985175132751465 0.43587997555732727 train 32.0 0.11703507140278817 0.058122755866497754 0.05801336197182536 1.6928028117035865e-06
    32.0    
0.28675904870033264 0.9979195594787598 0.43512120842933655 train 33.0 0.11694943863898516 0.058102182634174826 0.05795323459431529 2.8236856906005414e-06
    33.0    
0.2882100045681 0.9947885274887085 0.4328323304653168 train 34.0 0.11713550493121147 0.05819506699219346 0.058051867578178644 3.514873924359563e-06
    34.0    
0.29073500633239746 0.9948060512542725 0.4322125017642975 train 35.0 0.11716279190033674 0.05819577638059854 0.058085456155240536 1.9466963294689776e-06
    35.0    
0.2896164655685425 0.994610071182251 0.4318368136882782 train 36.0 0.11717128578573466 0.05821597015485167 0.05808135142549872 2.192513193222112e-06
    36.0    
0.29477062821388245 1.0035666227340698 0.43139293789863586 train 37.0 0.11690016642212868 0.058057991862297056 0.05797477213665843 3.550319661371759e-06
    37.0    
0.2947300672531128 1.0090080499649048 0.433154821395874 train 38.0 0.11725242607295513 0.05824573332443833 0.05814311387017369 3.297446255601244e-06
    38.0    
0.297011137008667 1.0132803916931152 0.4338342845439911 train 39.0 0.11693218003958464 0.05808764912188053 0.05799151120707393 2.9252953481773147e-06
    39.0    
0.2976974844932556 1.0238577127456665 0.43431469798088074 train 40.0 0.1167640183493495 0.05800550768151879 0.05791134797036648 2.5421654754609335e-06
    40.0    
0.2987935543060303 1.0375893115997314 0.4396311044692993 train 41.0 0.11724195130169392 0.058250638172030446 0.05814916115254164 2.4097889763652347e-06
    41.0    
0.2991141676902771 1.052522897720337 0.44140365719795227 train 42.0 0.11675350185483695 0.05800549613311887 0.05791195245459676 2.321063902854803e-06
    42.0    
0.30065327882766724 1.061082363128662 0.4414142072200775 train 43.0 0.1169448333978653 0.05809349125251174 0.05802186092361808 1.7630308093430358e-06
    43.0    
0.3021474778652191 1.0731980800628662 0.4460417330265045 train 44.0 0.11718949619680644 0.058200470097363 0.0581631319783628 2.4430948997178348e-06
    44.0    
0.3029070496559143 1.091805338859558 0.4526391327381134 train 45.0 0.11662503462284804 0.05794043570756912 0.057865638937801125 2.52551467383455e-06
    45.0    
0.3051939010620117 1.112425446510315 0.45409512519836426 train 46.0 0.1167341885343194 0.057995669953525064 0.05792780267074704 2.817332642734982e-06
    46.0    
0.30591467022895813 1.1253303289413452 0.4578627049922943 train 47.0 0.11688095152378082 0.058063200134783985 0.05801191668957472 2.869292302420945e-06
    47.0    
0.30588117241859436 1.145365834236145 0.4595816731452942 train 48.0 0.11675575911998749 0.057965138982981446 0.057990528102964164 1.6010807257771376e-06
    48.0    
0.308818519115448 1.1725373268127441 0.4661701023578644 train 49.0 0.1167721339315176 0.05800211114808917 0.05797374509274959 3.0120515930320835e-06
    49.0    
0.3099300265312195 1.2037522792816162 0.4749099016189575 train 50.0 0.11673092696815729 0.05797857752069831 0.05796352278441191 1.6255293076028465e-06
    50.0    
0.31068313121795654 1.2243233919143677 0.4770940840244293 train 51.0 0.11648885499686003 0.05786634735763073 0.05784125052392483 2.144893869626685e-06
    51.0    
0.3116569519042969 1.250525712966919 0.48417147994041443 train 52.0 0.11636147867888212 0.057826546337455514 0.05775627249851823 2.5633205495978473e-06
    52.0    
0.3099326491355896 1.277595043182373 0.48800840973854065 train 53.0 0.11677776411175728 0.05799287915229798 0.058010810427367686 2.9058601285214536e-06
    53.0    
0.3118152916431427 1.308372139930725 0.49489760398864746 train 54.0 0.1166416659206152 0.0579112702421844 0.05795930420979858 2.999232719957945e-06
    54.0    
0.31372731924057007 1.3523491621017456 0.5057135820388794 train 55.0 0.1164911114051938 0.0578535015694797 0.057871758621186015 2.695565171961789e-06
    55.0    
0.3152037560939789 1.3776636123657227 0.507839560508728 train 56.0 0.11644577518105508 0.05782381916418672 0.05786211064085364 2.25869302994397e-06
    56.0    
0.31413090229034424 1.4115383625030518 0.5137729644775391 train 57.0 0.11622303359210491 0.05773445416241884 0.05773126065731048 3.490958988550119e-06
    57.0    
0.31590238213539124 1.4467530250549316 0.5209351778030396 train 58.0 0.11616857688874006 0.0576989402808249 0.0577198189124465 1.5940750017762184e-06
    58.0    
0.31289252638816833 1.4899333715438843 0.5270148515701294 train 59.0 0.11659466125071048 0.0579042105935514 0.05794248940423131 2.9809941679559415e-06
    59.0    
0.3142238259315491 1.5189974308013916 0.532813310623169 train 60.0 0.1162515677884221 0.05773341562598944 0.05777055220678449 3.422821464482695e-06
    60.0    
0.313096284866333 1.561474323272705 0.5417589545249939 train 61.0 0.11645094558596611 0.05785542560741305 0.057852481231093406 2.293258830832201e-06
    61.0    
0.3152206838130951 1.5838987827301025 0.5456318259239197 train 62.0 0.11605808585882187 0.05764729507267475 0.05767214337363839 2.9183822789491387e-06
    62.0    
0.3142373859882355 1.627094030380249 0.5528987646102905 train 63.0 0.11609310656785965 0.05766298335045576 0.05769810751080513 2.5578178792784456e-06
    63.0    
0.313605397939682 1.6485637426376343 0.5545825362205505 train 64.0 0.11613713428378106 0.05771051079034805 0.05769565293565392 1.6371926676583826e-06
    64.0    
0.31478869915008545 1.6981661319732666 0.5649760365486145 train 65.0 0.11613877881318331 0.05768223090097308 0.05772945955395699 2.3868662992754253e-06
    65.0    
0.31499066948890686 1.7247356176376343 0.5681546330451965 train 66.0 0.11607040770351887 0.057638556100428104 0.057709067650139334 1.8523362541600363e-06
    66.0    
0.31244662404060364 1.7443584203720093 0.5709760785102844 train 67.0 0.11615528982132674 0.057684824503958225 0.057748171910643575 1.3692084621652612e-06
    67.0    
0.31188318133354187 1.775607943534851 0.5771281719207764 train 68.0 0.11602239951491355 0.05760381203144789 0.05769971836358309 2.1433349957078462e-06
    68.0    
0.3116343021392822 1.806307315826416 0.5842932462692261 train 69.0 0.11607869151979684 0.0576138767413795 0.05774945886805653 2.5330552944069495e-06
    69.0    
0.31196585297584534 1.8285988569259644 0.5884754657745361 train 70.0 0.116065097078681 0.05761895792558789 0.05773325638845563 1.926083996295347e-06
    70.0    
0.31003713607788086 1.8478878736495972 0.5927640199661255 train 71.0 0.11595403242856264 0.05756463697180152 0.05767684800550341 2.3767750008119037e-06
    71.0    
0.30897676944732666 1.8709512948989868 0.5963954925537109 train 72.0 0.11604406941682101 0.05762590659782291 0.057707091588526965 2.175007466576062e-06
    72.0    
0.3092682659626007 1.890487790107727 0.600078821182251 train 73.0 0.11593249440193176 0.05753756005316973 0.05768847431987524 3.0299088393803686e-06
    73.0    
0.3091774582862854 1.9108941555023193 0.6040783524513245 train 74.0 0.11590327877551317 0.05752432694658637 0.05767422391101718 2.650211172294803e-06
    74.0    
0.30859410762786865 1.9295213222503662 0.6088342666625977 train 75.0 0.11583458617329598 0.057497996818274257 0.057634005099534986 3.1229978958435822e-06
    75.0    
0.308952271938324 1.9412277936935425 0.612743616104126 train 76.0 0.11596515133976937 0.05756395522505045 0.05769962497055531 2.238818296973477e-06
    76.0    
0.3070196509361267 1.9494102001190186 0.6121286749839783 train 77.0 0.1159475276619196 0.05754462437704205 0.057703798301517964 2.3536206299468176e-06
    77.0    
0.307353675365448 1.9739059209823608 0.6182243824005127 train 78.0 0.11563022010028362 0.057386694848537444 0.05754705188795924 1.7017879372360767e-06
    78.0    
0.3074364960193634 1.9725935459136963 0.6179293990135193 train 79.0 0.11593281619250774 0.057537828013300894 0.057697454486042264 2.433957661196473e-06
    79.0    
0.30692601203918457 1.9845120906829834 0.6215352416038513 train 80.0 0.11569073535501957 0.057418164629489184 0.05757905570790171 2.81684674519056e-06
    80.0    
0.3058391809463501 1.981841802597046 0.6226459741592407 train 81.0 0.1159657395258546 0.05755657233297825 0.0577155439555645 3.975748313678196e-06
    81.0    
0.3075587749481201 1.9895843267440796 0.6248921155929565 train 82.0 0.1159444459155202 0.05753361482173205 0.05771841946989298 3.0248477287386777e-06
    82.0    
0.3062979578971863 1.9888778924942017 0.6252585053443909 train 83.0 0.11584236852824688 0.05746410991996527 0.05768717585131526 3.2128252769325627e-06
    83.0    
0.30582332611083984 1.9885121583938599 0.625446081161499 train 84.0 0.11570828888565302 0.05740170979872346 0.05762129187583923 2.4330463475052966e-06
    84.0    
0.3059987425804138 1.9903640747070312 0.6280969381332397 train 85.0 0.11582204878330231 0.0574624052643776 0.057673148941248656 2.9822613214491867e-06
    85.0    
0.30554020404815674 1.990168809890747 0.628257691860199 train 86.0 0.1155962412059307 0.05734585739672184 0.0575663542561233 1.8372899148744182e-06
    86.0    
0.3068901598453522 1.9897915124893188 0.6292726397514343 train 87.0 0.11564148802310228 0.05737956317141652 0.0575790305621922 2.4365253921132535e-06
    87.0    
0.3059116005897522 1.9829524755477905 0.6289623975753784 train 88.0 0.11576681450009346 0.05741861125454307 0.057666593100875616 2.8938811738044024e-06
    88.0    
0.30429545044898987 1.9748066663742065 0.6284698843955994 train 89.0 0.11597902867943048 0.05754940118640661 0.05774500356987119 2.7660857995215338e-06
    89.0    
0.3057993948459625 1.9813027381896973 0.6310077905654907 train 90.0 0.11577554635703563 0.0574174939095974 0.05767630586400628 2.2998458462097915e-06
    90.0    
0.3074917197227478 1.9780164957046509 0.6316105127334595 train 91.0 0.11534903071820736 0.05722221488133073 0.05744992287829518 2.4234559532487765e-06
    91.0    
0.3071424663066864 1.9738584756851196 0.6318040490150452 train 92.0 0.1156094554811716 0.05736454965546727 0.05756860896945 2.499524953236687e-06
    92.0    
0.30774611234664917 1.959881067276001 0.6298690438270569 train 93.0 0.11558177947998047 0.05736747046932578 0.05753931738436222 1.6651986243232386e-06
    93.0    
0.3067004978656769 1.9586231708526611 0.6307268738746643 train 94.0 0.11555659793317317 0.0573263668268919 0.05755670489743352 2.1089774691063212e-06
    94.0    
0.30589354038238525 1.94658362865448 0.6300585865974426 train 95.0 0.11571432255208493 0.05739551194012165 0.05764771422371268 2.3913082713988842e-06
    95.0    
0.30789804458618164 1.9405303001403809 0.6299455165863037 train 96.0 0.11568929992616177 0.0574077570810914 0.05760761382058263 2.9999323487572838e-06
    96.0    
0.3077912926673889 1.9339618682861328 0.6289354562759399 train 97.0 0.11560427200049161 0.057338814809918405 0.05759494032710791 2.0316617792559555e-06
    97.0    
0.30794504284858704 1.9324184656143188 0.6316973567008972 train 98.0 0.11553250942379237 0.057304569669067856 0.057562212850898506 1.881769662759325e-06
    98.0    
0.308971643447876 1.914483666419983 0.6284312009811401 train 99.0 0.1153845401853323 0.05722161013633013 0.05749669762328267 2.7993341973342467e-06
    99.0    
