Corr-Diag Corr-Full Corr-Swap Data Epoch Loss MMD-Full MMD-Swap Mean
0.6078879237174988 0.5938472151756287 0.2992810010910034 train 0.0 0.3780040368437767 0.06978435399010778 0.0654067856259644 2.1167602426430676e-06
    0.0    
0.6182193756103516 0.47553128004074097 0.2414008229970932 train 1.0 0.1598382583260536 0.058584849424660204 0.05816062770783901 6.768311322957743e-06
    1.0    
0.6276594996452332 0.3822649419307709 0.1990785449743271 train 2.0 0.1486541499942541 0.0580996217392385 0.05790305215865374 9.222071639669593e-06
    2.0    
0.633479118347168 0.3334355056285858 0.17627942562103271 train 3.0 0.14461373835802077 0.057732775360345844 0.05761725947260857 1.027679263643222e-05
    3.0    
0.6353493332862854 0.30273568630218506 0.1614021360874176 train 4.0 0.1419463414698839 0.057514973562210796 0.05746864980086684 6.978219516895479e-06
    4.0    
0.6365435719490051 0.2821590006351471 0.15176120400428772 train 5.0 0.14062790915369988 0.05750310329720378 0.057559186965227126 7.5149487201997545e-06
    5.0    
0.6393067836761475 0.2652362287044525 0.14333513379096985 train 6.0 0.13955405808985233 0.057335279062390325 0.05740718582645059 7.0404103098553605e-06
    6.0    
0.6400224566459656 0.2550872564315796 0.13848401606082916 train 7.0 0.1388536425679922 0.057290936913341285 0.05739351488649845 8.141344551404472e-06
    7.0    
0.6411001682281494 0.24499517679214478 0.1339966505765915 train 8.0 0.13860847681760788 0.057375048398971555 0.05750745175406337 7.395464763249038e-06
    8.0    
0.6416718363761902 0.2376885861158371 0.13030953705310822 train 9.0 0.13800886616110802 0.057309792041778565 0.05744680365547538 3.0073356356297154e-06
    9.0    
0.6414807438850403 0.2330547273159027 0.12750543653964996 train 10.0 0.13716134168207644 0.05725863106548786 0.057482328880578276 5.857572432432789e-06
    10.0    
0.6403876543045044 0.22809872031211853 0.1254640370607376 train 11.0 0.13696546368300916 0.057149484511464836 0.05731233526021242 5.401131147664273e-06
    11.0    
0.6410353779792786 0.2248939722776413 0.12433470785617828 train 12.0 0.13669632136821747 0.057179771289229395 0.05734838450327515 3.234885070924065e-06
    12.0    
0.639954686164856 0.22160132229328156 0.12225882709026337 train 13.0 0.1361194335669279 0.0570248101092875 0.05722064336761832 4.642744443117408e-06
    13.0    
0.6389085650444031 0.21889328956604004 0.1214827373623848 train 14.0 0.1359912371635437 0.05707519967108965 0.05729959648102522 3.2305147215083707e-06
    14.0    
0.6394490599632263 0.21521654725074768 0.11913987249135971 train 15.0 0.13572036229074003 0.05707626327872276 0.05730197543278336 2.1473426841112087e-06
    15.0    
0.6381878852844238 0.2126644104719162 0.11807268857955933 train 16.0 0.1354152349382639 0.057050456441938874 0.057300824280828236 1.9639649053715402e-06
    16.0    
0.634939432144165 0.21040543913841248 0.11698698252439499 train 17.0 0.13535801731050015 0.057104750517755744 0.05733438923954964 1.967034449990024e-06
    17.0    
0.6348660588264465 0.2072303146123886 0.11501433700323105 train 18.0 0.13551238246262073 0.0570186921581626 0.05722690526396036 3.125418515992351e-06
    18.0    
0.6337103247642517 0.2052035629749298 0.11423394083976746 train 19.0 0.13477398172020913 0.057024881951510904 0.05724730499088764 3.345784307384747e-06
    19.0    
0.632526159286499 0.20209941267967224 0.11271362006664276 train 20.0 0.13470968157052993 0.057067792247980836 0.05730144837871194 4.034500307170674e-06
    20.0    
0.6329985857009888 0.19974657893180847 0.11073639243841171 train 21.0 0.1344149900227785 0.05702978529036045 0.05730142164975405 3.4186630273325136e-06
    21.0    
0.632233738899231 0.1968851387500763 0.10922890156507492 train 22.0 0.13420780457556247 0.05697234800085425 0.05724699670448899 2.7629678243101807e-06
    22.0    
0.6324089765548706 0.1939072161912918 0.10837817192077637 train 23.0 0.13455153450369836 0.0571043823286891 0.057322412878274914 1.925448032125132e-06
    23.0    
0.63067626953125 0.19218312203884125 0.10756359249353409 train 24.0 0.13428944118320943 0.057040396332740786 0.05728895824402571 2.603632765385555e-06
    24.0    
0.6304818391799927 0.18956519663333893 0.10571719706058502 train 25.0 0.1341591203212738 0.05712980378419161 0.057388438638299705 1.466684693696152e-06
    25.0    
0.6300585865974426 0.18620027601718903 0.10430250316858292 train 26.0 0.1336032573133707 0.0569998193718493 0.05729630995541811 1.7330415857941261e-06
    26.0    
0.6299533247947693 0.18523786962032318 0.10383104532957077 train 27.0 0.1341158701479435 0.05712240263819694 0.05740051262080669 1.5991153077266063e-06
    27.0    
0.6287742257118225 0.18409642577171326 0.10316925495862961 train 28.0 0.13361066669225694 0.05703074499964714 0.05733217256143689 2.8041490622854326e-06
    28.0    
0.627692699432373 0.18180255591869354 0.10257500410079956 train 29.0 0.1334824600815773 0.05704148519784212 0.05730493059381843 1.9345695818628883e-06
    29.0    
0.6294169425964355 0.17810364067554474 0.10061129927635193 train 30.0 0.13318321153521537 0.05688893504440785 0.05715067874640226 1.5890745999058709e-06
    30.0    
0.6294472217559814 0.1756688952445984 0.09913216531276703 train 31.0 0.13383150726556778 0.05716611657291651 0.05744386861100793 2.423549631203059e-06
    31.0    
0.6291663646697998 0.17517416179180145 0.09902355819940567 train 32.0 0.1332028464972973 0.05698632040992379 0.05725869428366423 2.4190355816244846e-06
    32.0    
0.6285437941551208 0.17436948418617249 0.09905553609132767 train 33.0 0.13279025599360467 0.05689009588211775 0.057179795689880845 1.707357341729221e-06
    33.0    
0.6277072429656982 0.17333167791366577 0.09819953888654709 train 34.0 0.13292288087308407 0.05696173576638103 0.057273834329098466 2.06359777621401e-06
    34.0    
0.6284419298171997 0.17074358463287354 0.09710942208766937 train 35.0 0.1322248722612858 0.05671168763190508 0.0569776082597673 1.362995021736424e-06
    35.0    
0.6275109052658081 0.16799426078796387 0.09591696411371231 train 36.0 0.1324166977405548 0.05683311365544796 0.05714171698316932 1.4627357813878916e-06
    36.0    
0.6281664967536926 0.16863518953323364 0.09647180885076523 train 37.0 0.13266193337738513 0.05693583453074098 0.05728894755244255 2.0462834982026834e-06
    37.0    
0.6274917721748352 0.16578887403011322 0.09518707543611526 train 38.0 0.1326219216734171 0.05691528301686048 0.05725248074159026 1.3348402490009903e-06
    38.0    
0.6269246935844421 0.1648324579000473 0.09485694766044617 train 39.0 0.1326581511646509 0.05693365328013897 0.05724268557503819 1.5125465324672405e-06
    39.0    
0.6264221668243408 0.1631578803062439 0.09428028762340546 train 40.0 0.13253956332802772 0.05689352385699749 0.05721258042380214 2.058366362689412e-06
    40.0    
0.6283831000328064 0.16221651434898376 0.09293215721845627 train 41.0 0.13240506500005722 0.05694485990330577 0.057289633452892307 1.7276806829613633e-06
    41.0    
0.6276756525039673 0.16196152567863464 0.09271877259016037 train 42.0 0.13262409463524819 0.056987684406340125 0.057342760358005763 1.7455098486607312e-06
    42.0    
0.6271613240242004 0.1586093157529831 0.09232018887996674 train 43.0 0.13227426320314406 0.05692747311666608 0.057229352630674836 1.2901894024253124e-06
    43.0    
0.6258259415626526 0.1594524383544922 0.09273934364318848 train 44.0 0.13218931831419467 0.0568568622879684 0.05717871805652976 1.4178285709931515e-06
    44.0    
0.6281471848487854 0.15888050198554993 0.09139872342348099 train 45.0 0.13221831552684307 0.05688759909942746 0.05722664458677173 1.770492303876381e-06
    45.0    
0.624703586101532 0.15748336911201477 0.09083918482065201 train 46.0 0.13210361331701279 0.05691658698022366 0.05725204160436988 1.3796691291645402e-06
    46.0    
0.6267362833023071 0.15621696412563324 0.09100266546010971 train 47.0 0.13234294526278972 0.056929316148161886 0.057239149622619154 1.6668233229211182e-06
    47.0    
0.6263012886047363 0.15584337711334229 0.09052065014839172 train 48.0 0.13210121504962444 0.05685755491256714 0.05718863263726234 1.3715896329813404e-06
    48.0    
0.6271966099739075 0.1524820327758789 0.08948192000389099 train 49.0 0.1318900903314352 0.056940190643072125 0.05724347369745374 1.0335946853956557e-06
    49.0    
