Corr-Diag Corr-Full Corr-Swap Data Epoch Loss MMD-Full MMD-Swap Mean
0.26943519711494446 1.0635815858840942 0.5387517809867859 train 0.0 0.19556403920054435 0.10184054892510176 0.08828389622271061 1.972715290321503e-05
    0.0    
0.3511876165866852 0.809638261795044 0.4554121494293213 train 1.0 0.13302441664040088 0.06527162985876203 0.06400084380060435 1.0270014172419906e-05
    1.0    
0.39651569724082947 0.7343442440032959 0.4099300503730774 train 2.0 0.12585469987243414 0.06177412511780858 0.06109461087733507 7.577320047857938e-06
    2.0    
0.42296433448791504 0.7304264903068542 0.38826611638069153 train 3.0 0.12317618563771247 0.06057974709197879 0.06012168914079666 5.574227088800399e-06
    3.0    
0.44109517335891724 0.7484870553016663 0.37409666180610657 train 4.0 0.12147111512720585 0.05988440433517098 0.059473509341478346 4.010293650935637e-06
    4.0    
0.45427989959716797 0.7862548828125 0.3697725832462311 train 5.0 0.12042585581541061 0.059469204749912026 0.05911477860063315 3.1660354125051526e-06
    5.0    
0.46902701258659363 0.8146581649780273 0.36906322836875916 train 6.0 0.11954061951488257 0.05915472252294421 0.05875987287610769 2.3508910089731216e-06
    6.0    
0.4768931567668915 0.859199047088623 0.3735935091972351 train 7.0 0.11925868712365627 0.059128247313201425 0.05867653388530016 1.8892608295573154e-06
    7.0    
0.4851651191711426 0.887822151184082 0.3799121081829071 train 8.0 0.11885315302759408 0.058986165430396795 0.058558684438467026 1.5185792108241003e-06
    8.0    
0.4896512031555176 0.9241722822189331 0.3869074583053589 train 9.0 0.11881657209247351 0.05901786560192704 0.058613127171993254 1.4707450191053795e-06
    9.0    
0.4992925524711609 0.9554616808891296 0.39162981510162354 train 10.0 0.11827178813517093 0.05880150903016329 0.058384078685194254 1.2511135309978272e-06
    10.0    
0.5027142763137817 0.979895293712616 0.39885473251342773 train 11.0 0.11782772861421108 0.05859114868566394 0.05823342511430383 9.586105989001226e-07
    11.0    
0.5064455270767212 0.9935050010681152 0.4016910493373871 train 12.0 0.11801764279603959 0.05873634357005358 0.05835140326991677 7.452417207787221e-07
    12.0    
0.5104697346687317 1.007375955581665 0.40534093976020813 train 13.0 0.11753226447850466 0.05852073401212692 0.05814534394070506 7.713288141530938e-07
    13.0    
0.5144785046577454 1.0165202617645264 0.40846315026283264 train 14.0 0.11720101837068796 0.05836698967963457 0.05802190512418747 8.365947792299266e-07
    14.0    
0.5165026187896729 1.012973427772522 0.40810152888298035 train 15.0 0.11742966029793024 0.058481840770691636 0.05818754466250539 9.328156806986954e-07
    15.0    
0.5193906426429749 1.0139365196228027 0.4103197753429413 train 16.0 0.11724675070494413 0.058399372156709435 0.05813411979004741 8.539416853636794e-07
    16.0    
0.5213802456855774 1.0056912899017334 0.40863198041915894 train 17.0 0.11731028966605664 0.05844464983791113 0.05819307625293732 6.331377448987041e-07
    17.0    
0.5255922079086304 1.0006113052368164 0.40818527340888977 train 18.0 0.11663201607763768 0.05814591655507684 0.05785032408311963 8.874727654983872e-07
    18.0    
0.5258960127830505 0.9863538146018982 0.40586861968040466 train 19.0 0.11676686618477106 0.05822347113862634 0.05794140242040157 8.927910926104232e-07
    19.0    
0.5268074870109558 0.9735392332077026 0.4037601947784424 train 20.0 0.11652108807116747 0.058081785961985585 0.05787163496017456 1.1635025884970673e-06
    20.0    
0.5282613039016724 0.9586226344108582 0.3997272253036499 train 21.0 0.11648551438003779 0.05808221960440278 0.057864669635891916 1.0450436320752488e-06
    21.0    
0.5298874378204346 0.9455425143241882 0.3975003957748413 train 22.0 0.11612829100340605 0.057874048464000225 0.05774351019412279 8.693169775142451e-07
    22.0    
0.5310232639312744 0.923812210559845 0.3929882049560547 train 23.0 0.11623845659196377 0.05795290431007743 0.057800607737153765 1.0437308901600773e-06
    23.0    
0.5316155552864075 0.9054232835769653 0.38899388909339905 train 24.0 0.11621718101203442 0.05793819606304169 0.05781863274052739 9.570833299221704e-07
    24.0    
0.5315404534339905 0.8799386620521545 0.3829912841320038 train 25.0 0.11616884179413318 0.057936731968075035 0.05779430519789457 1.0111842811966198e-06
    25.0    
0.5320446491241455 0.8599480986595154 0.377332866191864 train 26.0 0.11613912653177977 0.05790846064686775 0.0578149644471705 1.093717287403706e-06
    26.0    
0.5350662469863892 0.8414333462715149 0.37268564105033875 train 27.0 0.11570143934339285 0.0576850557513535 0.057619754429906606 8.712131602806039e-07
    27.0    
0.535869836807251 0.8190793991088867 0.3665134310722351 train 28.0 0.1158522030711174 0.057766016516834495 0.057708914559334516 1.5099084293979104e-06
    28.0    
0.5357422232627869 0.7982538342475891 0.3609572649002075 train 29.0 0.11567920703440905 0.05767882600426674 0.057638854514807464 9.9493797733885e-07
    29.0    
0.5374969244003296 0.7752964496612549 0.3545854687690735 train 30.0 0.11538935285061598 0.057518671564757824 0.05752513511106372 1.2007678833469981e-06
    30.0    
0.539810299873352 0.7564479112625122 0.3490018844604492 train 31.0 0.11513545226305723 0.057406216636300085 0.05740046665072441 1.082961375686864e-06
    31.0    
0.5379350185394287 0.7349581122398376 0.34245672821998596 train 32.0 0.11543849058449268 0.057561410143971446 0.05755942592397332 1.2577202141983435e-06
    32.0    
0.5389315485954285 0.7127713561058044 0.3359696865081787 train 33.0 0.11504593383520842 0.05735862344503403 0.05738216757774353 1.403651822329266e-06
    33.0    
0.5415796637535095 0.6987413763999939 0.3313111960887909 train 34.0 0.11487904515117407 0.05724725272506476 0.05733744587749243 1.3715582554141292e-06
    34.0    
0.5415234565734863 0.6784743070602417 0.3247854709625244 train 35.0 0.11516149044036865 0.057401768937706946 0.057475258875638244 1.6151846011780435e-06
    35.0    
0.5431166887283325 0.6627188324928284 0.31925421953201294 train 36.0 0.11479933984577656 0.057227832432836294 0.05729803614318371 1.264487650587398e-06
    36.0    
0.544766366481781 0.6444758772850037 0.3133968412876129 train 37.0 0.11472027279436588 0.057199701089411976 0.05725704811513424 1.2860524520874606e-06
    37.0    
0.543358564376831 0.629156231880188 0.30822551250457764 train 38.0 0.11506757397204638 0.05734046513214707 0.05746986256912351 1.7417913795725326e-06
    38.0    
0.5457323789596558 0.6131724119186401 0.30272889137268066 train 39.0 0.11495930105447769 0.05725929057225585 0.05745044305920601 1.2604554058270878e-06
    39.0    
0.5475465655326843 0.5993264317512512 0.29742079973220825 train 40.0 0.11462259098887444 0.057115101665258405 0.057266789264976976 1.1923851843675948e-06
    40.0    
0.5466512441635132 0.5850023031234741 0.2923724949359894 train 41.0 0.11485451199114323 0.05721619188785553 0.05740346578881145 1.8980666709467187e-06
    41.0    
0.5463334321975708 0.5707621574401855 0.28673574328422546 train 42.0 0.11482911437749863 0.05720783257856965 0.05739121416583657 1.2440825685189338e-06
    42.0    
0.548185408115387 0.559984564781189 0.2833424210548401 train 43.0 0.11473434466868639 0.05714139375835657 0.057367241121828554 1.4761255897610681e-06
    43.0    
0.5503010749816895 0.5476740002632141 0.2775484025478363 train 44.0 0.11443860609084368 0.05699870452284813 0.05722057797014713 1.7175518678413937e-06
    44.0    
0.5515071153640747 0.5364363789558411 0.2735763490200043 train 45.0 0.11443783879280091 0.05699318109080195 0.057231574188917875 1.981839432119159e-06
    45.0    
0.5520680546760559 0.5269454717636108 0.26931989192962646 train 46.0 0.11429131146520376 0.05693235695362091 0.05714926168322563 1.4216401496014441e-06
    46.0    
0.5521828532218933 0.5148711800575256 0.26462167501449585 train 47.0 0.11439325161278248 0.05697344047948718 0.05721382196992636 1.6927139085964882e-06
    47.0    
0.5526878237724304 0.505801260471344 0.26083633303642273 train 48.0 0.11455938044935465 0.05704819031059742 0.05730702051892877 2.1417577045212965e-06
    48.0    
0.5531439185142517 0.49569714069366455 0.25675928592681885 train 49.0 0.1145640579238534 0.057044353894889356 0.057318250704556706 2.0379213765409077e-06
    49.0    
