Corr-Diag Corr-Full Corr-Swap Data Epoch Loss MMD-Full MMD-Swap Mean
0.2401665300130844 1.0283641815185547 0.45774900913238525 train 0.0 0.4770568759739399 0.07325724544003606 0.06864525068551303 3.553630904207239e-06
    0.0    
0.23240460455417633 1.400881290435791 0.43831124901771545 train 1.0 0.24598875209689142 0.06065355380997062 0.060016623605042695 3.2779062166810036e-06
    1.0    
0.2332284301519394 1.5029581785202026 0.43163010478019714 train 2.0 0.23438714131712912 0.060658233724534515 0.05985688898712396 3.0403471100726165e-06
    2.0    
0.2313513606786728 1.5834438800811768 0.42900702357292175 train 3.0 0.23051076091825962 0.06059391228482127 0.0597076864913106 4.470075509743765e-06
    3.0    
0.22724127769470215 1.6013281345367432 0.43062251806259155 train 4.0 0.2242579436302185 0.06057350290939212 0.05968083217740059 2.600190100565669e-06
    4.0    
0.22567035257816315 1.5947481393814087 0.4288189113140106 train 5.0 0.2211749091744423 0.06036893341690302 0.05947743259370327 2.8634390218940098e-06
    5.0    
0.2221381962299347 1.5838329792022705 0.42741310596466064 train 6.0 0.21644401513040065 0.06048132844269276 0.05958060547709465 2.4010439574340126e-06
    6.0    
0.21958357095718384 1.5683338642120361 0.42262616753578186 train 7.0 0.2134496695548296 0.060334439482539894 0.05946493420749903 2.9604780138470232e-06
    7.0    
0.21396224200725555 1.5554620027542114 0.4135022759437561 train 8.0 0.20670623503625393 0.06013073317706585 0.0593137439340353 1.5301268376788357e-06
    8.0    
0.21064284443855286 1.5613712072372437 0.4094780683517456 train 9.0 0.2026040803641081 0.06004258364439011 0.059322881866246464 2.1490461676876293e-06
    9.0    
0.20607613027095795 1.5205928087234497 0.4079175889492035 train 10.0 0.19904992215335368 0.06001235369592905 0.05937832787632942 1.6407504972448805e-06
    10.0    
0.20319949090480804 1.5114710330963135 0.4057804346084595 train 11.0 0.19612693637609482 0.05976434774696827 0.05918650377541781 1.376740669911669e-06
    11.0    
0.19929109513759613 1.4617305994033813 0.40446868538856506 train 12.0 0.19425017192959784 0.05965747069567442 0.0591991819255054 1.291592752750148e-06
    12.0    
0.19982150197029114 1.447597861289978 0.40228980779647827 train 13.0 0.19379736140370368 0.05975592497736216 0.05928617680445313 1.425613390892977e-06
    13.0    
0.19835901260375977 1.4397491216659546 0.3986190855503082 train 14.0 0.19161881968379021 0.05953868295997381 0.05911303348839283 1.3774919125353335e-06
    14.0    
0.19662554562091827 1.4146031141281128 0.39887672662734985 train 15.0 0.1913240786641836 0.05950458023697138 0.05915024410933256 7.970712658789125e-07
    15.0    
0.1953369528055191 1.3957582712173462 0.3989642262458801 train 16.0 0.19092247560620307 0.05938537525013089 0.059018246289342643 7.921736369098653e-07
    16.0    
0.19416987895965576 1.3717280626296997 0.3977970778942108 train 17.0 0.19015135169029235 0.059341896791011095 0.0590235654450953 7.990815902303439e-07
    17.0    
0.1946692168712616 1.3602499961853027 0.3959825336933136 train 18.0 0.19044460721313952 0.05930017339065671 0.05901485150679946 7.691543828514114e-07
    18.0    
0.1919083297252655 1.3343170881271362 0.3975854516029358 train 19.0 0.18881230995059015 0.05930833766236901 0.059005747567862275 8.848072070577473e-07
    19.0    
0.19191253185272217 1.3197836875915527 0.3971688151359558 train 20.0 0.18742608107626438 0.05920586680993438 0.05897726697847247 8.703859180059226e-07
    20.0    
0.1920340210199356 1.2851545810699463 0.39493462443351746 train 21.0 0.18812889054417611 0.0591924343444407 0.05899399982765317 7.805733162058459e-07
    21.0    
0.19152367115020752 1.265093445777893 0.39358144998550415 train 22.0 0.1876891252398491 0.05920683557167649 0.05898598149418831 1.097646759262716e-06
    22.0    
0.1906806230545044 1.2536122798919678 0.39565205574035645 train 23.0 0.18739196307957173 0.05906597126275301 0.058885134980082514 8.530111017535091e-07
    23.0    
0.18991965055465698 1.2375179529190063 0.39306148886680603 train 24.0 0.1866724544763565 0.05913059126585722 0.058940792810171845 9.890031833492685e-07
    24.0    
0.19110693037509918 1.206761360168457 0.39350593090057373 train 25.0 0.18746387660503389 0.059080855287611485 0.058886681478470565 1.0689331020330428e-06
    25.0    
0.19238881766796112 1.1868687868118286 0.3915209472179413 train 26.0 0.1860874815285206 0.05901542745530605 0.058877347465604545 8.520295864400396e-07
    26.0    
0.1895337700843811 1.1845149993896484 0.3909663259983063 train 27.0 0.18558274880051612 0.0591149733774364 0.05897862995043397 1.2840972658523242e-06
    27.0    
0.19002999365329742 1.1640651226043701 0.3894578814506531 train 28.0 0.18519539132714272 0.05911490954458713 0.05900795904919505 8.36760420952487e-07
    28.0    
0.18972313404083252 1.1399797201156616 0.39004504680633545 train 29.0 0.18482410125434398 0.05888624573126435 0.05882224751636386 8.789061212155502e-07
    29.0    
0.18887591361999512 1.1092621088027954 0.3889867663383484 train 30.0 0.18464432306587697 0.05884063074365258 0.05876291684806347 1.0861798500627629e-06
    30.0    
0.19110241532325745 1.0908235311508179 0.38637909293174744 train 31.0 0.18473698817193507 0.05888480819761753 0.05878823671489954 1.3825518863086472e-06
    31.0    
0.18952341377735138 1.0790480375289917 0.3865857422351837 train 32.0 0.18329665884375573 0.05886628471314907 0.058822329677641394 8.632852654955059e-07
    32.0    
0.19032874703407288 1.057662010192871 0.3866071105003357 train 33.0 0.18381172709167004 0.058860599901527165 0.05881770921871066 1.2832053926103981e-06
    33.0    
0.18949531018733978 1.0450466871261597 0.3860594928264618 train 34.0 0.18358185440301894 0.05887849712744355 0.058844085093587635 9.95250388768909e-07
    34.0    
0.1909455806016922 1.02536940574646 0.38530486822128296 train 35.0 0.1828367280215025 0.05878838052973151 0.05877965603023767 1.2625332601601258e-06
    35.0    
0.18892820179462433 1.0205307006835938 0.384883850812912 train 36.0 0.18257177785038947 0.05865032583475113 0.05867023155093193 1.0882938568101963e-06
    36.0    
0.18911325931549072 1.001037359237671 0.3846137821674347 train 37.0 0.18390829280018806 0.05879721663892269 0.05877878431230783 1.3973850627735374e-06
    37.0    
0.18880222737789154 0.991719126701355 0.3843965232372284 train 38.0 0.18261454693973064 0.05867152711376548 0.05869423203170299 1.2437348004823434e-06
    38.0    
0.18817530572414398 0.9741911888122559 0.38486337661743164 train 39.0 0.18294939510524272 0.058732625264674425 0.05877372255548835 1.1678370128720417e-06
    39.0    
0.18814617395401 0.9692668318748474 0.38277941942214966 train 40.0 0.1817818932235241 0.05872025962918997 0.05877140950411558 1.1653750107143424e-06
    40.0    
0.18888452649116516 0.9546930193901062 0.3834410607814789 train 41.0 0.1814803312718868 0.05867173360660672 0.058712906390428546 1.1742677088477649e-06
    41.0    
0.1872430443763733 0.9424548149108887 0.3839462697505951 train 42.0 0.1817327492684126 0.058786213174462316 0.05884068598970771 1.445490511287062e-06
    42.0    
0.18946397304534912 0.9260185360908508 0.3846101760864258 train 43.0 0.1822237268835306 0.05871205605566501 0.058791061006486414 1.385667133035895e-06
    43.0    
0.1896548569202423 0.9223531484603882 0.38234904408454895 train 44.0 0.18135481707751752 0.05864267310127616 0.05873129770159721 1.1085635378549341e-06
    44.0    
0.1888083964586258 0.9059839844703674 0.3826565444469452 train 45.0 0.18040763653814793 0.05851742019876838 0.05860453249886632 1.2508493227869621e-06
    45.0    
0.18833382427692413 0.9032890200614929 0.3826308250427246 train 46.0 0.18065923683345317 0.058618907518684864 0.05870898388326168 9.332611057288887e-07
    46.0    
0.18788526952266693 0.8891469836235046 0.3828107714653015 train 47.0 0.18102503478527068 0.05854534396901727 0.05868577295914292 1.3007359029870713e-06
    47.0    
0.18892432749271393 0.8791321516036987 0.38177192211151123 train 48.0 0.1811457571387291 0.05847133992239833 0.05859923787415028 1.3877199762646342e-06
    48.0    
0.1888904571533203 0.8617240786552429 0.3811420202255249 train 49.0 0.18037360362708568 0.05848894068971276 0.05864341838285327 1.4565134733857121e-06
    49.0    
0.18773071467876434 0.8533132076263428 0.3828483521938324 train 50.0 0.17986480481922626 0.058485796563327315 0.05866366034373641 1.4512113466480514e-06
    50.0    
0.18749767541885376 0.8420289754867554 0.3820864260196686 train 51.0 0.1801687901467085 0.05838878966867924 0.05853463055565953 1.1353591844454058e-06
    51.0    
0.18862299621105194 0.8363988995552063 0.3808358311653137 train 52.0 0.18056149825453757 0.05855806913226843 0.05869308916851878 1.4392351204151055e-06
    52.0    
0.18811167776584625 0.828158974647522 0.3814224302768707 train 53.0 0.17913440033793449 0.058553856573998926 0.05876103652641177 1.059062014974188e-06
    53.0    
0.18863265216350555 0.8178690075874329 0.38044503331184387 train 54.0 0.18025963723659516 0.05852042494341731 0.05868333088234067 1.3299139709488372e-06
    54.0    
0.18911077082157135 0.8077998757362366 0.37951263785362244 train 55.0 0.17849761061370373 0.05826782299205661 0.05848911812528968 1.3336509709915845e-06
    55.0    
0.18849585950374603 0.7921903133392334 0.3794105052947998 train 56.0 0.17864861503243445 0.058440792523324486 0.05864868838340044 9.370423867949285e-07
    56.0    
0.18833355605602264 0.7852606177330017 0.37956908345222473 train 57.0 0.17860308699309826 0.058361007887870076 0.058598813638091087 1.4864306194795063e-06
    57.0    
0.1878918707370758 0.7685332894325256 0.3799763023853302 train 58.0 0.17880574971437455 0.05843207383528352 0.05868027498945594 1.509503022134595e-06
    58.0    
0.18999038636684418 0.7627349495887756 0.3789689838886261 train 59.0 0.17892091833055018 0.05846989765763283 0.058716956470161674 1.5737147123218165e-06
    59.0    
0.18940679728984833 0.7481944561004639 0.37927713990211487 train 60.0 0.17809036649763585 0.05831230785697698 0.05856187852099538 1.413465611221909e-06
    60.0    
0.1883375495672226 0.7346723675727844 0.379355251789093 train 61.0 0.17838186644017695 0.05852523250505328 0.058796088211238384 1.423715161763539e-06
    61.0    
0.18825331330299377 0.7232937812805176 0.38009971380233765 train 62.0 0.17672598980367182 0.0582148470915854 0.0584845857322216 1.913389496621676e-06
    62.0    
0.1894284337759018 0.7206754684448242 0.37844157218933105 train 63.0 0.17727477565407754 0.058417304065078494 0.05867279272526502 2.1039836610725615e-06
    63.0    
0.18931414186954498 0.7090829610824585 0.37757617235183716 train 64.0 0.17762431502342224 0.05849065557122231 0.05877674246206879 1.3355871715248213e-06
    64.0    
0.1906009316444397 0.7073862552642822 0.3768470287322998 train 65.0 0.17731445133686066 0.05827306009829045 0.058552150782197714 1.6126028867802233e-06
    65.0    
0.18809649348258972 0.7000517845153809 0.3787742555141449 train 66.0 0.17734911262989045 0.058463183045387265 0.058763682041317225 1.4595060520150582e-06
    66.0    
0.18984808027744293 0.6940671801567078 0.37700411677360535 train 67.0 0.1781938651204109 0.05836023055016994 0.05865115236490965 1.596340894138848e-06
    67.0    
0.18917399644851685 0.6860116720199585 0.3773050308227539 train 68.0 0.17659026265144348 0.058318210672587155 0.05861072199419141 1.3482941767506418e-06
    68.0    
0.1887838989496231 0.6779232025146484 0.3779137134552002 train 69.0 0.1756440705806017 0.05830015381798148 0.05866402702406049 1.2397439377309638e-06
    69.0    
0.1880510449409485 0.6696526408195496 0.37783265113830566 train 70.0 0.17657785408198834 0.05820598937571049 0.05854554358869791 1.2222413943163701e-06
    70.0    
0.18806776404380798 0.6613967418670654 0.3759744465351105 train 71.0 0.17581840887665748 0.058211582340300085 0.058591760993003845 1.9090080058958847e-06
    71.0    
0.18928909301757812 0.6545689702033997 0.3763652443885803 train 72.0 0.1762342416495085 0.05815947014838457 0.058511324934661386 1.7859165382105857e-06
    72.0    
0.18879251182079315 0.6470688581466675 0.37725767493247986 train 73.0 0.17570241510868073 0.05811980985105038 0.05847759321331978 1.6142330423463136e-06
    73.0    
0.1891636699438095 0.6364085674285889 0.3758985698223114 train 74.0 0.1764789242297411 0.05828832300379872 0.058690736163407566 2.2414310478779953e-06
    74.0    
0.18840323388576508 0.6219971179962158 0.3764244019985199 train 75.0 0.1751940394192934 0.05821761166676879 0.058593028672039506 2.9697698664676864e-06
    75.0    
0.18860523402690887 0.6182389259338379 0.3761638104915619 train 76.0 0.17503670908510685 0.05827956987544894 0.05864390576258302 1.9316737507324433e-06
    76.0    
0.18825355172157288 0.6129090785980225 0.3769584894180298 train 77.0 0.17495454512536526 0.05830756524577737 0.058700722754001615 2.264611339342082e-06
    77.0    
0.18877382576465607 0.6083341836929321 0.37530943751335144 train 78.0 0.17478649236261845 0.05819406565278769 0.05858918009325862 1.615850464986579e-06
    78.0    
0.18851971626281738 0.5988098978996277 0.3746003210544586 train 79.0 0.17374064855277538 0.05815751221030951 0.05855297163128853 1.4426709640247282e-06
    79.0    
0.1885479986667633 0.5930753946304321 0.37608394026756287 train 80.0 0.17587366946041583 0.05818022459745407 0.05857067177072167 2.604977225928451e-06
    80.0    
0.189238503575325 0.5854924321174622 0.3746844530105591 train 81.0 0.17460268571972848 0.05807348923757672 0.05848360802978277 2.2173030629346613e-06
    81.0    
0.18901120126247406 0.5773804783821106 0.37416255474090576 train 82.0 0.1739747028797865 0.0581345128826797 0.058543736897408966 2.2081756014813436e-06
    82.0    
0.18862730264663696 0.5671756863594055 0.3742285966873169 train 83.0 0.17275608085095884 0.058168778643012044 0.058626939207315446 2.1246521555440268e-06
    83.0    
0.18800179660320282 0.5628506541252136 0.37425926327705383 train 84.0 0.17313275896012784 0.05805329097434878 0.058545113820582625 2.031588110185112e-06
    84.0    
0.18958953022956848 0.5545249581336975 0.37400391697883606 train 85.0 0.1725732606649399 0.058130489457398654 0.05855785384774208 1.7511732721686712e-06
    85.0    
0.1884833574295044 0.5484702587127686 0.37423086166381836 train 86.0 0.17336400397121907 0.0580908633582294 0.058591877929866316 1.792152374946454e-06
    86.0    
0.1886364221572876 0.5400164723396301 0.3747601807117462 train 87.0 0.17343151345849037 0.05818281050771475 0.058660910427570344 1.6737631085561588e-06
    87.0    
0.18991531431674957 0.5352799892425537 0.37275537848472595 train 88.0 0.1746005503088236 0.05808628287166357 0.05857087532058358 1.6241432376773446e-06
    88.0    
0.1881658285856247 0.5265988111495972 0.3738982379436493 train 89.0 0.17291336841881275 0.05808887204155326 0.05859990656375885 3.5283833312860224e-06
    89.0    
0.18818359076976776 0.521731436252594 0.3738682270050049 train 90.0 0.1728543035686016 0.05789910715073347 0.05839184449985623 1.8744333374343114e-06
    90.0    
0.18797823786735535 0.5130148530006409 0.37321192026138306 train 91.0 0.1726176430284977 0.05806346053257585 0.05854303950443864 1.8285354599356651e-06
    91.0    
0.18760189414024353 0.5084763169288635 0.37342461943626404 train 92.0 0.1728397585451603 0.05807543978095055 0.058551354557275774 1.6530248103663325e-06
    92.0    
0.1888129860162735 0.5067520141601562 0.37231767177581787 train 93.0 0.173160682246089 0.05796807751059532 0.05849807502701879 2.071108383461251e-06
    93.0    
0.18882077932357788 0.5024091005325317 0.3719393014907837 train 94.0 0.1725775333493948 0.058086402788758276 0.05858941551297903 1.8548337266111048e-06
    94.0    
0.18799515068531036 0.49579522013664246 0.3730064928531647 train 95.0 0.17213100023567676 0.058016058336943385 0.05855221513658762 2.0525149011518806e-06
    95.0    
0.18927393853664398 0.49481531977653503 0.3725862205028534 train 96.0 0.17260411992669106 0.05796988420188427 0.05849094221368432 2.448934992571594e-06
    96.0    
0.18868210911750793 0.49172431230545044 0.3717384338378906 train 97.0 0.17118881933391095 0.057896858248859644 0.05844262922182679 2.352986257392331e-06
    97.0    
0.18828964233398438 0.4850326478481293 0.37219616770744324 train 98.0 0.1707321187108755 0.057911775298416616 0.058464769534766675 1.3921782056058873e-06
    98.0    
0.1891184002161026 0.48163437843322754 0.37183475494384766 train 99.0 0.17196154922246934 0.05792424127459526 0.05847559524700045 2.428875404802966e-06
    99.0    
