Corr-Diag Corr-Full Corr-Swap Data Epoch Loss MMD-Full MMD-Swap Mean
0.6401249170303345 0.4950234889984131 0.283623605966568 train 0.0 0.5708773603290319 0.07937922585755587 0.07183981411159039 5.6596372814965434e-06
    0.0    
0.6366446614265442 0.4121240973472595 0.22676078975200653 train 1.0 0.19382485263049604 0.05989595633000135 0.059127056766301395 5.101775514049223e-06
    1.0    
0.6400838494300842 0.4013758897781372 0.20552599430084229 train 2.0 0.17302405782043934 0.05862994410097599 0.058117678500711915 7.948570782900788e-06
    2.0    
0.6426566243171692 0.3926125764846802 0.1953091025352478 train 3.0 0.1659785822033882 0.0583888616412878 0.05799489967525005 4.718649506685324e-06
    3.0    
0.644192636013031 0.38179299235343933 0.18811871111392975 train 4.0 0.16054406590759754 0.05799373233690858 0.057699908670037985 6.071669758966891e-06
    4.0    
0.645465612411499 0.36370089650154114 0.17960339784622192 train 5.0 0.15754412859678268 0.05789370199665427 0.05764026829972863 7.442659352818737e-06
    5.0    
0.6481277942657471 0.3423846960067749 0.17020975053310394 train 6.0 0.15468938499689103 0.057752077132463456 0.05756041422486305 4.3604882193903904e-06
    6.0    
0.6491026878356934 0.3236713707447052 0.16190814971923828 train 7.0 0.15247032910585404 0.05768162678927183 0.057576878033578395 6.332012617349392e-06
    7.0    
0.6502511501312256 0.3031177520751953 0.15317009389400482 train 8.0 0.1504345040768385 0.057638279255479576 0.057562973033636805 5.007293566450244e-06
    8.0    
0.6522802710533142 0.2855242192745209 0.14515677094459534 train 9.0 0.1485522749274969 0.057500419709831475 0.05743844466283918 8.039886779442895e-06
    9.0    
0.6536543369293213 0.2672697603702545 0.13583624362945557 train 10.0 0.14722682684659957 0.05750573724508286 0.05751752648502588 7.648609425814357e-06
    10.0    
0.6533060669898987 0.2511310279369354 0.12925247848033905 train 11.0 0.14615446373820304 0.057591999024152754 0.05763249317184091 3.435029157117242e-06
    11.0    
0.6545213460922241 0.23790141940116882 0.12274161726236343 train 12.0 0.14426516979932785 0.05741429470479489 0.05747393125668168 8.22745369077893e-06
    12.0    
0.6548743844032288 0.22467590868473053 0.1164606362581253 train 13.0 0.1432700564712286 0.0573559451662004 0.05747444670647383 6.97438827046426e-06
    13.0    
0.6551754474639893 0.21276269853115082 0.111373171210289 train 14.0 0.1420378144085407 0.057293908074498176 0.05742812478914857 9.087324542633723e-06
    14.0    
0.6553918719291687 0.20352593064308167 0.10665986686944962 train 15.0 0.14084518514573574 0.057189796548336745 0.0573228058218956 4.244712272338802e-06
    15.0    
0.6576334238052368 0.19425372779369354 0.10252063721418381 train 16.0 0.14033978879451753 0.05723952792584896 0.05739585002884269 3.920909421140095e-06
    16.0    
0.6560994386672974 0.18629240989685059 0.09871721267700195 train 17.0 0.13893888726830483 0.057120556104928256 0.05733656181022525 4.506450295593822e-06
    17.0    
0.658513605594635 0.17853830754756927 0.09496051073074341 train 18.0 0.13833598509430886 0.05705213380977511 0.05729136431589723 6.171831955725793e-06
    18.0    
0.6577896475791931 0.17072290182113647 0.09164544194936752 train 19.0 0.13741844207048415 0.056992982160300014 0.05723613854497671 5.044661065767286e-06
    19.0    
0.6589537262916565 0.16489560902118683 0.08819221705198288 train 20.0 0.13712537206709385 0.05696005044505 0.05721524404361844 5.56296254217159e-06
    20.0    
0.6593668460845947 0.15958143770694733 0.08632232993841171 train 21.0 0.1373268551379442 0.057026906348764894 0.057323381025344136 7.845435902709141e-06
    21.0    
0.6596167683601379 0.15387888252735138 0.08365876972675323 train 22.0 0.1364099870622158 0.057036413978785276 0.05734129616990685 4.612707471096655e-06
    22.0    
0.6605425477027893 0.14964693784713745 0.08157508820295334 train 23.0 0.13638841949403285 0.05705393068492413 0.057323116436600687 5.2496689022518694e-06
    23.0    
0.6590703129768372 0.14523829519748688 0.0800350159406662 train 24.0 0.13593687921762465 0.05707323081791401 0.05738206161186099 4.277932930563111e-06
    24.0    
0.6600304245948792 0.14149326086044312 0.07772938162088394 train 25.0 0.13532720409333707 0.056987792104482654 0.05729536654427648 3.574547690732288e-06
    25.0    
0.6599674224853516 0.13713517785072327 0.07569842785596848 train 26.0 0.13534345149993895 0.05702934548258781 0.05734357079491019 4.063346750626806e-06
    26.0    
0.6605005264282227 0.13316498696804047 0.07434568554162979 train 27.0 0.13498771287500858 0.057098432946950196 0.057433775160461664 6.8894501055183355e-06
    27.0    
0.6606013774871826 0.12994588911533356 0.07231206446886063 train 28.0 0.13449605748057367 0.05690163169056177 0.0572128146700561 1.0442588063597213e-05
    28.0    
0.6617312431335449 0.12684516608715057 0.07134639471769333 train 29.0 0.13429192759096623 0.05697984265163541 0.057350845970213414 7.053231911413604e-06
    29.0    
0.6609528064727783 0.12567663192749023 0.07071707397699356 train 30.0 0.13453650563955308 0.057027470115572215 0.05735030883923173 6.497008143924177e-06
    30.0    
0.6621062159538269 0.12077841907739639 0.06844191253185272 train 31.0 0.13401010066270827 0.05699013832956552 0.057384246699512004 6.438840046030236e-06
    31.0    
0.660915195941925 0.11991029232740402 0.06705491989850998 train 32.0 0.1339967755228281 0.057051957678049804 0.05742593729868531 6.764427325833822e-06
    32.0    
0.6617627739906311 0.11780612915754318 0.06739151477813721 train 33.0 0.13408940963447094 0.057135750092566016 0.05747623145580292 6.7669034251593985e-06
    33.0    
0.6620920896530151 0.11522211134433746 0.06543009728193283 train 34.0 0.13351433634757995 0.056802839767187835 0.05716047810390592 3.55573206434201e-06
    34.0    
0.6609041094779968 0.11215353012084961 0.06404270231723785 train 35.0 0.133266943693161 0.056798506304621695 0.05716663982719183 6.936109912203392e-06
    35.0    
0.6617875099182129 0.1106710433959961 0.06361133605241776 train 36.0 0.13309707351028918 0.05677953720092774 0.05711949033662677 5.6466160458512604e-06
    36.0    
0.6613684296607971 0.10873919725418091 0.062769316136837 train 37.0 0.13294775769114495 0.05686895230785012 0.057232736703008415 4.671384431276238e-06
    37.0    
0.6614346504211426 0.10646701604127884 0.061950117349624634 train 38.0 0.132861462906003 0.056884839292615653 0.05728608081117272 5.56051554667647e-06
    38.0    
0.661173403263092 0.10375607013702393 0.06029333546757698 train 39.0 0.13293139837682247 0.05688862165436149 0.05725443100556731 6.818029305577511e-06
    39.0    
0.6636750102043152 0.10397211462259293 0.060841698199510574 train 40.0 0.1327538749575615 0.05687826633453369 0.05726757910102606 3.3630080906732474e-06
    40.0    
0.661405622959137 0.10213235020637512 0.06011945381760597 train 41.0 0.13277896001935005 0.05687519384548068 0.05723416769877076 8.600382898293901e-06
    41.0    
0.6624752283096313 0.10069317370653152 0.059114955365657806 train 42.0 0.13246050339192153 0.05682704865932465 0.05718629915267229 8.204345249396283e-06
    42.0    
0.6616621613502502 0.09934108704328537 0.05838347598910332 train 43.0 0.13235398419201375 0.05693760480731726 0.05733864769339561 4.891647677141009e-06
    43.0    
0.6631337404251099 0.0983133465051651 0.05802736058831215 train 44.0 0.13225472413003445 0.056901425160467624 0.05728549659252167 6.469866093539167e-06
    44.0    
0.6630334854125977 0.09600643068552017 0.05666402354836464 train 45.0 0.13259581051766872 0.05692272519692779 0.057342847157269713 6.299428150668973e-06
    45.0    
0.6627570390701294 0.09576742351055145 0.057334572076797485 train 46.0 0.132046500146389 0.05688538489863276 0.05723738666623831 5.3150597523199394e-06
    46.0    
0.6637351512908936 0.09431511908769608 0.05633601173758507 train 47.0 0.13231170251965524 0.05689114701002836 0.057273318450897934 4.5516617319663055e-06
    47.0    
0.6632246971130371 0.09381554275751114 0.05563895404338837 train 48.0 0.13234765224158765 0.056885116025805475 0.05727807713672519 4.491604613576783e-06
    48.0    
0.662164032459259 0.09168504178524017 0.054993920028209686 train 49.0 0.13235670633614063 0.056910639498382806 0.0572974344715476 7.855480362195522e-06
    49.0    
0.6609376668930054 0.09065057337284088 0.054990462958812714 train 50.0 0.1322324176505208 0.05693206999450922 0.05733738902956247 4.498766429605894e-06
    50.0    
0.6629266142845154 0.09036818891763687 0.054397035390138626 train 51.0 0.13185822397470473 0.056750578116625545 0.05716853588819504 6.352050604618853e-06
    51.0    
0.662636935710907 0.08986178040504456 0.054335493594408035 train 52.0 0.13201010465621948 0.05687192944809794 0.05728050570935011 6.076535100874025e-06
    52.0    
0.6622229814529419 0.08824853599071503 0.0533122755587101 train 53.0 0.13163940519094466 0.056722213719040154 0.05709514571353793 6.201673386385664e-06
    53.0    
0.6638335585594177 0.08741264045238495 0.05390391871333122 train 54.0 0.1317331553250551 0.05679366236552596 0.05719365868717432 5.12622818860109e-06
    54.0    
0.6629497408866882 0.08782819658517838 0.05299744755029678 train 55.0 0.13138755276799202 0.0567982935346663 0.057214294355362655 5.396550932346145e-06
    55.0    
0.663995623588562 0.08537338674068451 0.05233841761946678 train 56.0 0.13147812895476818 0.05684552896767855 0.05726392900571227 6.347967428155243e-06
    56.0    
0.6627242565155029 0.08514340221881866 0.05229470133781433 train 57.0 0.13143165983259678 0.056780060045421125 0.05718849170953035 5.592117304331623e-06
    57.0    
0.6620296835899353 0.08376307040452957 0.05119669809937477 train 58.0 0.131096818074584 0.05674616305157542 0.0571879661269486 5.145593149791239e-06
    58.0    
0.662815272808075 0.0832456648349762 0.05163627490401268 train 59.0 0.13146133121103049 0.05680568389594555 0.05721847008913755 3.722348765222705e-06
    59.0    
0.6630533337593079 0.0842401385307312 0.05175930634140968 train 60.0 0.13137821063399316 0.056784257628023624 0.05718561790883541 4.2566621232253965e-06
    60.0    
0.6630513668060303 0.08133513480424881 0.05102740600705147 train 61.0 0.13178191896528005 0.05692870272323489 0.057338250949978825 6.5455492403998505e-06
    61.0    
0.6626816391944885 0.08074899017810822 0.05042901262640953 train 62.0 0.13165648996829987 0.056921918652951715 0.057333460431545975 6.2582521422882564e-06
    62.0    
0.6622042059898376 0.08182129263877869 0.05082501843571663 train 63.0 0.13206830382347107 0.057027007732540366 0.057407493237406015 9.088570550375152e-06
    63.0    
0.6636970043182373 0.08081113547086716 0.04971145838499069 train 64.0 0.13083126049488783 0.05681405115872622 0.057259221449494364 4.242670456733322e-06
    64.0    
0.6618909239768982 0.07976528257131577 0.05014466494321823 train 65.0 0.13130860462784766 0.05692397743463516 0.0573573693074286 5.135126684763236e-06
    65.0    
0.6624018549919128 0.07959475368261337 0.04895263910293579 train 66.0 0.1312814373522997 0.05691604731604457 0.0573400897718966 7.453504167642677e-06
    66.0    
0.6624912619590759 0.07834874838590622 0.048981744796037674 train 67.0 0.131225117854774 0.05693362208083272 0.0573401234485209 1.5822184650460258e-05
    67.0    
0.66122967004776 0.07962645590305328 0.0500488318502903 train 68.0 0.1310712296143174 0.05686844348907471 0.0572892789170146 6.152677997306455e-06
    68.0    
0.6631523370742798 0.0780339315533638 0.04940806329250336 train 69.0 0.1313381392508745 0.05692140024155378 0.05731760723516345 3.3647991131147137e-06
    69.0    
0.6631871461868286 0.07675257325172424 0.04854965955018997 train 70.0 0.13079389091581106 0.05674158394336701 0.05720762679353356 6.397506695066113e-06
    70.0    
0.6628201603889465 0.07923558354377747 0.049816716462373734 train 71.0 0.13096115738153458 0.056828600261360405 0.05723413368687034 7.191233635239769e-06
    71.0    
0.6630117297172546 0.07727164775133133 0.04845485836267471 train 72.0 0.13123634874820708 0.056831822227686644 0.05725087720900774 8.947477908805013e-06
    72.0    
0.6630517840385437 0.07633007317781448 0.048626139760017395 train 73.0 0.13077153999358415 0.05676626406610012 0.05717132234945893 6.280474281084025e-06
    73.0    
0.6633098125457764 0.07533084601163864 0.04819554090499878 train 74.0 0.1310775064304471 0.056909160148352386 0.05736715717241168 6.062270585971419e-06
    74.0    
0.6627224683761597 0.0750909298658371 0.04833005368709564 train 75.0 0.1308380737528205 0.05686000630259514 0.05729605289176107 4.4072098717151675e-06
    75.0    
0.6623533964157104 0.07297383248806 0.04687241464853287 train 76.0 0.1310763192921877 0.05686254773288965 0.05731140676885843 7.260315669554984e-06
    76.0    
0.6630294322967529 0.0752723217010498 0.04761776328086853 train 77.0 0.13090246848762035 0.05675037339329719 0.05717450438067317 1.02415406217915e-05
    77.0    
0.6640182733535767 0.07306753844022751 0.04755975306034088 train 78.0 0.1312135536968708 0.05696000710129738 0.05739094905555248 5.982971742923837e-06
    78.0    
0.6632285714149475 0.07473845034837723 0.048029735684394836 train 79.0 0.13083482649177314 0.05677755879238248 0.05719178156927228 7.292866939678788e-06
    79.0    
0.663450300693512 0.07303357869386673 0.0478360652923584 train 80.0 0.13042605876922608 0.056758109871298076 0.05719078516587615 4.633167009160388e-06
    80.0    
0.6623951196670532 0.0726952999830246 0.047045134007930756 train 81.0 0.130335096642375 0.05668145831674337 0.057094484232366086 3.7088132103235694e-06
    81.0    
0.6637561321258545 0.07233862578868866 0.047031600028276443 train 82.0 0.130760057233274 0.05677182191982865 0.05722650520503521 5.4956112762738485e-06
    82.0    
0.6632682681083679 0.07287096232175827 0.04769508168101311 train 83.0 0.1304655434191227 0.056733740903437135 0.05717498356476426 4.131056357437046e-06
    83.0    
0.6634559035301208 0.07202120125293732 0.04625214263796806 train 84.0 0.13098676715046167 0.056916424613445996 0.057380976025015115 4.365201220934978e-06
    84.0    
0.6629396080970764 0.07318408787250519 0.04741891101002693 train 85.0 0.13095457710325717 0.05700417472049594 0.05747477568686008 5.9324675021343865e-06
    85.0    
0.6639577746391296 0.07006992399692535 0.046789441257715225 train 86.0 0.13079238913953303 0.056895359866321084 0.05734526706859469 5.65944037589361e-06
    86.0    
0.6635671854019165 0.07121606916189194 0.04709072783589363 train 87.0 0.1302188267931342 0.05674189522862434 0.05715046999976039 1.1738477951439563e-05
    87.0    
0.6629126667976379 0.07050586491823196 0.04499127343297005 train 88.0 0.13062866602092982 0.056853407956659795 0.05725965410470962 5.477315426105633e-06
    88.0    
0.6624826192855835 0.06928972154855728 0.04614117369055748 train 89.0 0.13032618068158627 0.05687616227194667 0.05732008183375001 8.71534848556621e-06
    89.0    
0.6635704636573792 0.06920850276947021 0.045035578310489655 train 90.0 0.130382560454309 0.056777970045804975 0.057219575997442006 1.0379669220128562e-05
    90.0    
0.6627001166343689 0.06969355046749115 0.045852236449718475 train 91.0 0.12999476961791515 0.05670368745923042 0.05717435389757156 4.0536683627578896e-06
    91.0    
0.6621242165565491 0.07058893889188766 0.045928049832582474 train 92.0 0.13055681634694338 0.05693067982792854 0.057357433903962377 4.137348696531262e-06
    92.0    
0.6625453233718872 0.06847412884235382 0.044835321605205536 train 93.0 0.13042542722076178 0.05684777116402984 0.05728524206206202 6.27759891358437e-06
    93.0    
0.664126455783844 0.06965044885873795 0.04568549990653992 train 94.0 0.13043117452412845 0.05685819694772363 0.05732266766950488 5.3445824050868396e-06
    94.0    
0.6630656123161316 0.06806181371212006 0.04473630338907242 train 95.0 0.13027304958552122 0.05672649960964918 0.057186032347381115 6.557007054652786e-06
    95.0    
0.6647253036499023 0.06780123710632324 0.04445704072713852 train 96.0 0.13035146191716193 0.05672455141320824 0.057151532676070926 6.461350949393818e-06
    96.0    
0.6636438369750977 0.06666871905326843 0.044496070593595505 train 97.0 0.13084397979080678 0.05695155873894692 0.05737246785312891 4.966266260453267e-06
    97.0    
0.6632830500602722 0.06850556284189224 0.04528672248125076 train 98.0 0.13004374351352455 0.0567910896986723 0.057273676861077545 8.140752470353618e-06
    98.0    
0.663810133934021 0.06919606775045395 0.044922053813934326 train 99.0 0.13038177829235792 0.05679077744483948 0.057227343637496236 6.799587481509661e-06
    99.0    
