Corr-Diag Corr-Full Corr-Swap Data Epoch Loss MMD-Full MMD-Swap Mean
0.2575373947620392 1.3187884092330933 0.673862099647522 train 0.0 0.5883761313557625 0.29667003750801085 0.2493894465267658 0.031318549066782
    0.0    
0.3572343587875366 1.2509782314300537 0.5751556754112244 train 1.0 0.5532300162315369 0.2772023098170757 0.2377615360170603 0.03127261623740196
    1.0    
0.3707159459590912 1.010833501815796 0.5130839943885803 train 2.0 0.5336719891428947 0.2648183217644691 0.2314421410858631 0.031283121556043625
    2.0    
0.3938588798046112 0.9128961563110352 0.4830850660800934 train 3.0 0.5247994855046272 0.2588223302364349 0.2285264839977026 0.03127651289105415
    3.0    
0.3927313983440399 0.8404344916343689 0.4746676981449127 train 4.0 0.5188528637588025 0.25527986630797384 0.22603305675089358 0.031274039298295975
    4.0    
0.40158379077911377 0.8081462979316711 0.4625072479248047 train 5.0 0.5152064363658428 0.2527876338362694 0.224603089094162 0.03126300498843193
    5.0    
0.40268674492836 0.7995902895927429 0.4621877074241638 train 6.0 0.5133578710258007 0.2512894932180643 0.22400588527321816 0.031260233372449875
    6.0    
0.40601181983947754 0.8032081723213196 0.46758320927619934 train 7.0 0.5123888243734837 0.24981202878057956 0.2243500031530857 0.03126593306660652
    7.0    
0.40150612592697144 0.8122837543487549 0.4745701253414154 train 8.0 0.5095353327691555 0.24879887454211713 0.2225152114033699 0.031262487173080444
    8.0    
0.40379589796066284 0.84415203332901 0.47514691948890686 train 9.0 0.5081166398525238 0.24785629138350487 0.2220382411032915 0.03126221522688866
    9.0    
0.4020162522792816 0.8725314140319824 0.4822242856025696 train 10.0 0.5070494602620602 0.24745613314211368 0.22147640101611615 0.03126401826739311
    10.0    
0.40390732884407043 0.8983859419822693 0.48837223649024963 train 11.0 0.5065951366722584 0.2465249040722847 0.2218017689883709 0.03126741200685501
    11.0    
0.39469394087791443 0.9433260560035706 0.4983813464641571 train 12.0 0.5052667033672332 0.2461451092362404 0.2209866839647293 0.031272951513528824
    12.0    
0.3886866569519043 0.9746429324150085 0.5096620917320251 train 13.0 0.5049044360220433 0.2458537058532238 0.22093117244541646 0.03127061948180199
    13.0    
0.3898847997188568 0.994274914264679 0.5078135132789612 train 14.0 0.5041186098754405 0.24544387623667718 0.2205103273689747 0.03127660974860191
    14.0    
0.39231419563293457 1.0168670415878296 0.5098972916603088 train 15.0 0.5041083960235119 0.2451135739684105 0.22083416491746902 0.031277745962142944
    15.0    
0.3818184435367584 1.0371617078781128 0.5168148875236511 train 16.0 0.5037924675643444 0.24504865780472757 0.2207129744440317 0.03127875551581383
    16.0    
0.3892059326171875 1.0470235347747803 0.5108828544616699 train 17.0 0.5031150375306607 0.2445392731577158 0.2205522195994854 0.03127967193722725
    17.0    
0.388786256313324 1.0383799076080322 0.5112985372543335 train 18.0 0.5020971710979939 0.2443565297871828 0.21985573448240758 0.03128292039036751
    18.0    
0.3836428225040436 1.0442677736282349 0.508443295955658 train 19.0 0.5020148316025734 0.24438574902713298 0.21983401194214822 0.03128664568066597
    19.0    
0.3870139420032501 1.0340908765792847 0.503852367401123 train 20.0 0.5016017891466618 0.2441983237117529 0.21966770775616168 0.03127800673246384
    20.0    
0.38294699788093567 1.0326484441757202 0.5068292021751404 train 21.0 0.5027151015400887 0.24446968622505666 0.22056965813040733 0.031282924115657806
    21.0    
0.38208553194999695 1.0226603746414185 0.4999296963214874 train 22.0 0.5016454760730267 0.24416324369609355 0.21983332067728042 0.031283143907785416
    22.0    
0.3812580108642578 1.0044819116592407 0.5002312660217285 train 23.0 0.5018946921825409 0.2439296256750822 0.22029585883021355 0.03127991780638695
    23.0    
0.3773813247680664 1.0054354667663574 0.5006328225135803 train 24.0 0.5010859622061252 0.24382573559880258 0.21968709953129292 0.0312732458114624
    24.0    
0.38332024216651917 0.9868597388267517 0.4948764145374298 train 25.0 0.5015326221287251 0.24413345225155353 0.2199548413604498 0.03127434477210045
    25.0    
0.3869028687477112 0.9789029955863953 0.4850662052631378 train 26.0 0.5009190610051155 0.24383759781718253 0.21964766420423984 0.03129104897379875
    26.0    
0.3862161934375763 0.9739190340042114 0.48514294624328613 train 27.0 0.5012398497760295 0.24392099373042583 0.21991338312625885 0.031285710632801056
    27.0    
0.38544392585754395 0.9568154215812683 0.48327919840812683 train 28.0 0.5008292838931083 0.24364373788237573 0.21975101314485074 0.03127988055348396
    28.0    
0.38271915912628174 0.9470402598381042 0.482474684715271 train 29.0 0.501111956834793 0.24369327418506145 0.21998154357075692 0.0312812402844429
    29.0    
0.38576143980026245 0.9371947050094604 0.4746558964252472 train 30.0 0.5008918659389019 0.24366743996739387 0.21987358786165714 0.031276144087314606
    30.0    
0.38593536615371704 0.9264451861381531 0.47615355253219604 train 31.0 0.4999814164638519 0.24357634387910365 0.2191933988779783 0.0312846302986145
    31.0    
0.38582780957221985 0.9133093357086182 0.466253399848938 train 32.0 0.49986155942082405 0.2434654042124748 0.21925927452743055 0.031276486814022064
    32.0    
0.38640838861465454 0.9118420481681824 0.46763482689857483 train 33.0 0.49961588650941846 0.24324733473360538 0.21928001128137112 0.031282905489206314
    33.0    
0.38312283158302307 0.9109728336334229 0.46759238839149475 train 34.0 0.4997712196409702 0.2433784183859825 0.21923470482230187 0.03128588944673538
    34.0    
0.3846951425075531 0.893030047416687 0.46130672097206116 train 35.0 0.5002118639647961 0.24346176959574223 0.21959274917840957 0.031276412308216095
    35.0    
0.3881725072860718 0.8783848285675049 0.4626264274120331 train 36.0 0.49992071703076363 0.24333498999476433 0.219407621845603 0.031281132251024246
    36.0    
0.3788090944290161 0.8847097158432007 0.46977004408836365 train 37.0 0.49961433991789816 0.24327829770743847 0.2192430490255356 0.0312797948718071
    37.0    
0.38489678502082825 0.8531894087791443 0.457073837518692 train 38.0 0.4995959350466728 0.24345131129026412 0.2190295286476612 0.03126923367381096
    38.0    
0.38319700956344604 0.8551492094993591 0.45774006843566895 train 39.0 0.49976562142372133 0.24328391641378402 0.2193796170502901 0.031289808452129364
    39.0    
0.38376522064208984 0.852632462978363 0.4564734995365143 train 40.0 0.49973864570260046 0.24315470814704895 0.21943499714136125 0.03127675876021385
    40.0    
0.37933385372161865 0.8535165190696716 0.4549446403980255 train 41.0 0.4995431308448315 0.24288069814443589 0.21949391707777977 0.03128233179450035
    41.0    
0.38139232993125916 0.8431428074836731 0.45232099294662476 train 42.0 0.4995320275425911 0.24278856173157692 0.21958289191126823 0.0312914103269577
    42.0    
0.38369062542915344 0.8432392477989197 0.44914355874061584 train 43.0 0.49908092603087423 0.24281700558960437 0.21918668687343598 0.03128179535269737
    43.0    
0.3876820206642151 0.8360135555267334 0.4406193196773529 train 44.0 0.49911359027028085 0.24286621056497096 0.21921506471931934 0.031280551105737686
    44.0    
0.3850758373737335 0.830833911895752 0.4416854679584503 train 45.0 0.4991055162250996 0.2429349635541439 0.21917694084346295 0.03129078075289726
    45.0    
0.3832225203514099 0.829190731048584 0.442243754863739 train 46.0 0.4993477636575699 0.24298023290932177 0.21942706115543842 0.031291138380765915
    46.0    
0.37876126170158386 0.8188455104827881 0.44301941990852356 train 47.0 0.49905091762542725 0.24291507557034492 0.21913052916526796 0.03127502277493477
    47.0    
0.38269519805908203 0.8129154443740845 0.43710213899612427 train 48.0 0.4993735246360302 0.24296501763164996 0.21937602333724499 0.03127409890294075
    48.0    
0.3858145773410797 0.8023632764816284 0.4373263418674469 train 49.0 0.4988965429365635 0.2428983423113823 0.21905301690101622 0.03129492327570915
    49.0    
0.38465672731399536 0.8032510280609131 0.43158283829689026 train 50.0 0.49873017385602 0.24270934484899043 0.21910463519394396 0.031288739293813705
    50.0    
0.37993523478507996 0.7945016622543335 0.43358543515205383 train 51.0 0.49913775742053984 0.24275703229010104 0.21940888181328774 0.03127376362681389
    51.0    
0.3818795382976532 0.7974574565887451 0.43135300278663635 train 52.0 0.49868010327219964 0.24280098855495452 0.21893431663513183 0.03128484636545181
    52.0    
0.37960273027420044 0.7982224225997925 0.43318381905555725 train 53.0 0.4982887725532055 0.24269488528370858 0.2186534982174635 0.031292613595724106
    53.0    
0.3805203437805176 0.7851231694221497 0.4308890700340271 train 54.0 0.49893992200493814 0.24267189398407937 0.21928496964275837 0.031296033412218094
    54.0    
0.38535189628601074 0.7821766138076782 0.4252535104751587 train 55.0 0.49854462176561354 0.24259482733905316 0.21897973135113716 0.0312817208468914
    55.0    
0.37892475724220276 0.7815852165222168 0.42725080251693726 train 56.0 0.49903080821037293 0.2427182400226593 0.21929880581796168 0.03127957507967949
    56.0    
0.3824021518230438 0.7717143893241882 0.4196245074272156 train 57.0 0.49839825436472895 0.24258549712598323 0.21894562371075155 0.03128241375088692
    57.0    
0.38169023394584656 0.7737209796905518 0.42120686173439026 train 58.0 0.49883359268307687 0.2426209033280611 0.21924306243658065 0.0312824472784996
    58.0    
0.3836595416069031 0.7675125002861023 0.42023807764053345 train 59.0 0.49805584698915484 0.242414176389575 0.21874280899763107 0.03130108118057251
    59.0    
0.37803831696510315 0.7724210619926453 0.4234638512134552 train 60.0 0.4982508674263954 0.24248876638710498 0.21886501222848892 0.03130332753062248
    60.0    
0.3861057460308075 0.7533011436462402 0.4174884259700775 train 61.0 0.49853616327047345 0.24248596519231796 0.21920524150133133 0.031282179057598114
    61.0    
0.37774163484573364 0.7527045011520386 0.4223755896091461 train 62.0 0.49787814512848855 0.2422224847227335 0.21878587558865548 0.0312807522714138
    62.0    
0.38288435339927673 0.7570300102233887 0.4169926047325134 train 63.0 0.4980208493769169 0.24248396828770638 0.21868155539035797 0.03128873184323311
    63.0    
0.38864749670028687 0.7388536334037781 0.4093867838382721 train 64.0 0.49859005749225616 0.24234748408198356 0.21939351417124273 0.031285788863897324
    64.0    
0.3839315176010132 0.7401463985443115 0.4105217456817627 train 65.0 0.498577264547348 0.24230960249900818 0.219376208409667 0.03127849102020264
    65.0    
0.38077378273010254 0.7452203631401062 0.41115331649780273 train 66.0 0.4975266323983669 0.24223546542227267 0.21843904159963132 0.03127844259142876
    66.0    
0.3805740773677826 0.7338626384735107 0.40862327814102173 train 67.0 0.49838573172688483 0.24237554281949997 0.21918801113963127 0.03128036856651306
    67.0    
0.379122257232666 0.7433138489723206 0.41387876868247986 train 68.0 0.4981832960247993 0.24240622282028199 0.21890570767223835 0.031283777207136154
    68.0    
0.37675872445106506 0.73453289270401 0.41046029329299927 train 69.0 0.4979191890358925 0.24229705311357974 0.2187104546278715 0.03127789497375488
    69.0    
0.3781646490097046 0.7307173609733582 0.41320326924324036 train 70.0 0.49767470940947534 0.2419527718424797 0.2188094325363636 0.03129218891263008
    70.0    
0.3769388198852539 0.7275397181510925 0.4109135866165161 train 71.0 0.49801306292414665 0.24229019701480867 0.2188592990487814 0.03129173815250397
    71.0    
0.3795461654663086 0.7250801920890808 0.4051936864852905 train 72.0 0.4988058866560459 0.24242294512689114 0.2194932284206152 0.03129487857222557
    72.0    
0.38068440556526184 0.720541775226593 0.402733713388443 train 73.0 0.4973956890404224 0.24226087339222432 0.21832836233079433 0.031299035996198654
    73.0    
0.38218554854393005 0.7182223796844482 0.4023951590061188 train 74.0 0.4979650272428989 0.24202329888939858 0.21901739805936812 0.031301431357860565
    74.0    
0.3760411739349365 0.7289965152740479 0.4055180847644806 train 75.0 0.49755454286932943 0.2421836158633232 0.218597704321146 0.03129502013325691
    75.0    
0.38128578662872314 0.7158737778663635 0.40187588334083557 train 76.0 0.49807154685258864 0.24221168033778667 0.2190607947856188 0.03127972409129143
    76.0    
0.3801758289337158 0.7128399610519409 0.4002307951450348 train 77.0 0.49746103808283804 0.24226741582155228 0.21839807771146297 0.0312969945371151
    77.0    
0.3818323016166687 0.7111085057258606 0.39813581109046936 train 78.0 0.4979699657857418 0.24233259305357932 0.2187895605713129 0.03128661960363388
    78.0    
0.3834400773048401 0.70684415102005 0.395153671503067 train 79.0 0.4975641989707947 0.24209656313061714 0.21864192984998226 0.031282372772693634
    79.0    
0.378203809261322 0.7088227272033691 0.3990955948829651 train 80.0 0.4977476204931736 0.2421568501740694 0.21878286093473434 0.031286027282476425
    80.0    
0.38350486755371094 0.7056401371955872 0.3959144651889801 train 81.0 0.49727327734231946 0.24191506363451482 0.21856840029358865 0.03128861263394356
    81.0    
0.377704918384552 0.701353907585144 0.3945942223072052 train 82.0 0.4971256971359253 0.24204399734735488 0.21834132350981236 0.03129155561327934
    82.0    
0.38146650791168213 0.7006695866584778 0.3943139314651489 train 83.0 0.4975285063683987 0.24227838173508645 0.21849165007472038 0.031287189573049545
    83.0    
0.3797983229160309 0.7035408020019531 0.3954687714576721 train 84.0 0.49721950411796567 0.24203033417463302 0.2184590582549572 0.0312994010746479
    84.0    
0.37896180152893066 0.6972050070762634 0.39186805486679077 train 85.0 0.497443603426218 0.24195925146341324 0.21868385292589665 0.03127555176615715
    85.0    
0.37940695881843567 0.6923403739929199 0.38959363102912903 train 86.0 0.49748396560549735 0.24198459796607494 0.21866699680685997 0.031279679387807846
    86.0    
0.3790915906429291 0.6906881332397461 0.38994237780570984 train 87.0 0.49724419593811037 0.24183056995272637 0.21862454898655415 0.03129405155777931
    87.0    
0.3812616467475891 0.6851478815078735 0.3874533772468567 train 88.0 0.497665871232748 0.24200977869331836 0.2188346967846155 0.031289514154195786
    88.0    
0.3791941702365875 0.6850600242614746 0.386152982711792 train 89.0 0.4975940383970737 0.24205347627401352 0.21880003094673156 0.03128460422158241
    89.0    
0.3758324980735779 0.6833534836769104 0.39101704955101013 train 90.0 0.4972375081479549 0.24196115404367446 0.2184634207934141 0.03128569945693016
    90.0    
0.37449121475219727 0.6922985315322876 0.3905060291290283 train 91.0 0.4974036106467247 0.24198624819517137 0.21856045097112656 0.0312991701066494
    91.0    
0.3750991225242615 0.6863711476325989 0.38833388686180115 train 92.0 0.49706477046012876 0.24179351150989534 0.21841287687420846 0.031294479966163635
    92.0    
0.3759785592556 0.686326801776886 0.3858838379383087 train 93.0 0.4975571012496948 0.2419883020967245 0.218794282078743 0.031284596771001816
    93.0    
0.377847284078598 0.6764342188835144 0.38374775648117065 train 94.0 0.4966243626177311 0.24195655882358552 0.21798791013658048 0.03128397464752197
    94.0    
0.37349140644073486 0.6815045475959778 0.38641980290412903 train 95.0 0.49793623298406603 0.24198317840695382 0.21921089895069598 0.03127802163362503
    95.0    
0.37384024262428284 0.6793808341026306 0.38633060455322266 train 96.0 0.497299380004406 0.24182354845106602 0.21863317593932152 0.03129469230771065
    96.0    
0.37547415494918823 0.6815242171287537 0.3818812072277069 train 97.0 0.4973116677999496 0.24201562494039536 0.21853449285030366 0.03128768131136894
    97.0    
0.37411248683929443 0.6817508935928345 0.3848089873790741 train 98.0 0.4976672425866127 0.2420122640579939 0.21885988548398017 0.03127841278910637
    98.0    
0.3772065043449402 0.6777039766311646 0.38320812582969666 train 99.0 0.4970617620646954 0.2417366198450327 0.2185509419441223 0.031286582350730896
    99.0    
