Corr-Diag Corr-Full Corr-Swap Data Epoch Loss MMD-Full MMD-Swap Mean
0.3260028064250946 0.7075251340866089 0.43819019198417664 train 0.0 0.36972486957907674 0.07182876715436577 0.06665388660505414 1.021447701532452e-06
    0.0    
0.3479011654853821 0.8445279598236084 0.40291863679885864 train 1.0 0.1775104670971632 0.05995062353089452 0.0588962240703404 4.731046772121772e-07
    1.0    
0.38654300570487976 1.2893317937850952 0.4131477177143097 train 2.0 0.17141855902969838 0.059523351285606624 0.058639716655015946 1.2559748938656412e-06
    2.0    
0.4089816212654114 1.5829821825027466 0.4589366316795349 train 3.0 0.16547891676425933 0.0592226329818368 0.05848097611218691 2.3185627924249275e-06
    3.0    
0.42037275433540344 1.5396453142166138 0.45272570848464966 train 4.0 0.1626783764362335 0.059118717182427644 0.05840001014992595 1.5691717862864607e-06
    4.0    
0.4321737289428711 1.4364937543869019 0.43873023986816406 train 5.0 0.16133468776941298 0.05907264743000269 0.058374205008149146 2.3622208118467825e-06
    5.0    
0.4419804513454437 1.3264122009277344 0.4236583411693573 train 6.0 0.15966450609266758 0.059022226426750424 0.058379761036485435 2.1480361738213105e-06
    6.0    
0.44834208488464355 1.2644973993301392 0.4146100878715515 train 7.0 0.1581176669895649 0.058893571253865955 0.0583066263794899 1.903756128740497e-06
    7.0    
0.45676013827323914 1.2207367420196533 0.4053860306739807 train 8.0 0.15746028281748295 0.058875560350716116 0.05828362191095948 2.9471818834281294e-06
    8.0    
0.4635255038738251 1.164422869682312 0.40005823969841003 train 9.0 0.15662220045924186 0.058795800898224115 0.05823664641007781 3.2931857276707888e-06
    9.0    
0.46856412291526794 1.103344440460205 0.3882282078266144 train 10.0 0.1556881460547447 0.05870954189449549 0.05821949627250433 2.9322241061890963e-06
    10.0    
0.4734078645706177 1.0452206134796143 0.37911951541900635 train 11.0 0.1551254677772522 0.058802154771983625 0.058311774637550114 3.275481503806077e-06
    11.0    
0.4797552525997162 0.9878093600273132 0.36795157194137573 train 12.0 0.15451005697250367 0.05870576344430447 0.058232931867241856 3.210261411368265e-06
    12.0    
0.48549768328666687 0.9346182346343994 0.3610210120677948 train 13.0 0.15332712553441524 0.058482100423425436 0.058012053165584804 2.4631158339616377e-06
    13.0    
0.49375608563423157 0.8775641322135925 0.3523596525192261 train 14.0 0.15232085548341273 0.05845801472663879 0.05804844316095114 2.0891413896606537e-06
    14.0    
0.49777981638908386 0.8179227113723755 0.3392230272293091 train 15.0 0.15170130915939808 0.05853333348408341 0.0581343724578619 3.871537956001703e-06
    15.0    
0.5044397711753845 0.7741134166717529 0.33300089836120605 train 16.0 0.1507905402779579 0.058264864590018985 0.057863528430461886 3.4248701012984384e-06
    16.0    
0.509933352470398 0.7345476746559143 0.3250710964202881 train 17.0 0.14986663818359375 0.05828339021652937 0.057938406020402906 2.6879531560553005e-06
    17.0    
0.5163255929946899 0.6997170448303223 0.31749123334884644 train 18.0 0.14927129223942756 0.058284503724426034 0.057962819896638394 2.798193008857197e-06
    18.0    
0.5230436325073242 0.6686372756958008 0.31114310026168823 train 19.0 0.14855716146528722 0.05828900791704655 0.057990015894174574 5.558738394029206e-06
    19.0    
0.5304852724075317 0.6406358480453491 0.30668023228645325 train 20.0 0.14776341013610364 0.05816494043916464 0.057868472635746 2.7927242172154365e-06
    20.0    
0.538755476474762 0.6126074194908142 0.300727903842926 train 21.0 0.1472247238457203 0.05821455532684922 0.05795542027801275 3.836229097942123e-06
    21.0    
0.5452556014060974 0.5855413675308228 0.2952801585197449 train 22.0 0.14689146660268307 0.058306996040046216 0.05806549681350589 3.5486443721310934e-06
    22.0    
0.5531796813011169 0.5602458715438843 0.289509117603302 train 23.0 0.14584768667817116 0.05803677164018154 0.05782049072906375 3.0397197861020686e-06
    23.0    
0.5597803592681885 0.5408351421356201 0.28500980138778687 train 24.0 0.1455397032946348 0.058057646844536064 0.05781974034383893 5.457834959088359e-06
    24.0    
0.567767858505249 0.5217131972312927 0.27941370010375977 train 25.0 0.14456023544073104 0.05793841775506735 0.05773046230897307 4.9335285439156e-06
    25.0    
0.5754492878913879 0.5039721131324768 0.27387529611587524 train 26.0 0.1443316774070263 0.05807450836524367 0.05789147632196546 2.996049715875415e-06
    26.0    
0.5834243893623352 0.490359902381897 0.2693193852901459 train 27.0 0.14385227151215077 0.05796131273731589 0.05778636420145631 4.701565558207221e-06
    27.0    
0.5905023813247681 0.4766395092010498 0.2646549940109253 train 28.0 0.14326438292860985 0.0579189770296216 0.0577824293076992 2.7634134767140495e-06
    28.0    
0.5990532636642456 0.4634992480278015 0.2588638365268707 train 29.0 0.14272109784185885 0.057896818071603774 0.05777422625571489 2.786011009447975e-06
    29.0    
0.6090693473815918 0.44966888427734375 0.2527271807193756 train 30.0 0.1420187894999981 0.05785953249782324 0.057758678048849106 3.459281288087368e-06
    30.0    
0.618468165397644 0.4353809356689453 0.24654704332351685 train 31.0 0.141784598082304 0.0579015888646245 0.05777043290436268 3.7471625091711758e-06
    31.0    
0.6285889148712158 0.4189707934856415 0.23851676285266876 train 32.0 0.1410289131850004 0.05782303275540471 0.0576940144225955 2.5703666324261576e-06
    32.0    
0.6397148370742798 0.4042152166366577 0.23125407099723816 train 33.0 0.14048642843961714 0.05775542000308633 0.05767172660678625 3.0561666335415794e-06
    33.0    
0.6505202054977417 0.38663148880004883 0.22195373475551605 train 34.0 0.14005456514656545 0.05784287640824914 0.057785598393529654 2.489540520400624e-06
    34.0    
0.6599699854850769 0.3676809072494507 0.21154996752738953 train 35.0 0.13960737712681293 0.05779729224741459 0.05770859085023403 2.927003833974595e-06
    35.0    
0.671229362487793 0.3487860858440399 0.20074905455112457 train 36.0 0.13875472389161586 0.05780784236267209 0.05775264048948884 2.288376663273084e-06
    36.0    
0.6792779564857483 0.32905104756355286 0.1902526617050171 train 37.0 0.1379744101315737 0.057710824459791185 0.05766305197030306 3.3104588510468602e-06
    37.0    
0.6886367201805115 0.3104061186313629 0.17958863079547882 train 38.0 0.13750421717762948 0.05776150781661272 0.057712337151169774 2.5901788376359036e-06
    38.0    
0.6958646178245544 0.291723370552063 0.16815918684005737 train 39.0 0.13676182627677919 0.05766622895374894 0.05767665185034275 2.3450172648153966e-06
    39.0    
0.701100766658783 0.2726140022277832 0.1573750525712967 train 40.0 0.13579347677528858 0.05751124760136008 0.05754768293350935 2.9613270271511283e-06
    40.0    
0.7039695978164673 0.256382018327713 0.14790558815002441 train 41.0 0.13531039334833622 0.057464637849479916 0.057484652865678075 2.7483033591124695e-06
    41.0    
0.7077451348304749 0.24233126640319824 0.13992996513843536 train 42.0 0.13451722130179405 0.05743615463376045 0.057487058397382496 2.5104770884354366e-06
    42.0    
0.7090380191802979 0.22992733120918274 0.13272444903850555 train 43.0 0.1342080271989107 0.0574431561678648 0.057536446023732424 1.124847017308639e-06
    43.0    
0.7116906046867371 0.21852461993694305 0.12619654834270477 train 44.0 0.13382936060428618 0.05741920445114374 0.05752162197604775 1.1981049965470447e-06
    44.0    
0.7138670682907104 0.20757538080215454 0.12056172639131546 train 45.0 0.13367159210145474 0.057494806963950394 0.05757244650274515 1.7584145552973496e-06
    45.0    
0.7137885093688965 0.1983896791934967 0.11475750803947449 train 46.0 0.13316866397857666 0.05740374188870192 0.05753182891756296 1.9636911474663066e-06
    46.0    
0.7140094637870789 0.18995401263237 0.11004525423049927 train 47.0 0.13313930869102478 0.0573426198400557 0.057464041877537966 1.7072092077796697e-06
    47.0    
0.7155171632766724 0.18138711154460907 0.10565756261348724 train 48.0 0.1327468054741621 0.05734456717967987 0.057478170804679395 1.3926094197813654e-06
    48.0    
0.7151645421981812 0.1747325360774994 0.10173571109771729 train 49.0 0.1322410526126623 0.05728033469989896 0.05741258479654789 1.4248722663978697e-06
    49.0    
