Corr-Diag Corr-Full Corr-Swap Data Epoch Loss MMD-Full MMD-Swap Mean
0.4403613209724426 0.8311294317245483 0.3587881326675415 train 0.0 0.2132239528745413 0.11033549416810275 0.0939269957318902 2.3532184059149586e-05
    0.0    
0.49950143694877625 0.4936401844024658 0.2525438368320465 train 1.0 0.13834464713931083 0.06935805212706328 0.0663497894257307 1.0591765203571413e-05
    1.0    
0.5167630314826965 0.3517382740974426 0.19828134775161743 train 2.0 0.1262999014556408 0.06265255121514202 0.06204873137176037 4.429561158758588e-06
    2.0    
0.5175574421882629 0.28446608781814575 0.17064440250396729 train 3.0 0.1224260513857007 0.06051868677139282 0.06069147426635027 2.5637132239353377e-06
    3.0    
0.5147122144699097 0.24638736248016357 0.15835756063461304 train 4.0 0.12051452133804559 0.0595849491469562 0.05989452539011836 1.8710703670876683e-06
    4.0    
0.5063181519508362 0.21364618837833405 0.14607985317707062 train 5.0 0.11942961312830448 0.05900175286456943 0.05951561864465475 9.080725362764497e-07
    5.0    
0.4984411895275116 0.18502290546894073 0.1367853581905365 train 6.0 0.11842692382633686 0.0585228062979877 0.059094614423811434 1.5787105667186552e-06
    6.0    
0.4892333149909973 0.1623784899711609 0.12898202240467072 train 7.0 0.11765091963112355 0.05816164787858725 0.058765944447368386 1.4094720199864241e-06
    7.0    
0.4795687794685364 0.142869770526886 0.12235212326049805 train 8.0 0.11689785350114107 0.05783393319696188 0.058417505975812675 1.047139335241809e-06
    8.0    
0.4671206772327423 0.12503735721111298 0.11606243252754211 train 9.0 0.11688538741320371 0.05783403629437089 0.05846776731312275 1.4273554143073852e-06
    9.0    
0.4562217593193054 0.11183464527130127 0.1107870489358902 train 10.0 0.1162759568542242 0.057560210190713404 0.058188965264707807 2.5077422378672054e-06
    10.0    
0.4455200731754303 0.09949707239866257 0.10670629888772964 train 11.0 0.11608815893530845 0.05749471249058843 0.058111469447612765 1.781961259439413e-06
    11.0    
0.43654748797416687 0.09849150478839874 0.10591854900121689 train 12.0 0.11584668956696988 0.057406290266662836 0.0579944683611393 1.539929485261382e-06
    12.0    
0.42778974771499634 0.08936190605163574 0.10038070380687714 train 13.0 0.11529374297708272 0.057119465190917255 0.05775940066203475 2.9195086881372845e-06
    13.0    
0.4204069674015045 0.08268586546182632 0.09671894460916519 train 14.0 0.11538647267967463 0.05718753356486559 0.05780781235545874 1.9586536836868618e-06
    14.0    
0.410273939371109 0.08087003231048584 0.09415660053491592 train 15.0 0.11539768818765879 0.05721915977075696 0.0578037123568356 1.7890322396851843e-06
    15.0    
0.40404030680656433 0.08021664619445801 0.09248693287372589 train 16.0 0.11496894873678684 0.05700804349035025 0.05760796178132296 1.8328223632124718e-06
    16.0    
0.39982813596725464 0.07815976440906525 0.08843474090099335 train 17.0 0.11505448959767818 0.05706163443624973 0.05764846246689558 2.4567700620536925e-06
    17.0    
0.3905094265937805 0.07473848760128021 0.08727718889713287 train 18.0 0.11522238858044148 0.05713742662221193 0.05775210818275809 1.5233293879646226e-06
    18.0    
0.38435474038124084 0.07569801062345505 0.08689624816179276 train 19.0 0.11482596922665834 0.05695196906104684 0.0575514111854136 2.2544286366610322e-06
    19.0    
0.38274094462394714 0.07414915412664413 0.08550024032592773 train 20.0 0.11501870933920146 0.05704400146380067 0.05765772255137563 2.8354609185043955e-06
    20.0    
0.38153719902038574 0.08009994775056839 0.08381015062332153 train 21.0 0.11472511641681195 0.056895542815327646 0.057518372926861044 1.7387581010552822e-06
    21.0    
0.37410372495651245 0.07421252876520157 0.08286970853805542 train 22.0 0.11476588975638151 0.05693312613293529 0.05752422761172056 1.2565063798319898e-06
    22.0    
0.3701688349246979 0.0774187296628952 0.08260367065668106 train 23.0 0.11469577591866255 0.056893851812928914 0.05749651934951544 2.346852397749899e-06
    23.0    
0.3702627122402191 0.07534003257751465 0.08171314001083374 train 24.0 0.11420829258859158 0.05661777539178729 0.05729356002062559 2.0816301002923865e-06
    24.0    
0.3649636209011078 0.0771273523569107 0.08111295849084854 train 25.0 0.11476660888642072 0.05690477043390274 0.057564557213336226 1.6477695226058131e-06
    25.0    
0.3592025637626648 0.08091043680906296 0.08120739459991455 train 26.0 0.11480334512889386 0.05695171982049942 0.057553851678967476 1.9642952793219592e-06
    26.0    
0.35527077317237854 0.07540514320135117 0.07870406657457352 train 27.0 0.11428542610257864 0.05668697752058506 0.057305237464606765 2.3120719561120495e-06
    27.0    
0.3478144705295563 0.07788284122943878 0.0799473375082016 train 28.0 0.11483143210411072 0.056951332353055474 0.05758675493299961 1.8480134258425096e-06
    28.0    
0.3478209972381592 0.07260441780090332 0.07656916230916977 train 29.0 0.11445234857499599 0.056746910214424136 0.05741534117609262 1.793605861166725e-06
    29.0    
0.3460577428340912 0.07623232901096344 0.07720101624727249 train 30.0 0.11429072890430689 0.05667830418795347 0.05732468195259571 1.4937006653781282e-06
    30.0    
0.3435305655002594 0.07375364005565643 0.07692231237888336 train 31.0 0.1142113846167922 0.056650296822190284 0.057272094301879406 1.6174724351003533e-06
    31.0    
0.3396790623664856 0.07550409436225891 0.07598858326673508 train 32.0 0.11438310451805592 0.05670766429975629 0.057388941440731284 1.3265936331663397e-06
    32.0    
0.3347184658050537 0.07581068575382233 0.07654678821563721 train 33.0 0.11434859625995158 0.056713414639234544 0.057347780168056486 2.079476416838588e-06
    33.0    
0.335507869720459 0.07664951682090759 0.0791863203048706 train 34.0 0.11415246833115816 0.05660423489287496 0.05726096119731665 1.5325470030802535e-06
    34.0    
0.3307541310787201 0.07296756654977798 0.07489782571792603 train 35.0 0.11403324838727713 0.05655689375475049 0.05719217851758003 1.085363464881084e-06
    35.0    
0.3277501165866852 0.07306678593158722 0.07557297497987747 train 36.0 0.11411882791668176 0.05658389143645763 0.05724583458155394 1.8172261206927942e-06
    36.0    
0.3247053623199463 0.07479092478752136 0.07445309311151505 train 37.0 0.11415314812213183 0.05658773453906178 0.057277495935559274 1.6942944967013318e-06
    37.0    
0.32485324144363403 0.07456840574741364 0.07461713254451752 train 38.0 0.1143730092048645 0.05671586584299803 0.05736775998026133 1.5364848877652548e-06
    38.0    
0.3223661780357361 0.07870367914438248 0.07442837953567505 train 39.0 0.11413098067045212 0.0565739274956286 0.05726669328287244 1.8800297993948334e-06
    39.0    
0.3165746033191681 0.07127991318702698 0.07287564128637314 train 40.0 0.11399585388600826 0.056504640635102986 0.05720181005075574 1.7836375718616182e-06
    40.0    
0.3133440613746643 0.076725073158741 0.07319425046443939 train 41.0 0.1142842374742031 0.05665050718933344 0.05734533656388521 1.234262526850216e-06
    41.0    
0.3130630552768707 0.07243771106004715 0.07419809699058533 train 42.0 0.11417756900191307 0.05660375690087676 0.05728292617946863 2.1984169507049955e-06
    42.0    
0.31088700890541077 0.07370530068874359 0.07330717891454697 train 43.0 0.11404335498809814 0.056522084530442954 0.05723055003210902 1.4797167295910185e-06
    43.0    
0.30878567695617676 0.07361594587564468 0.07181641459465027 train 44.0 0.11404370203614235 0.05654320241883397 0.057205248009413484 1.8306294577996596e-06
    44.0    
0.3049067556858063 0.0714469850063324 0.07203073054552078 train 45.0 0.11406109403818845 0.05653594888746739 0.057229105960577724 1.535269461783173e-06
    45.0    
0.3038240075111389 0.07168523967266083 0.07071584463119507 train 46.0 0.11444689389318227 0.05672444915398955 0.05742013661190867 1.9268477444711607e-06
    46.0    
0.3013191521167755 0.07084871828556061 0.07194643467664719 train 47.0 0.11395317789167166 0.056485240776091815 0.057168915625661613 1.764825583450147e-06
    47.0    
0.2980261743068695 0.07804593443870544 0.07323529571294785 train 48.0 0.11408243220299483 0.05653861206024885 0.05723895890638232 1.5936069530653185e-06
    48.0    
0.29680144786834717 0.07511197775602341 0.07248995453119278 train 49.0 0.11385783422738313 0.05642306363210082 0.05712920218706131 1.9145543319609715e-06
    49.0    
0.29534831643104553 0.07451727241277695 0.07137594372034073 train 50.0 0.11409655213356018 0.056544450558722016 0.05724197212606669 1.4175157048157416e-06
    50.0    
0.2966817617416382 0.0744892880320549 0.07347698509693146 train 51.0 0.11380168668925762 0.05639604294672609 0.05710054134950042 1.8808490267474554e-06
    51.0    
0.29408830404281616 0.07448810338973999 0.07247795909643173 train 52.0 0.11386003646999597 0.05641475899145007 0.057138332556933166 1.4365335800903267e-06
    52.0    
0.29508066177368164 0.08037266135215759 0.07276983559131622 train 53.0 0.11371250875294209 0.05634858656674623 0.057058951277285816 1.6402342453147867e-06
    53.0    
0.29363688826560974 0.07378404587507248 0.07155834883451462 train 54.0 0.11394930370151997 0.05647109447047114 0.05716918213292956 1.7898526039061835e-06
    54.0    
0.289760559797287 0.07628373056650162 0.07209770381450653 train 55.0 0.11382894933223725 0.05643466204404831 0.05708389924839139 1.2439237480066367e-06
    55.0    
0.2888404428958893 0.07365578413009644 0.07382399588823318 train 56.0 0.11406769320368766 0.05652021719142795 0.057231830283999446 1.4721837260367465e-06
    56.0    
0.28859925270080566 0.07830621302127838 0.0757284164428711 train 57.0 0.11357691150158644 0.056266530621796845 0.05699638532474637 1.4719992122991243e-06
    57.0    
0.2863328456878662 0.0706271305680275 0.06966385245323181 train 58.0 0.11395197287201882 0.05646215757355094 0.057172276433557274 1.521491071798664e-06
    58.0    
0.28556498885154724 0.07441157102584839 0.07320398092269897 train 59.0 0.1137151662632823 0.05633609941229224 0.05706257309764624 1.4894261539666331e-06
    59.0    
0.28646770119667053 0.07382559031248093 0.07067622244358063 train 60.0 0.11404415637254715 0.056489296238869426 0.057235893737524746 1.724534627101093e-06
    60.0    
0.2839629054069519 0.07316962629556656 0.07283134013414383 train 61.0 0.11371517386287451 0.056333889067173 0.05706187566742301 1.7441567479181685e-06
    61.0    
0.28014543652534485 0.07681218534708023 0.07210610061883926 train 62.0 0.11374125067144632 0.05634412655606866 0.057078266032040116 1.4011011444381438e-06
    62.0    
0.2806035578250885 0.07438364624977112 0.07181119918823242 train 63.0 0.11364038564264774 0.05628993518650532 0.05702896608039737 1.5258365237968974e-06
    63.0    
0.27678707242012024 0.06723976135253906 0.0694815069437027 train 64.0 0.11409060925245285 0.05651014413684607 0.05725726269185543 1.2748201925205649e-06
    64.0    
0.27947917580604553 0.07695197314023972 0.07336574792861938 train 65.0 0.11349092528223992 0.056204671133309604 0.056964454781264065 1.5833112456675735e-06
    65.0    
0.27815112471580505 0.0735747292637825 0.07101434469223022 train 66.0 0.11379218228161335 0.05638761464506388 0.05707653759047389 1.9773463009187253e-06
    66.0    
0.2741684019565582 0.07538843899965286 0.07133622467517853 train 67.0 0.11380108024924994 0.056360727716237305 0.05711078049615025 1.7455862462156801e-06
    67.0    
0.27465128898620605 0.07300154119729996 0.07098054140806198 train 68.0 0.11392510242760182 0.05643898194655776 0.057156643085181716 1.2299841500862385e-06
    68.0    
0.27443239092826843 0.07370396703481674 0.07041821628808975 train 69.0 0.11374823313206434 0.05631877098232508 0.05710248997434974 1.3385339343585656e-06
    69.0    
0.2708515524864197 0.07390744239091873 0.07017888128757477 train 70.0 0.11372308671474457 0.05631035493686795 0.05708230072632432 1.604016802048136e-06
    70.0    
0.269910991191864 0.07582937926054001 0.07142357528209686 train 71.0 0.1137760977819562 0.056347215082496405 0.057095488868653774 1.260612179976306e-06
    71.0    
0.26998916268348694 0.07641537487506866 0.07074694335460663 train 72.0 0.11373824045062066 0.056318276561796665 0.05708433032035828 2.0104066607018467e-06
    72.0    
0.27014654874801636 0.07765776664018631 0.07201255112886429 train 73.0 0.11367913372814656 0.05630470346659422 0.0570364710688591 1.7034194570442196e-06
    73.0    
0.2696691155433655 0.07358839362859726 0.07234745472669601 train 74.0 0.11365641865879297 0.05629254771396518 0.057027440052479506 1.7242101648662356e-06
    74.0    
0.27053266763687134 0.07340693473815918 0.07022891938686371 train 75.0 0.1135478150844574 0.05623359140008688 0.05697928613051772 1.4993806871643756e-06
    75.0    
0.26834750175476074 0.07228870689868927 0.07102614641189575 train 76.0 0.1138531281799078 0.0563722831569612 0.05714239390566945 1.2183130593257374e-06
    76.0    
0.2702525556087494 0.0744609385728836 0.07037054747343063 train 77.0 0.1134352358058095 0.056187130473554135 0.05691086035221815 1.2462335234886268e-06
    77.0    
0.27051374316215515 0.07602719217538834 0.07264336943626404 train 78.0 0.1137222683802247 0.05631477903574705 0.05706855589523911 1.6345049971278058e-06
    78.0    
0.26704171299934387 0.07127228379249573 0.07076457142829895 train 79.0 0.11363500133156776 0.05627848068252206 0.057019070852547885 1.5859848190302728e-06
    79.0    
0.2654975652694702 0.07114824652671814 0.07071827352046967 train 80.0 0.11390329591929912 0.05640438361093402 0.057155670896172524 1.8125004999092198e-06
    80.0    
0.26651322841644287 0.07683403789997101 0.071807861328125 train 81.0 0.11355668690055609 0.05621662709861994 0.05699976321309805 1.5959211623339797e-06
    81.0    
0.2682209312915802 0.07352236658334732 0.0726679340004921 train 82.0 0.11351529758423567 0.056205455232411626 0.05696701299399137 1.5359100871137343e-06
    82.0    
0.26728934049606323 0.08115953952074051 0.07393363863229752 train 83.0 0.1133943211659789 0.05615833194926381 0.05689458597451449 1.7353354451188352e-06
    83.0    
0.2666815221309662 0.0735316276550293 0.07287431508302689 train 84.0 0.11354226998984814 0.05623353218659759 0.05696615612134338 1.2891489404864842e-06
    84.0    
0.26359063386917114 0.06987828761339188 0.07016703486442566 train 85.0 0.11391116883605719 0.056388583295047284 0.05717654943466186 8.634489176984061e-07
    85.0    
0.26249605417251587 0.07237931340932846 0.07029083371162415 train 86.0 0.11373959120362997 0.05630546480417251 0.05708839746192098 8.61730939050176e-07
    86.0    
0.26094335317611694 0.07238633185625076 0.06837631016969681 train 87.0 0.11356025397777557 0.05623382441699505 0.0569785544462502 1.460089720239921e-06
    87.0    
0.26308518648147583 0.07275796681642532 0.07027850300073624 train 88.0 0.11349417604506015 0.056196458917111156 0.05695027070119977 2.0330126062617637e-06
    88.0    
0.2611831724643707 0.07403873652219772 0.07083616405725479 train 89.0 0.11371129728853703 0.05629597051069141 0.05707036672160029 1.4024039955984335e-06
    89.0    
0.26292845606803894 0.07088514417409897 0.07253270596265793 train 90.0 0.11358701474964619 0.05623102072626352 0.05700753832235932 1.384498318657279e-06
    90.0    
0.2636941969394684 0.07472920417785645 0.07218421250581741 train 91.0 0.11350042928010225 0.056192597448825835 0.05696327386423945 1.735373871269985e-06
    91.0    
0.2654913067817688 0.0752028375864029 0.07163889706134796 train 92.0 0.11347732245922089 0.05619259582832456 0.05693865029141307 1.5376080000351067e-06
    92.0    
0.2639147639274597 0.07300575077533722 0.07193092256784439 train 93.0 0.1133191343024373 0.0561232303455472 0.05685110054910183 1.468963887418795e-06
    93.0    
0.2619171142578125 0.07337302714586258 0.07107836753129959 train 94.0 0.1138704963028431 0.056388793233782056 0.057133166920393705 1.1781406783484272e-06
    94.0    
0.2578290104866028 0.06967496871948242 0.06915616244077682 train 95.0 0.11368344280868768 0.056298690028488634 0.05703357886523008 1.2409847158778575e-06
    95.0    
0.25980016589164734 0.07409723848104477 0.06938377022743225 train 96.0 0.11370518881827593 0.056322446651756765 0.05703192485496402 1.562489728712535e-06
    96.0    
0.2580137252807617 0.072259321808815 0.07065320014953613 train 97.0 0.11380659777671098 0.05634725144132972 0.05710826497524977 1.6146495909197256e-06
    97.0    
0.25889480113983154 0.07265564799308777 0.06950794160366058 train 98.0 0.11348542030900717 0.056184701565653083 0.05694739997386932 1.3474628985932213e-06
    98.0    
0.2589760422706604 0.07369229942560196 0.07134400308132172 train 99.0 0.1136591937020421 0.056255362387746574 0.05705389292910695 1.4832036185907782e-06
    99.0    
