Corr-Diag Corr-Full Corr-Swap Data Epoch Loss MMD-Full MMD-Swap Mean
0.2103152722120285 1.084391713142395 0.6383757591247559 train 0.0 0.4168665777146816 0.20393539674580097 0.1962498438358307 2.179625880671665e-05
    0.0    
0.3472904562950134 1.40645170211792 0.5859247446060181 train 1.0 0.4014301946759224 0.19722499199211596 0.19236389249563218 1.4353411643241998e-05
    1.0    
0.38745778799057007 1.189826488494873 0.5103520750999451 train 2.0 0.39239397436380385 0.19298137940466403 0.190806096047163 9.61679506872315e-06
    2.0    
0.40903058648109436 1.0488646030426025 0.4694768190383911 train 3.0 0.3885532984137535 0.1911540062725544 0.19021631516516208 7.167722742451588e-06
    3.0    
0.4132995903491974 0.9522293210029602 0.44067761301994324 train 4.0 0.38679098546504975 0.19038357011973858 0.1899552185833454 5.896818493056344e-06
    4.0    
0.41383999586105347 0.9003697633743286 0.4267829358577728 train 5.0 0.3860184822976589 0.19002348244190215 0.18996466465294362 5.656130724673858e-06
    5.0    
0.4118957817554474 0.8646738529205322 0.41713351011276245 train 6.0 0.38494663015007974 0.18949334859848022 0.1897373654693365 4.755206646223087e-06
    6.0    
0.40963393449783325 0.811623752117157 0.4030056893825531 train 7.0 0.38432695627212526 0.18922581702470778 0.18956747382879258 5.128774773766054e-06
    7.0    
0.40953540802001953 0.7948835492134094 0.39687657356262207 train 8.0 0.3841654275357723 0.18908656448125838 0.18973006010055543 4.185925263300305e-06
    8.0    
0.40631601214408875 0.7669467329978943 0.38972553610801697 train 9.0 0.38389971256256106 0.18897032529115676 0.18964486718177795 3.6644821648224024e-06
    9.0    
0.39590734243392944 0.7452268004417419 0.38666531443595886 train 10.0 0.3837984590232372 0.18892648920416832 0.1896821627020836 3.521599410305498e-06
    10.0    
0.3925785720348358 0.7155471444129944 0.37781018018722534 train 11.0 0.3836688539385796 0.18880306802690028 0.18972450658679008 3.1068507269083057e-06
    11.0    
0.3837472200393677 0.7079078555107117 0.37855666875839233 train 12.0 0.3833500848710537 0.18863544821739198 0.1896606820076704 2.3076552224665647e-06
    12.0    
0.3880513310432434 0.6852569580078125 0.37529486417770386 train 13.0 0.3823870325088501 0.1881879648566246 0.189174217954278 2.528325694584055e-06
    13.0    
0.38105714321136475 0.674913227558136 0.3698928654193878 train 14.0 0.38330245822668074 0.1886214929819107 0.18969910211861132 2.7313828923070105e-06
    14.0    
0.3782450556755066 0.6665067672729492 0.3666456341743469 train 15.0 0.38264275804162023 0.18824632734060287 0.18943626835942268 3.4880822568084113e-06
    15.0    
0.3774822950363159 0.6566940546035767 0.3734069764614105 train 16.0 0.3823563545942307 0.1881071498990059 0.18935023620724678 2.6128877834707964e-06
    16.0    
0.37133827805519104 0.6441259980201721 0.3690640330314636 train 17.0 0.38251682832837103 0.18816852673888207 0.18948921337723731 2.4399578251177445e-06
    17.0    
0.36662623286247253 0.624029278755188 0.36661815643310547 train 18.0 0.3827273207902908 0.18831892624497415 0.1894983436912298 2.366914031881606e-06
    18.0    
0.36336562037467957 0.6327697038650513 0.3724098801612854 train 19.0 0.382838491499424 0.1883107390254736 0.18966026462614535 2.6676407287595794e-06
    19.0    
0.36024045944213867 0.6275597214698792 0.37578943371772766 train 20.0 0.3821478541195393 0.1879474989324808 0.189330113530159 2.25379403673287e-06
    20.0    
0.3534068763256073 0.6186752319335938 0.3752022385597229 train 21.0 0.38303243279457094 0.18832194089889526 0.18983132570981978 2.656263859535102e-06
    21.0    
0.35752221941947937 0.6056433320045471 0.37184643745422363 train 22.0 0.38233020350337027 0.18795092076063155 0.18949810087680816 2.0951699752913555e-06
    22.0    
0.35310956835746765 0.6025412082672119 0.36917340755462646 train 23.0 0.38194058135151865 0.18780029602348805 0.18928823791444302 1.9217268345528282e-06
    23.0    
0.3456280529499054 0.5978364944458008 0.37276291847229004 train 24.0 0.38175661250948906 0.18768864050507544 0.18926516115665437 1.8994215906786849e-06
    24.0    
0.34651148319244385 0.5752841234207153 0.3672868013381958 train 25.0 0.382221267670393 0.18786781892180443 0.1895247495174408 1.9644235180749092e-06
    25.0    
0.35098913311958313 0.5774087905883789 0.3658399283885956 train 26.0 0.38127211794257165 0.18741027861833573 0.18909953467547894 2.1233624920569127e-06
    26.0    
0.3463594317436218 0.5726551413536072 0.3643566966056824 train 27.0 0.38220867976546286 0.18789831966161727 0.18952691577374936 1.8774749150907155e-06
    27.0    
0.3433418571949005 0.5716364979743958 0.3686331510543823 train 28.0 0.38216327637434006 0.18786926947534086 0.1895406688004732 1.6597905414528213e-06
    28.0    
0.3409184217453003 0.5703461766242981 0.36978960037231445 train 29.0 0.3817041580379009 0.1876104000210762 0.18931667998433113 2.2583064946957165e-06
    29.0    
0.34180304408073425 0.557173490524292 0.3673521876335144 train 30.0 0.3816277927160263 0.18755392611026764 0.189323403313756 1.721018065836688e-06
    30.0    
0.34090232849121094 0.5531611442565918 0.3662945628166199 train 31.0 0.38180405512452126 0.1876776224374771 0.18939002074301242 1.3932897218182916e-06
    31.0    
0.331380695104599 0.5579648613929749 0.3666727542877197 train 32.0 0.3821804814040661 0.18780811004340647 0.18958247326314448 1.7389726281180629e-06
    32.0    
0.3250013291835785 0.5378913283348083 0.367708683013916 train 33.0 0.3821482026576996 0.18775296442210673 0.1895716091990471 1.9352180515852524e-06
    33.0    
0.3258342742919922 0.5396872162818909 0.368315190076828 train 34.0 0.38202531829476355 0.18769113153219222 0.18955982133746146 1.7654613202466862e-06
    34.0    
0.33023232221603394 0.5370593070983887 0.3670763075351715 train 35.0 0.38136490151286123 0.1874052719771862 0.1891985035687685 2.325878767805989e-06
    35.0    
0.3284934163093567 0.5365235209465027 0.37199753522872925 train 36.0 0.3809919561445713 0.1872060514986515 0.18904309488832952 2.1009607280575437e-06
    36.0    
0.32358765602111816 0.5181186199188232 0.3676919639110565 train 37.0 0.3816432550549507 0.1875445085018873 0.1893481197208166 2.373299139435403e-06
    37.0    
0.32211965322494507 0.5272268056869507 0.3670715093612671 train 38.0 0.3817032840847969 0.18759093523025513 0.18935970559716225 2.241202082586824e-06
    38.0    
0.3222061097621918 0.5270117521286011 0.3657960593700409 train 39.0 0.38135937839746475 0.18738274537026883 0.1892539244145155 1.8405294213152956e-06
    39.0    
0.3196052312850952 0.520332396030426 0.36730122566223145 train 40.0 0.3817232571542263 0.18755809485912323 0.18942888744175435 2.3974325813469477e-06
    40.0    
0.32028406858444214 0.5043673515319824 0.3649892807006836 train 41.0 0.3813061524927616 0.18733488261699677 0.18925261937081814 2.157597464247374e-06
    41.0    
0.3192300796508789 0.5122264623641968 0.3625606298446655 train 42.0 0.3814664521813393 0.18744714371860027 0.18929954685270786 2.117663825629279e-06
    42.0    
0.31237292289733887 0.5147632360458374 0.3649965524673462 train 43.0 0.3812041571736336 0.1872783723473549 0.1892337391525507 1.9591484488046262e-06
    43.0    
0.3187306523323059 0.509578287601471 0.3618270754814148 train 44.0 0.38065505132079125 0.1870162009447813 0.18892191745340825 1.7373266700815293e-06
    44.0    
0.31427329778671265 0.49998733401298523 0.35998159646987915 train 45.0 0.38129328086972236 0.18734133422374724 0.1892489431798458 1.9021724710910348e-06
    45.0    
0.31051522493362427 0.5018756985664368 0.36178502440452576 train 46.0 0.381056826710701 0.1872013273090124 0.18915702208876609 1.6947165022429544e-06
    46.0    
0.3084474503993988 0.4972960352897644 0.36201366782188416 train 47.0 0.38138106018304824 0.18734669514000415 0.18928990468382836 1.8907215917352005e-06
    47.0    
0.30364492535591125 0.4878934919834137 0.3646523356437683 train 48.0 0.3813842990994453 0.18732036389410495 0.18932808868587017 1.7270945136260707e-06
    48.0    
0.3053702712059021 0.49676021933555603 0.3610179126262665 train 49.0 0.3810458396375179 0.18714106999337674 0.18920023895800114 1.755222456267802e-06
    49.0    
0.3140736520290375 0.497546523809433 0.3652573823928833 train 50.0 0.3810336375236511 0.18713416419923307 0.18919908687472342 1.925142669279012e-06
    50.0    
0.3099384903907776 0.489626944065094 0.36017999053001404 train 51.0 0.38045293256640433 0.18690903522074223 0.18884616665542125 1.678383910075354e-06
    51.0    
0.30977120995521545 0.4950624704360962 0.3621326684951782 train 52.0 0.38175124242901803 0.18751096487045288 0.1895307030528784 2.0702480014733737e-06
    52.0    
0.3040201961994171 0.4844328463077545 0.3610948920249939 train 53.0 0.3811593168973923 0.18718192026019095 0.18926918268203735 1.8289517811354017e-06
    53.0    
0.3011307418346405 0.49011561274528503 0.3608305752277374 train 54.0 0.38117754325270653 0.18724170550704003 0.18920594550669192 1.7638080862525385e-06
    54.0    
0.30015844106674194 0.4926359951496124 0.3638973832130432 train 55.0 0.3816563600301743 0.1874689394980669 0.1894251147657633 1.7594176142665674e-06
    55.0    
0.3008936941623688 0.4767511785030365 0.3581881821155548 train 56.0 0.38077841758728026 0.1870105355978012 0.1890554443001747 1.603361738489184e-06
    56.0    
0.30286905169487 0.48291224241256714 0.3603450059890747 train 57.0 0.38070796340703966 0.18695694722235204 0.18903195202350617 2.0807199234695872e-06
    57.0    
0.2974349856376648 0.47310179471969604 0.3595145642757416 train 58.0 0.3813244576752186 0.18725311622023583 0.1893871719390154 1.8701698536460754e-06
    58.0    
0.29735198616981506 0.4859108328819275 0.365266352891922 train 59.0 0.38095497131347655 0.18707947842776776 0.1891405189782381 1.6130398989844252e-06
    59.0    
0.29279088973999023 0.48207467794418335 0.36054256558418274 train 60.0 0.3808427582681179 0.18704284615814687 0.18909479714930058 1.5670024140490568e-06
    60.0    
0.29427164793014526 0.47334447503089905 0.3521699607372284 train 61.0 0.3804641115665436 0.1868329592049122 0.1889422134310007 1.7277325241593644e-06
    61.0    
0.2922648787498474 0.47115403413772583 0.35970667004585266 train 62.0 0.38097546935081483 0.18710944838821889 0.18913666516542435 1.930837470354163e-06
    62.0    
0.28744828701019287 0.4723617732524872 0.36228445172309875 train 63.0 0.380809360742569 0.18702665969729423 0.18906064726412297 1.644827989366604e-06
    63.0    
0.2883119583129883 0.4689869284629822 0.35676902532577515 train 64.0 0.38105910152196887 0.187083011046052 0.18923058420419692 1.4460910051639075e-06
    64.0    
0.28737545013427734 0.46844804286956787 0.357341468334198 train 65.0 0.3810449279844761 0.18713623374700547 0.1891892807930708 1.733887415866775e-06
    65.0    
0.2878879904747009 0.46865054965019226 0.3584153652191162 train 66.0 0.38024384051561355 0.1867281685769558 0.18883271880447863 1.6752269402786624e-06
    66.0    
0.28960609436035156 0.45856553316116333 0.3518252670764923 train 67.0 0.38018750652670863 0.1867080271244049 0.1887834832072258 1.7303891581832431e-06
    67.0    
0.2889920175075531 0.4689319431781769 0.3562789857387543 train 68.0 0.38061254665255545 0.18693997897207737 0.18897753030061723 2.0288075575081166e-06
    68.0    
0.29035115242004395 0.463224858045578 0.3600006401538849 train 69.0 0.38096967205405236 0.18709107726812363 0.18917579151690006 1.7811331645134487e-06
    69.0    
0.2854447662830353 0.4604918658733368 0.35748526453971863 train 70.0 0.38104732885956766 0.1871347163617611 0.18920226618647576 1.9407079889788292e-06
    70.0    
0.29503294825553894 0.4785810708999634 0.3602776527404785 train 71.0 0.3804323832690716 0.18685774363577365 0.18891615003347398 1.446456280973507e-06
    71.0    
0.2874584197998047 0.459129273891449 0.35367634892463684 train 72.0 0.3815650823712349 0.18740408465266228 0.18941790893673896 1.7186832792503992e-06
    72.0    
0.2890309691429138 0.4607107937335968 0.35719984769821167 train 73.0 0.3799347223341465 0.18656064748764037 0.18865161821246146 2.2982021619100124e-06
    73.0    
0.2889508903026581 0.45686155557632446 0.35445529222488403 train 74.0 0.38047881379723547 0.1868791500478983 0.18892000034451484 1.9681547200889327e-06
    74.0    
0.2900916635990143 0.46685850620269775 0.35533079504966736 train 75.0 0.3805540916323662 0.18687215216457845 0.18897192917764186 2.0882569060631795e-06
    75.0    
0.2859013080596924 0.46729618310928345 0.35838496685028076 train 76.0 0.380600476115942 0.18688165761530398 0.18905753865838051 1.99746045836946e-06
    76.0    
0.2796227037906647 0.45566803216934204 0.35593363642692566 train 77.0 0.38030788317322733 0.18673187702894212 0.18891517125070095 2.0310476429585833e-06
    77.0    
0.27914828062057495 0.4656875729560852 0.3547326922416687 train 78.0 0.3807590137422085 0.18699089236557484 0.18907548546791075 2.2310773601930123e-06
    78.0    
0.2774997651576996 0.4482308030128479 0.35608971118927 train 79.0 0.3812938067317009 0.18719870232045652 0.18937651246786116 2.0679128738265717e-06
    79.0    
0.273871511220932 0.4497036635875702 0.3572969436645508 train 80.0 0.38127619713544847 0.1871740647405386 0.18933164678514003 1.8265881180923316e-06
    80.0    
0.27556484937667847 0.45366156101226807 0.3522167503833771 train 81.0 0.3806484621763229 0.18688632637262345 0.18905718989670275 1.6337021406798158e-06
    81.0    
0.2736833691596985 0.4515915811061859 0.35362592339515686 train 82.0 0.38048932045698164 0.1867888330668211 0.18894859977066517 1.377654712086951e-06
    82.0    
0.2694096863269806 0.44911977648735046 0.3566673994064331 train 83.0 0.3805366633832455 0.18682773411273956 0.18894385106861591 1.510326342213375e-06
    83.0    
0.2741132378578186 0.4555005729198456 0.35331588983535767 train 84.0 0.38040180429816245 0.18677093185484409 0.18892556741833688 1.3710852044823696e-06
    84.0    
0.27269718050956726 0.44442692399024963 0.34953442215919495 train 85.0 0.3803018920123577 0.1866883532702923 0.188891119658947 1.6805782934170566e-06
    85.0    
0.2735278308391571 0.43740132451057434 0.3500487208366394 train 86.0 0.38043076992034913 0.1867896595597267 0.1889037375152111 1.6765962982390192e-06
    86.0    
0.2686421275138855 0.4401237368583679 0.3550575077533722 train 87.0 0.3805238910019398 0.1868437947332859 0.18898906119167805 1.5463380123037496e-06
    87.0    
0.2641811966896057 0.44072696566581726 0.3510279655456543 train 88.0 0.3807418188452721 0.18694266110658644 0.18908160895109177 1.8709166624830686e-06
    88.0    
0.2680051028728485 0.44859349727630615 0.3518349826335907 train 89.0 0.38096786379814146 0.18705531358718872 0.18915823668241502 1.977811507458682e-06
    89.0    
0.26641127467155457 0.43804624676704407 0.3510388731956482 train 90.0 0.3809132918715477 0.18700748212635518 0.18916779138147832 1.7529548586026067e-06
    90.0    
0.2655126750469208 0.4425419569015503 0.35422617197036743 train 91.0 0.38055927991867067 0.18685804285109042 0.18893369741737842 1.6854592104209587e-06
    91.0    
0.2700006067752838 0.44447794556617737 0.34781593084335327 train 92.0 0.3806131102144718 0.18684824712574483 0.1890118842571974 1.6396656974393409e-06
    92.0    
0.27045097947120667 0.43959513306617737 0.3474310636520386 train 93.0 0.38022646263241766 0.18666822150349616 0.18880161091685296 2.0329221115389373e-06
    93.0    
0.2677653729915619 0.4383886158466339 0.3468787968158722 train 94.0 0.3798202583193779 0.18648891970515252 0.18865076325833796 1.4603533600165974e-06
    94.0    
0.26944172382354736 0.45141664147377014 0.35130733251571655 train 95.0 0.38076499477028847 0.1869918391108513 0.18903098054230213 1.2879220321337925e-06
    95.0    
0.26847782731056213 0.43067607283592224 0.34613335132598877 train 96.0 0.38066564843058587 0.18687342025339604 0.18908511102199554 1.5508205706282752e-06
    96.0    
0.2643405497074127 0.4391227960586548 0.34476494789123535 train 97.0 0.3804468473792076 0.1867612525820732 0.18894926644861698 1.4920107105353964e-06
    97.0    
0.2615954875946045 0.4405706822872162 0.34827691316604614 train 98.0 0.38052534639835356 0.1868341715633869 0.18896809190511704 1.5545225551250041e-06
    98.0    
0.25858256220817566 0.43820226192474365 0.34980475902557373 train 99.0 0.3801524645090103 0.18660611554980278 0.18881015323102474 1.612280016161094e-06
    99.0    
