Corr-Diag Corr-Full Corr-Swap Data Epoch Loss MMD-Full MMD-Swap Mean
0.24023665487766266 1.0825432538986206 0.5800241231918335 train 0.0 0.1957110008597374 0.10038943640887737 0.08719936992973089 2.0108343960600905e-05
    0.0    
0.2837454676628113 0.836715817451477 0.5050832033157349 train 1.0 0.13049815516918897 0.0647004353068769 0.06367191100493073 1.3386003047344275e-05
    1.0    
0.298343300819397 0.7509286403656006 0.47256118059158325 train 2.0 0.12392788778990507 0.061410812865942715 0.06104310469701886 1.02652920759283e-05
    2.0    
0.30851390957832336 0.7227816581726074 0.4538763761520386 train 3.0 0.12151005856692791 0.060291811209172014 0.06000890422612429 8.283069291792344e-06
    3.0    
0.3126887083053589 0.727796733379364 0.4381854236125946 train 4.0 0.12002795115113259 0.05965475775301456 0.0593163694255054 6.834668056399096e-06
    4.0    
0.3162582814693451 0.7601583003997803 0.42771831154823303 train 5.0 0.11932805188000202 0.05936995616182685 0.05899923713877797 5.317835984897101e-06
    5.0    
0.3202010989189148 0.8130017518997192 0.42102569341659546 train 6.0 0.11875730820000172 0.05911928329616785 0.058749137222766874 3.995424322056351e-06
    6.0    
0.32504457235336304 0.891319990158081 0.4174472689628601 train 7.0 0.11824948575347662 0.05889762111008167 0.05851434558629989 3.1134973141888622e-06
    7.0    
0.3259420096874237 0.959945797920227 0.4109480381011963 train 8.0 0.11831292830407619 0.058938438445329665 0.05857009179890156 2.4714547635085182e-06
    8.0    
0.32945674657821655 1.0421913862228394 0.40784522891044617 train 9.0 0.11815038867294789 0.05887067899107933 0.05850475633516908 1.732505438667431e-06
    9.0    
0.330681711435318 1.1185599565505981 0.4075380265712738 train 10.0 0.11807895537465811 0.058867648281157016 0.05846063181757927 1.2555888133647386e-06
    10.0    
0.33218029141426086 1.178110957145691 0.4059559106826782 train 11.0 0.11792165983468295 0.05875656140968204 0.058434271682053805 1.0539259847064386e-06
    11.0    
0.3316580355167389 1.2421796321868896 0.4041292667388916 train 12.0 0.1178001707792282 0.05871968049556017 0.058369165584445 1.0063381523650605e-06
    12.0    
0.33538538217544556 1.2918506860733032 0.4064631164073944 train 13.0 0.11738069348037243 0.05853465454652906 0.05814928149804473 1.1649356110865483e-06
    13.0    
0.33503514528274536 1.3423123359680176 0.40561240911483765 train 14.0 0.11778959415853024 0.05871937660500407 0.058383867871016265 1.2592932989718975e-06
    14.0    
0.33589237928390503 1.3777233362197876 0.4072236716747284 train 15.0 0.11770814940333367 0.058687725011259316 0.05834519242867828 1.0273226962453919e-06
    15.0    
0.3356018662452698 1.4382200241088867 0.4076266884803772 train 16.0 0.11748759243637323 0.0585850278660655 0.05823982471600175 1.2462974154914264e-06
    16.0    
0.3355846703052521 1.461127758026123 0.4087011218070984 train 17.0 0.11779873937368393 0.05874333392828703 0.05840177461504936 1.3207352367317071e-06
    17.0    
0.3358023762702942 1.4931015968322754 0.4104311168193817 train 18.0 0.11731305088847875 0.058493566904217004 0.058178547825664284 1.4750648915651254e-06
    18.0    
0.3345462381839752 1.5184791088104248 0.41495558619499207 train 19.0 0.11721317864954471 0.0584621049836278 0.05811575256288051 1.8710915128394845e-06
    19.0    
0.33660629391670227 1.545320749282837 0.41879594326019287 train 20.0 0.11716174326837063 0.058423785902559755 0.05810959314927459 2.144356130884262e-06
    20.0    
0.3372374475002289 1.5617595911026 0.41729655861854553 train 21.0 0.11699773464351892 0.05831146888434887 0.05806857155635953 2.00242880055157e-06
    21.0    
0.3341980278491974 1.590882420539856 0.4230480492115021 train 22.0 0.1171622346714139 0.05841003146022558 0.05813947079703212 2.7919741114601493e-06
    22.0    
0.33234116435050964 1.6036211252212524 0.4221045970916748 train 23.0 0.11674854297190905 0.05819247094914317 0.057953271120786666 2.783556737995241e-06
    23.0    
0.3309873044490814 1.622704267501831 0.4286460280418396 train 24.0 0.11666585609316826 0.058144961688667535 0.0579248065315187 3.0296916975203203e-06
    24.0    
0.3295888900756836 1.631701111793518 0.4307708740234375 train 25.0 0.11665999855846167 0.05810052642598748 0.05796895967796445 3.189426934113726e-06
    25.0    
0.3266233801841736 1.641034722328186 0.4306303560733795 train 26.0 0.11701124243438243 0.05830104749649763 0.05812174843624234 3.203403366569546e-06
    26.0    
0.3255783021450043 1.6507277488708496 0.4333917200565338 train 27.0 0.11661696922034025 0.058100272342562674 0.05793545257300139 3.2830926102178637e-06
    27.0    
0.32378238439559937 1.6582998037338257 0.43779444694519043 train 28.0 0.11653940360993147 0.05807430623099208 0.05788797384127974 3.0459946174232755e-06
    28.0    
0.3217354118824005 1.6623643636703491 0.43790003657341003 train 29.0 0.11618000760674477 0.05786626921966672 0.05774558037519455 2.907305997723597e-06
    29.0    
0.31638336181640625 1.6660406589508057 0.43448102474212646 train 30.0 0.11635013293474912 0.05793482730165124 0.05784817649051547 2.4531923372705933e-06
    30.0    
0.31696438789367676 1.6652973890304565 0.433054119348526 train 31.0 0.11662046205252409 0.05807459983974695 0.05798087490722537 2.2595859263674356e-06
    31.0    
0.31168535351753235 1.668239951133728 0.4334510862827301 train 32.0 0.11639586612582206 0.05796306079253554 0.05786999950185418 2.0593083718267735e-06
    32.0    
0.31066077947616577 1.6677844524383545 0.4310368299484253 train 33.0 0.11627273317426443 0.05790540209040046 0.05780946841463447 2.631476263559307e-06
    33.0    
0.31314441561698914 1.6592460870742798 0.4276731610298157 train 34.0 0.11585244681686163 0.057682100795209405 0.057615620121359824 2.062893827314838e-06
    34.0    
0.31089600920677185 1.6610798835754395 0.42547741532325745 train 35.0 0.11617267794907093 0.05784403532743454 0.05777470882982016 1.8771861505229026e-06
    35.0    
0.30910786986351013 1.6513731479644775 0.4259794354438782 train 36.0 0.11633023984730244 0.05790903270244598 0.05786756543442607 1.6941411331572453e-06
    36.0    
0.3051309287548065 1.642000675201416 0.4191186726093292 train 37.0 0.11611879363656044 0.057820942755788564 0.05774732124060392 1.4813191455687047e-06
    37.0    
0.30382344126701355 1.6418825387954712 0.41995060443878174 train 38.0 0.1162122841924429 0.05785974834114313 0.05780102349817753 1.7117756669904338e-06
    38.0    
0.30269280076026917 1.6288787126541138 0.4153716266155243 train 39.0 0.11634022831916808 0.05791380871087313 0.05787616366520524 1.7140475847554626e-06
    39.0    
0.30224525928497314 1.627947449684143 0.41745010018348694 train 40.0 0.11604064017534256 0.05776495790109038 0.05772505484521389 1.2838468137488235e-06
    40.0    
0.3009459972381592 1.6113848686218262 0.41712620854377747 train 41.0 0.11598171573132277 0.05773201335221529 0.0576994889229536 1.3937833500676788e-06
    41.0    
0.3010960817337036 1.601159691810608 0.4144361615180969 train 42.0 0.11588076174259186 0.0576903148368001 0.05764217164367438 1.421717797711608e-06
    42.0    
0.29952874779701233 1.587100863456726 0.4137815535068512 train 43.0 0.11628149349242449 0.057889455761760474 0.057840815205127 1.0706247621783405e-06
    43.0    
0.2966383397579193 1.57383394241333 0.40922752022743225 train 44.0 0.11596321012824774 0.05771589122712612 0.057698250897228714 1.470073016207607e-06
    44.0    
0.29970023036003113 1.559482216835022 0.4074341058731079 train 45.0 0.11583216823637485 0.05764124540612101 0.05764212854206562 1.073334601642273e-06
    45.0    
0.29835638403892517 1.5483821630477905 0.40588828921318054 train 46.0 0.11572560027241707 0.05760957384482026 0.05756691036745906 1.0263989906889037e-06
    46.0    
0.2977580726146698 1.532240390777588 0.4063243865966797 train 47.0 0.1160313381254673 0.05772022167220712 0.057759443614631895 1.1150010550409206e-06
    47.0    
0.2972066402435303 1.5173016786575317 0.40382540225982666 train 48.0 0.1159835309162736 0.05771612195298076 0.05771634973585606 1.0055189250124386e-06
    48.0    
0.29658982157707214 1.5024369955062866 0.4019221365451813 train 49.0 0.11590195432305336 0.05766602046787739 0.05768355298787355 1.2813002285838593e-06
    49.0    
