Corr-Diag Corr-Full Corr-Swap Data Epoch Loss MMD-Full MMD-Swap Mean
0.2014416754245758 1.272337794303894 0.6522594690322876 train 0.0 0.40084248706698417 0.1993435125797987 0.18975528091192245 5.151550431037322e-05
    0.0    
0.22646215558052063 1.0661635398864746 0.5950028300285339 train 1.0 0.3664023932814598 0.18059411473572254 0.1810119356215 2.5750641725608148e-05
    1.0    
0.2430223524570465 0.9962494969367981 0.5697701573371887 train 2.0 0.3611089380085468 0.17796463876962662 0.17937261998653412 2.4037648472585715e-05
    2.0    
0.2534092366695404 0.9705254435539246 0.5547220706939697 train 3.0 0.360991829931736 0.17791900113224984 0.17962959893047808 2.1653973817592487e-05
    3.0    
0.24640429019927979 0.9500422477722168 0.5512468218803406 train 4.0 0.3611690002679825 0.17797198139131068 0.17989793606102467 1.8665470634005032e-05
    4.0    
0.247110053896904 0.9671542048454285 0.5466175079345703 train 5.0 0.3597126731276512 0.17719033539295195 0.1793497546762228 1.614998109289445e-05
    5.0    
0.2502211332321167 0.9642012119293213 0.5395082831382751 train 6.0 0.3591707938909531 0.17702650524675845 0.17903768815100193 1.480092487327056e-05
    6.0    
0.24484345316886902 0.9744309186935425 0.5393497943878174 train 7.0 0.35824866652488707 0.17647548526525497 0.1787097316980362 1.614018765394576e-05
    7.0    
0.23873651027679443 0.9883635640144348 0.5462186932563782 train 8.0 0.3593639373779297 0.17700177006423473 0.17929682038724423 1.3632500667881686e-05
    8.0    
0.23049296438694 0.973720371723175 0.5473427772521973 train 9.0 0.35862945303320887 0.17654510222375394 0.17906370133161545 1.3890366062696557e-05
    9.0    
0.23457755148410797 0.9643365144729614 0.5378382205963135 train 10.0 0.3582940399646759 0.17643011271953582 0.17886356137692927 1.2770770808856469e-05
    10.0    
0.2296721190214157 0.9713990092277527 0.5405943393707275 train 11.0 0.35800648033618926 0.17628794625401498 0.1787168949842453 1.1932548659387976e-05
    11.0    
0.22494909167289734 0.9954902529716492 0.5435160398483276 train 12.0 0.35860718429088595 0.1765424717962742 0.17901392914354802 1.1458797416707966e-05
    12.0    
0.2227560430765152 1.0065208673477173 0.5406824350357056 train 13.0 0.35862002030014994 0.1765252335369587 0.1790359143167734 1.1533474207681138e-05
    13.0    
0.21087194979190826 1.0048508644104004 0.5379703044891357 train 14.0 0.3575787961483002 0.17597514286637306 0.17859643161296845 1.0475485396455042e-05
    14.0    
0.21424557268619537 1.0237449407577515 0.5412288308143616 train 15.0 0.35760698959231374 0.17603862576186657 0.17853526681661605 1.0535601177252829e-05
    15.0    
0.21680065989494324 1.0271658897399902 0.5406991243362427 train 16.0 0.3577516125142574 0.17603285029530524 0.17869447857141496 1.0626102266542148e-05
    16.0    
0.21226029098033905 1.0330772399902344 0.5372635722160339 train 17.0 0.35668333753943443 0.17554893240332603 0.17813264586031438 9.54114420892438e-06
    17.0    
0.20975346863269806 1.0552657842636108 0.5413503646850586 train 18.0 0.3569055610895157 0.17567385002970695 0.17818745128810407 9.614655027689878e-06
    18.0    
0.19637300074100494 1.05092191696167 0.5430148839950562 train 19.0 0.3573540173470974 0.17581620387732982 0.1785429322719574 8.82589756656671e-06
    19.0    
0.20107407867908478 1.092450737953186 0.5378077030181885 train 20.0 0.3566495369374752 0.17543246015906333 0.1782025533914566 8.566506039642263e-06
    20.0    
0.19692295789718628 1.0692545175552368 0.5321693420410156 train 21.0 0.3568252269923687 0.1755977216362953 0.17818152531981468 9.209426025336143e-06
    21.0    
0.19825880229473114 1.0937080383300781 0.5385020971298218 train 22.0 0.3558662734925747 0.17512327089905738 0.17773673593997955 7.25716881788685e-06
    22.0    
0.19899611175060272 1.1037795543670654 0.5399897694587708 train 23.0 0.35588452354073524 0.17519343636929988 0.17768141515553 8.52177163324086e-06
    23.0    
0.1959448903799057 1.1259887218475342 0.537861704826355 train 24.0 0.3559091417491436 0.17506295181810855 0.17779872596263885 8.039344720600639e-06
    24.0    
0.19411638379096985 1.1081622838974 0.535743236541748 train 25.0 0.3562461559474468 0.17531699545681476 0.17785522520542144 7.29765906726243e-06
    25.0    
0.18495267629623413 1.1176915168762207 0.5358123183250427 train 26.0 0.3569725024700165 0.17559670872986316 0.17830852791666985 6.4987871155608445e-06
    26.0    
0.1777930110692978 1.1221166849136353 0.5355497002601624 train 27.0 0.3561872215569019 0.17517644919455053 0.17790454901754857 8.643229193694424e-06
    27.0    
0.187372088432312 1.1334125995635986 0.532875657081604 train 28.0 0.35632816433906556 0.17519249267876147 0.1780371154844761 8.34802176541416e-06
    28.0    
0.18410533666610718 1.1444315910339355 0.5352378487586975 train 29.0 0.3555635802447796 0.17481608308851718 0.17766258232295512 5.8631994761526585e-06
    29.0    
0.18222904205322266 1.1603375673294067 0.5371230244636536 train 30.0 0.3565786072611809 0.17538864567875861 0.17807974860072137 6.268350261962041e-06
    30.0    
0.18485243618488312 1.1543546915054321 0.532664954662323 train 31.0 0.3555597634613514 0.17482887491583823 0.17764012061059475 6.344194389384938e-06
    31.0    
0.18431240320205688 1.1591715812683105 0.5383825302124023 train 32.0 0.355150179117918 0.17465306162834168 0.1774596516788006 7.3162409535143524e-06
    32.0    
0.18864409625530243 1.1944588422775269 0.5465985536575317 train 33.0 0.3560217796266079 0.17507913887500762 0.17784273073077203 5.557057647820329e-06
    33.0    
0.17929509282112122 1.2007458209991455 0.5361024737358093 train 34.0 0.3556301325559616 0.17481149688363076 0.1777195269614458 5.762244654761162e-06
    34.0    
0.18174748122692108 1.1838659048080444 0.5335028767585754 train 35.0 0.35598552465438843 0.17502145908772945 0.17782322727143765 4.69502947453293e-06
    35.0    
0.175798237323761 1.1753567457199097 0.5303966403007507 train 36.0 0.35577958181500435 0.17485220275819302 0.17776839554309845 5.094505468150601e-06
    36.0    
0.17918837070465088 1.1897279024124146 0.5345864295959473 train 37.0 0.355932956635952 0.17504616685211657 0.17773503363132476 6.587898042198503e-06
    37.0    
0.17077529430389404 1.225445032119751 0.5372710824012756 train 38.0 0.3558442090451717 0.17494509771466255 0.1777713717520237 4.953073130309349e-06
    38.0    
0.179611474275589 1.2078038454055786 0.5296440124511719 train 39.0 0.35561938062310217 0.17482519708573818 0.177646746262908 5.9216890804236755e-06
    39.0    
0.18135982751846313 1.2419108152389526 0.5304248929023743 train 40.0 0.3557848750054836 0.17475807338953017 0.1778787486255169 5.558369139180286e-06
    40.0    
0.17682822048664093 1.2341294288635254 0.5360776782035828 train 41.0 0.35535088524222375 0.17461952082812787 0.1775722772628069 6.829147878306685e-06
    41.0    
0.17613911628723145 1.229772925376892 0.5319733023643494 train 42.0 0.3550170721113682 0.17448766715824604 0.17736356697976588 5.736213097407017e-06
    42.0    
0.1724054366350174 1.2360197305679321 0.5382397174835205 train 43.0 0.3556061862409115 0.17483478039503098 0.1776109730452299 6.6814859565056395e-06
    43.0    
0.17852075397968292 1.2584991455078125 0.5286157131195068 train 44.0 0.3552867366373539 0.17463342063128948 0.1775254414230585 5.475939815369202e-06
    44.0    
0.17706258594989777 1.2688276767730713 0.5359465479850769 train 45.0 0.35595425993204116 0.17493721954524516 0.17787429481744765 5.5077712204365525e-06
    45.0    
0.1678934097290039 1.2134031057357788 0.5284131169319153 train 46.0 0.3558481614291668 0.17484670646488668 0.17780905686318874 5.230409442447126e-06
    46.0    
0.17415587604045868 1.2336397171020508 0.5350885391235352 train 47.0 0.3548212952911854 0.17435476213693618 0.1773091473430395 5.2128475545032416e-06
    47.0    
0.16222013533115387 1.1932321786880493 0.5309154391288757 train 48.0 0.3555634421110153 0.17477143704891204 0.1775973032414913 5.46323735761689e-06
    48.0    
0.17212873697280884 1.2255946397781372 0.5288352370262146 train 49.0 0.3557900695502758 0.17476271122694015 0.17778691172599792 4.435033588379156e-06
    49.0    
