Corr-Diag Corr-Full Corr-Swap Data Epoch Loss MMD-Full MMD-Swap Mean
0.6029701232910156 0.44339320063591003 0.23846128582954407 train 0.0 0.8668789580464363 0.19411387197673322 0.19268213890492916 6.784963716199854e-06
    0.0    
0.5955378413200378 0.3532423675060272 0.21318067610263824 train 1.0 0.6687570974230767 0.19165108658373356 0.19199230954051016 3.7588160921586677e-06
    1.0    
0.5852607488632202 0.31987637281417847 0.21091251075267792 train 2.0 0.656411825120449 0.19125632323324682 0.19172124952077865 3.603239747462794e-06
    2.0    
0.5795186758041382 0.2953967750072479 0.20408374071121216 train 3.0 0.6459594738483428 0.19162742875516414 0.19219939850270748 3.118448603345314e-06
    3.0    
0.5770266056060791 0.27988624572753906 0.19710175693035126 train 4.0 0.6423534938693046 0.1915573236346245 0.19218967139720916 8.31850957183633e-06
    4.0    
0.5717107057571411 0.26484522223472595 0.1927519291639328 train 5.0 0.6328551033139229 0.19134320996701717 0.19205554865300656 2.8393453703756677e-06
    5.0    
0.5718734264373779 0.25475001335144043 0.19064661860466003 train 6.0 0.6293984469771385 0.19147937469184398 0.19221652403473855 2.6890022581937956e-06
    6.0    
0.5703897476196289 0.24140161275863647 0.18296469748020172 train 7.0 0.6243778556585312 0.19143244601786136 0.19213062316179275 3.278737949585775e-06
    7.0    
0.567258894443512 0.22918716073036194 0.17847704887390137 train 8.0 0.623471872806549 0.1912980033457279 0.19204213716089724 3.894019300787477e-06
    8.0    
0.5633582472801208 0.21945905685424805 0.16968803107738495 train 9.0 0.6160926571488381 0.1913554048538208 0.19211840137839317 2.390896270298981e-06
    9.0    
0.5589410662651062 0.21304377913475037 0.16627416014671326 train 10.0 0.6114613595604896 0.19123748041689395 0.1919585642963648 3.036431280634133e-06
    10.0    
0.5561655759811401 0.20014815032482147 0.15443305671215057 train 11.0 0.61341184258461 0.19167739361524583 0.1924603760242462 2.3718050670140656e-06
    11.0    
0.5517272353172302 0.18779191374778748 0.14360785484313965 train 12.0 0.6024292096495628 0.19153789296746254 0.19238397024571896 2.532790404075058e-06
    12.0    
0.5469130277633667 0.17738595604896545 0.13379240036010742 train 13.0 0.5990093645453453 0.19148053273558616 0.1923614177107811 2.8742686026816955e-06
    13.0    
0.5430744290351868 0.16035179793834686 0.12134493887424469 train 14.0 0.5934404471516609 0.19145188793540002 0.1923841305822134 6.397398919943953e-06
    14.0    
0.5398575067520142 0.1481366902589798 0.11034395545721054 train 15.0 0.5955864718556404 0.1913033692538738 0.19211931027472018 3.714446165759e-06
    15.0    
0.5372793078422546 0.14461947977542877 0.10466858744621277 train 16.0 0.5890001183748246 0.19134055860340596 0.1923470526188612 2.200986273237504e-06
    16.0    
0.5352689623832703 0.13643495738506317 0.09692104160785675 train 17.0 0.5872686189413071 0.1918632111698389 0.1927899804711342 1.7719945617500343e-06
    17.0    
0.5339725017547607 0.1298363208770752 0.09128371626138687 train 18.0 0.5854637461900711 0.19155748911201953 0.19252594113349913 2.7109267648484092e-06
    18.0    
0.5346494913101196 0.12861037254333496 0.08830803632736206 train 19.0 0.5852759391069412 0.19186387188732623 0.19284115873277188 2.6240659281029366e-06
    19.0    
0.533069372177124 0.12397100031375885 0.08546186983585358 train 20.0 0.5798963925242424 0.1912915525585413 0.19230880036950113 2.9861907933081966e-06
    20.0    
0.5331974625587463 0.12405426800251007 0.08339674770832062 train 21.0 0.5835224041342735 0.19145203217864037 0.19234200239181518 2.419547172394232e-06
    21.0    
0.5323832631111145 0.12067890167236328 0.08091722428798676 train 22.0 0.580749953687191 0.1912622992694378 0.19221308693289757 2.9955856462038355e-06
    22.0    
0.533233106136322 0.11850333213806152 0.07890015840530396 train 23.0 0.5814080622792244 0.19177489936351777 0.19275161631405355 2.8170579753350466e-06
    23.0    
0.5323077440261841 0.11766226589679718 0.07709423452615738 train 24.0 0.5815103700757027 0.19157432056963444 0.19253263622522354 2.536786496420973e-06
    24.0    
0.5308847427368164 0.11343533545732498 0.07474438846111298 train 25.0 0.5822830015420913 0.19169852554798125 0.19265179343521596 2.922324256360298e-06
    25.0    
0.531707227230072 0.1140369176864624 0.07479030638933182 train 26.0 0.5827493664622306 0.19176633335649967 0.19277274779975415 3.516912556733587e-06
    26.0    
0.5302163362503052 0.11194638162851334 0.07235222309827805 train 27.0 0.5812624317407608 0.19159661933779717 0.19260003462433814 2.31456533583696e-06
    27.0    
0.5318272709846497 0.11190580576658249 0.07236077636480331 train 28.0 0.578685222864151 0.1913519975543022 0.19237917006015778 2.7483438316266984e-06
    28.0    
0.5309572815895081 0.11127416789531708 0.0725376158952713 train 29.0 0.5791915380954742 0.19167616181075572 0.19266185946762562 2.744646053542965e-06
    29.0    
0.5311639904975891 0.11071609705686569 0.07118897140026093 train 30.0 0.5799484813213348 0.19143447376787662 0.1924287860840559 2.3337288439506665e-06
    30.0    
0.5306437611579895 0.10960075259208679 0.0697813332080841 train 31.0 0.5799154126644135 0.1915586334466934 0.19252217002213 2.3609718482475728e-06
    31.0    
0.5309277772903442 0.1090092733502388 0.07034197449684143 train 32.0 0.5751992607116699 0.19167770244181156 0.19268299490213395 2.518676865292946e-06
    32.0    
0.5297765135765076 0.10695663094520569 0.06784424185752869 train 33.0 0.5750841733813286 0.1915562564879656 0.1925945708155632 3.4503400456742384e-06
    33.0    
0.5294241309165955 0.10828939825296402 0.0677916407585144 train 34.0 0.5753681898117066 0.19103637658059597 0.19203747533261775 2.311395974174957e-06
    34.0    
0.5305830240249634 0.10662688314914703 0.06693432480096817 train 35.0 0.5758296766877175 0.1917003020644188 0.19273242071270943 2.099543053191155e-06
    35.0    
0.5288401246070862 0.10549423843622208 0.06592848896980286 train 36.0 0.5775610855221749 0.19178499557077885 0.19273444555699826 3.5144689718435984e-06
    36.0    
0.530341625213623 0.10713479667901993 0.06673310697078705 train 37.0 0.5741605600714683 0.19117894627153872 0.19219004690647126 2.258591848658398e-06
    37.0    
0.52970290184021 0.10726361721754074 0.06675613671541214 train 38.0 0.5756916710734368 0.19137416586279868 0.1923617058992386 2.8270237635297235e-06
    38.0    
0.5305278897285461 0.10587986558675766 0.06599710881710052 train 39.0 0.5765327516198159 0.1913544100522995 0.19233718819916248 2.342525249332539e-06
    39.0    
0.5292140245437622 0.1054759994149208 0.06531348079442978 train 40.0 0.5734091538190842 0.19127213560044765 0.1922494614869356 2.202525138272904e-06
    40.0    
0.5296295285224915 0.1054278090596199 0.06535914540290833 train 41.0 0.5767041566967964 0.19170561425387858 0.19263148590922355 2.053267735391273e-06
    41.0    
0.5288622379302979 0.1046336442232132 0.0641908273100853 train 42.0 0.5735241407155991 0.19150033481419088 0.1925083573907614 2.041831976384856e-06
    42.0    
0.5290513038635254 0.10370674729347229 0.06488821655511856 train 43.0 0.5777379179000854 0.19142156682908534 0.19246065005660057 1.881208959275682e-06
    43.0    
0.5283262133598328 0.1038162037730217 0.06359310448169708 train 44.0 0.5768467700481414 0.19137148953974248 0.19233026437461376 3.011053649970563e-06
    44.0    
0.5291023254394531 0.10469063371419907 0.06354726850986481 train 45.0 0.573364308476448 0.19145228378474713 0.19244600482285024 2.1188363916735398e-06
    45.0    
0.52940833568573 0.10469025373458862 0.06431756168603897 train 46.0 0.5707263985276222 0.1910592492669821 0.19207841157913208 2.63488914242771e-06
    46.0    
0.5296517014503479 0.10293006151914597 0.06301075220108032 train 47.0 0.5738779306411743 0.19101780995726586 0.19203306742012502 2.882772150769597e-06
    47.0    
0.5283028483390808 0.10309075564146042 0.06258705258369446 train 48.0 0.572285407781601 0.1917986437678337 0.19274077832698822 2.026693664447521e-06
    48.0    
0.5289173722267151 0.10330255329608917 0.06309373676776886 train 49.0 0.5760028952360153 0.19150507554411889 0.19248417913913726 2.9863267627661116e-06
    49.0    
0.5286664962768555 0.10231083631515503 0.062242671847343445 train 50.0 0.5732590967416763 0.1915990513563156 0.1925989357382059 2.113787104462972e-06
    50.0    
0.529447078704834 0.10374706238508224 0.06252097338438034 train 51.0 0.5695237308740616 0.19106498032808303 0.19208451814949512 1.9135175080009503e-06
    51.0    
0.5289989113807678 0.10334832966327667 0.06212329864501953 train 52.0 0.5759345823526383 0.19168402962386608 0.1926445385068655 1.7401614513801178e-06
    52.0    
0.5285111665725708 0.10377305001020432 0.06275685131549835 train 53.0 0.5735114648938179 0.19167179942131043 0.1926417052000761 2.184009417760535e-06
    53.0    
0.5288668870925903 0.10252270847558975 0.06205860897898674 train 54.0 0.5692435637116432 0.19122003227472306 0.19223351240158082 1.7662456457401277e-06
    54.0    
0.5285394191741943 0.10123682022094727 0.0609724223613739 train 55.0 0.5707764565944672 0.1912279302626848 0.19221993759274483 1.7808005168262753e-06
    55.0    
0.5283142924308777 0.10181578248739243 0.06122026592493057 train 56.0 0.5699907457828521 0.1914249524474144 0.19250895522534847 2.1301477772794897e-06
    56.0    
0.5277497172355652 0.10192913562059402 0.06009357422590256 train 57.0 0.5686003583669662 0.1914346197247505 0.19249980971217157 2.7329940621712012e-06
    57.0    
0.528173565864563 0.10197293758392334 0.06020323187112808 train 58.0 0.5716155865788459 0.19150431513786315 0.19250725463032722 3.1567240057484014e-06
    58.0    
0.5279039740562439 0.10186076164245605 0.06011952459812164 train 59.0 0.5741735535860062 0.1916117139160633 0.1925879442691803 2.5163712962239515e-06
    59.0    
0.5286411046981812 0.10297860950231552 0.06057456508278847 train 60.0 0.569954423904419 0.19156810246407985 0.19257195726037024 2.0048016722284956e-06
    60.0    
0.5277878642082214 0.1010681688785553 0.05914384499192238 train 61.0 0.5687089335918426 0.19125290311872958 0.19223145268857478 1.6419908206444234e-06
    61.0    
0.5280219912528992 0.10033219307661057 0.0590122751891613 train 62.0 0.5729402694106102 0.1916391769051552 0.1926100341975689 2.397368689344148e-06
    62.0    
0.5268970727920532 0.09979366511106491 0.059178195893764496 train 63.0 0.5718847346305848 0.191366398409009 0.19235252484679222 2.5006286250572884e-06
    63.0    
0.5276010632514954 0.10084465891122818 0.059099774807691574 train 64.0 0.5710077774524689 0.19137468107044697 0.19238427706062794 2.0863712961727288e-06
    64.0    
0.5277217030525208 0.09921738505363464 0.058769591152668 train 65.0 0.5687990853190422 0.1912152185291052 0.19221368066966535 1.9845329006784596e-06
    65.0    
0.5277428030967712 0.09954044967889786 0.058720409870147705 train 66.0 0.57006561845541 0.19160628601908683 0.1926257037371397 2.517035454729921e-06
    66.0    
0.5268520712852478 0.09917021542787552 0.057623278349637985 train 67.0 0.5697046366333961 0.1916694962978363 0.1926404641568661 1.9570611584640574e-06
    67.0    
0.5271536707878113 0.09885384887456894 0.058013107627630234 train 68.0 0.5699159574508667 0.19150323033332825 0.19243402853608133 2.4783378194115357e-06
    68.0    
0.5271856188774109 0.09941846132278442 0.05776248872280121 train 69.0 0.5676357573270798 0.191604188606143 0.19266089089214802 2.479958538970095e-06
    69.0    
0.5268846750259399 0.09970135241746902 0.057835567742586136 train 70.0 0.5700354927778244 0.19135220520198346 0.19231338918209076 2.0606037196557736e-06
    70.0    
0.5276157855987549 0.09978290647268295 0.05781107023358345 train 71.0 0.5674473503232003 0.19130565531551838 0.19230334915220737 1.8420282685838174e-06
    71.0    
0.5270295739173889 0.09816305339336395 0.05705919489264488 train 72.0 0.5683576408028602 0.19177605353295804 0.1927918342500925 2.4255355128843803e-06
    72.0    
0.5263037085533142 0.09945856034755707 0.058086760342121124 train 73.0 0.5683845841884613 0.1914188274741173 0.19241565965116025 2.5000761070259614e-06
    73.0    
0.5272839665412903 0.0974288210272789 0.05672978609800339 train 74.0 0.5692678561806679 0.1916671783477068 0.19270369611680507 2.4617625058453996e-06
    74.0    
0.5270519852638245 0.09755275398492813 0.057081758975982666 train 75.0 0.570978993177414 0.1915577594190836 0.19250956818461418 2.702110350583098e-06
    75.0    
0.52714604139328 0.09808193892240524 0.05748376250267029 train 76.0 0.5684798946976661 0.19139819107949735 0.1924236284941435 2.996468310811906e-06
    76.0    
0.5263321995735168 0.09681043028831482 0.055914267897605896 train 77.0 0.5713798967003823 0.19162528872489928 0.19259008519351484 2.4522007606719853e-06
    77.0    
0.5271672606468201 0.09816539287567139 0.05631738901138306 train 78.0 0.5645707619190216 0.19132279120385648 0.1923948784172535 3.1926197152643e-06
    78.0    
0.5267058610916138 0.09850095957517624 0.05660051107406616 train 79.0 0.5668369075655937 0.19145910769701005 0.19248345874249936 3.4501160826039268e-06
    79.0    
0.5262805223464966 0.09763931483030319 0.05576890707015991 train 80.0 0.5680621576309204 0.19175580352544785 0.19272771283984183 1.8788457509799628e-06
    80.0    
0.5265236496925354 0.09821391105651855 0.05573394149541855 train 81.0 0.5698834583163261 0.19134470202028753 0.1923333414644003 2.4654286789882462e-06
    81.0    
0.5266515612602234 0.09771503508090973 0.055388327687978745 train 82.0 0.5666468772292137 0.19172654062509537 0.19273005858063696 2.852225179594825e-06
    82.0    
0.52659672498703 0.09670134633779526 0.05542871728539467 train 83.0 0.5642236921191216 0.19165054358541966 0.19271700963377952 1.956117102963617e-06
    83.0    
0.5258369445800781 0.0965539962053299 0.05567138269543648 train 84.0 0.5708067825436592 0.19152805767953396 0.19247190907597542 3.2909690617088927e-06
    84.0    
0.5259026288986206 0.09630478918552399 0.05531461536884308 train 85.0 0.5672025251388549 0.19147574797272682 0.1925186064094305 2.875918198697036e-06
    85.0    
0.5259122252464294 0.0957590863108635 0.054340582340955734 train 86.0 0.5646578499674797 0.1915399993211031 0.19257104843854905 2.519598183425842e-06
    86.0    
0.5254077911376953 0.09572023153305054 0.053986694663763046 train 87.0 0.5655461159348488 0.19168382719159127 0.1927320246398449 2.3661102659389144e-06
    87.0    
0.5260489583015442 0.09708384424448013 0.05447498336434364 train 88.0 0.5639766484498978 0.19111029796302317 0.19217544354498386 2.3567204152641352e-06
    88.0    
0.5254504084587097 0.09668859839439392 0.05398085340857506 train 89.0 0.5634730586409569 0.19152444727718831 0.1925631445646286 2.470628260198282e-06
    89.0    
0.5255150198936462 0.0957658514380455 0.05404914915561676 train 90.0 0.5662307938933373 0.19164540320634843 0.19265109270811082 2.0184183995297644e-06
    90.0    
0.5251374244689941 0.0944279283285141 0.053724851459264755 train 91.0 0.5634424868226051 0.19135219156742095 0.19236311577260495 2.542465836086194e-06
    91.0    
0.5253225564956665 0.09305638074874878 0.05303037166595459 train 92.0 0.5658422821760177 0.19145007811486722 0.19242276974022388 2.460366431478178e-06
    92.0    
0.5259291529655457 0.09653296321630478 0.05358219891786575 train 93.0 0.5673676666617393 0.1912790735065937 0.19222989156842232 2.8424581159924855e-06
    93.0    
0.5258764624595642 0.09457127004861832 0.052612774074077606 train 94.0 0.5648709157109261 0.19134818010032176 0.19234265096485614 2.899555738622439e-06
    94.0    
0.5252417922019958 0.09435692429542542 0.05266305059194565 train 95.0 0.5665034055709839 0.19147780880331994 0.1924698617309332 2.02186856768094e-06
    95.0    
0.5256698131561279 0.09491035342216492 0.05277741327881813 train 96.0 0.5604670298099518 0.19130167081952096 0.19234908677637577 2.504135181879974e-06
    96.0    
0.5250691175460815 0.09363079071044922 0.05193194001913071 train 97.0 0.5626581197977066 0.1912942960113287 0.19234876275062562 2.992362169607077e-06
    97.0    
0.5249729752540588 0.09501991420984268 0.05243825539946556 train 98.0 0.5634563076496124 0.19198542289435863 0.19297241263091564 3.4143583889090223e-06
    98.0    
0.5247660279273987 0.09308093041181564 0.05127400532364845 train 99.0 0.5666675183176995 0.19177094608545303 0.19271961271762847 2.747066218944383e-06
    99.0    
