Corr-Diag Corr-Full Corr-Swap Data Epoch Loss MMD-Full MMD-Swap Mean
0.22433729469776154 1.0178256034851074 0.5635668039321899 train 0.0 0.1880373578518629 0.09975124344229698 0.08697422116994857 2.299854895682074e-05
    0.0    
0.26527905464172363 0.8370404839515686 0.5112326145172119 train 1.0 0.12862997632473708 0.06423397749662399 0.06367683051154018 1.3275894161779433e-05
    1.0    
0.2758142948150635 0.761432409286499 0.4842052161693573 train 2.0 0.1230575517192483 0.06128593334928155 0.061166050024330613 1.1140756214444991e-05
    2.0    
0.2854487895965576 0.7290399670600891 0.4648049473762512 train 3.0 0.12059433255344629 0.06006374606862664 0.060009436421096324 9.468200914852787e-06
    3.0    
0.2887362837791443 0.7223616242408752 0.4500077962875366 train 4.0 0.1194029639661312 0.05950792171061039 0.059437510520219804 7.768993782519829e-06
    4.0    
0.2892581820487976 0.7319772243499756 0.43671825528144836 train 5.0 0.11890087239444255 0.059316982217133045 0.05918458940461278 6.357557140290737e-06
    5.0    
0.29225248098373413 0.7582685947418213 0.429595410823822 train 6.0 0.11867185689508915 0.059250159971416 0.05907060904428363 5.55472888663644e-06
    6.0    
0.295382022857666 0.8057684898376465 0.42333364486694336 train 7.0 0.1180359772220254 0.05895991161465645 0.058759409841150044 4.182499196758727e-06
    7.0    
0.29557445645332336 0.861115038394928 0.4180591106414795 train 8.0 0.11781302697956562 0.05887057656422257 0.0586525984108448 3.3998628623521654e-06
    8.0    
0.30000168085098267 0.9211036562919617 0.4118739068508148 train 9.0 0.11769700918346643 0.05880693646147847 0.05862221555784344 2.6480806809559e-06
    9.0    
0.29827165603637695 0.9858810305595398 0.4099752902984619 train 10.0 0.11763339433819056 0.05878800317645073 0.05859971761703491 2.0497923287621234e-06
    10.0    
0.30032023787498474 1.0577532052993774 0.40628767013549805 train 11.0 0.11768947586417199 0.05882037023082375 0.058645243477076295 1.4565569017577218e-06
    11.0    
0.3015948235988617 1.1145366430282593 0.40480437874794006 train 12.0 0.11723146837204695 0.058599743042141196 0.05842101218178868 1.2161742688476807e-06
    12.0    
0.3021312952041626 1.1794912815093994 0.40340951085090637 train 13.0 0.11735927268862724 0.0586941902525723 0.05846774062141776 1.1358254141669022e-06
    13.0    
0.3037876784801483 1.2346876859664917 0.4026850759983063 train 14.0 0.11700999896973371 0.05851875996217132 0.05830741157755256 9.417782393938978e-07
    14.0    
0.30265694856643677 1.2899776697158813 0.40341413021087646 train 15.0 0.1170921179279685 0.05855867303907871 0.05836033070459962 9.717074362924905e-07
    15.0    
0.30336910486221313 1.3381280899047852 0.400394082069397 train 16.0 0.11689316406846047 0.058449028227478265 0.05828184651210904 9.546820365358144e-07
    16.0    
0.3039669990539551 1.38493812084198 0.4029799699783325 train 17.0 0.11687978450208902 0.05843980709090829 0.05828569134697318 8.246444167525624e-07
    17.0    
0.30184629559516907 1.4239083528518677 0.4028925597667694 train 18.0 0.11676969055086374 0.058397650215774775 0.05822517741471529 1.0257889471176895e-06
    18.0    
0.30186134576797485 1.4666378498077393 0.4048515558242798 train 19.0 0.11667457558214664 0.05835429508239031 0.0581805307418108 1.1871519518535933e-06
    19.0    
0.3025262951850891 1.5050468444824219 0.4042612910270691 train 20.0 0.11637578431516886 0.05818908654153347 0.058054124489426616 1.3631785122925066e-06
    20.0    
0.2981341779232025 1.5198373794555664 0.4045250415802002 train 21.0 0.1168812045454979 0.058432913273572924 0.058323067370802166 1.684593712525384e-06
    21.0    
0.2967669665813446 1.5532327890396118 0.4042324125766754 train 22.0 0.11635825801640749 0.058173615522682666 0.05806600010022521 2.0495558601396624e-06
    22.0    
0.29595398902893066 1.5838758945465088 0.4066897928714752 train 23.0 0.11625986509025096 0.05811997970566154 0.05802555738016963 2.0853365185757866e-06
    23.0    
0.29357561469078064 1.6040180921554565 0.41202640533447266 train 24.0 0.1165792353451252 0.05828505646437407 0.05818557776510715 2.7835308173962403e-06
    24.0    
0.29038283228874207 1.603302001953125 0.4073256850242615 train 25.0 0.11613916978240013 0.05806318743154407 0.05797111308202148 2.564510623415117e-06
    25.0    
0.28846779465675354 1.6258368492126465 0.40715491771698 train 26.0 0.11606007646769285 0.058024494014680385 0.05793462423607707 2.9851646559109213e-06
    26.0    
0.2867586314678192 1.6339774131774902 0.41088730096817017 train 27.0 0.1162987719848752 0.05811657132580876 0.058084291834384204 2.9568082027253695e-06
    27.0    
0.2867465615272522 1.646538257598877 0.4147021174430847 train 28.0 0.11583971090614796 0.057885106187313795 0.05786024825647473 3.1821182346902788e-06
    28.0    
0.28225579857826233 1.6428438425064087 0.41382303833961487 train 29.0 0.11604713458567857 0.05799093995243311 0.057964818943291904 2.8995405045861844e-06
    29.0    
0.28049033880233765 1.647217035293579 0.4116748571395874 train 30.0 0.11585403148084879 0.05788066925480962 0.05788590522482991 2.916169933087076e-06
    30.0    
0.2785573899745941 1.6498364210128784 0.416958212852478 train 31.0 0.11572903700172901 0.05781056782230735 0.057833646833896635 2.3631528165424243e-06
    31.0    
0.27511072158813477 1.644615650177002 0.4133601486682892 train 32.0 0.11562761165201664 0.05775031015276909 0.057794162258505824 2.0890745418000733e-06
    32.0    
0.27409887313842773 1.6436285972595215 0.4125421643257141 train 33.0 0.11566096480935811 0.05779477806761861 0.057785325627774 2.2442095541919116e-06
    33.0    
0.27096742391586304 1.6403393745422363 0.40839529037475586 train 34.0 0.11596748162060976 0.05792839569970965 0.057959559205919504 2.0368497644085437e-06
    34.0    
0.27082183957099915 1.6365387439727783 0.4033699929714203 train 35.0 0.11572899729013443 0.05778681257739663 0.0578645714558661 2.062644171019201e-06
    35.0    
0.27008724212646484 1.6318775415420532 0.4064527153968811 train 36.0 0.11536842949688435 0.057626893874257804 0.05766518011689186 1.582574327585462e-06
    36.0    
0.2697748839855194 1.624955654144287 0.4109479784965515 train 37.0 0.11533652611076832 0.057594199758023025 0.057667401656508445 2.1400887817435432e-06
    37.0    
0.26715511083602905 1.621233344078064 0.40964990854263306 train 38.0 0.11575214847922326 0.057800722420215604 0.05787707572802901 1.7372633465129184e-06
    38.0    
0.2657557427883148 1.6086729764938354 0.4048726558685303 train 39.0 0.11561442486941814 0.05772963590919972 0.05781164357438683 1.1245585938013392e-06
    39.0    
0.26350122690200806 1.6008334159851074 0.4051474630832672 train 40.0 0.1153648303821683 0.05760755497962236 0.05768467627465725 1.4745197631782503e-06
    40.0    
0.2643645703792572 1.591420292854309 0.40699535608291626 train 41.0 0.11538936357945204 0.057610058467835186 0.057706947196275 1.7875696585178957e-06
    41.0    
0.26606184244155884 1.5794745683670044 0.4022938311100006 train 42.0 0.11528041914105415 0.057567435186356306 0.05764194581657648 1.5708149021520512e-06
    42.0    
0.2624385356903076 1.5643953084945679 0.4008219540119171 train 43.0 0.11573824889957905 0.05776765046641231 0.057900176532566544 1.2713376236206386e-06
    43.0    
0.262752503156662 1.547584056854248 0.39803624153137207 train 44.0 0.11532338805496693 0.05757883071899414 0.05767360342666507 1.398905624228064e-06
    44.0    
0.2627847492694855 1.5344252586364746 0.39756661653518677 train 45.0 0.11501422487199306 0.057419549338519574 0.0575243934802711 1.1420801229178323e-06
    45.0    
0.26195865869522095 1.5194642543792725 0.3977147936820984 train 46.0 0.11529509399086237 0.05753658952191472 0.05768893830478192 1.1599630624914425e-06
    46.0    
0.261784166097641 1.5043085813522339 0.39079782366752625 train 47.0 0.11521171819418669 0.05750412203371525 0.05763725293800235 1.4838849438092439e-06
    47.0    
0.26142728328704834 1.487936019897461 0.3889242112636566 train 48.0 0.11520437404513359 0.057483263220638035 0.05765069032087922 7.939517558952502e-07
    48.0    
0.25870537757873535 1.4758760929107666 0.38889384269714355 train 49.0 0.1155741561204195 0.05769607292488217 0.05780722115188837 1.2174144785603858e-06
    49.0    
