Corr-Diag Corr-Full Corr-Swap Data Epoch Loss MMD-Full MMD-Swap Mean
0.20665958523750305 1.115297555923462 0.6437698006629944 train 0.0 0.4200207844376564 0.20577517837285997 0.1976626639813185 1.8200629710918292e-05
    0.0    
0.3421933948993683 1.4613032341003418 0.6085533499717712 train 1.0 0.40491013541817666 0.19910956494510174 0.19407090440392494 1.2301608876441605e-05
    1.0    
0.3876534402370453 1.224257230758667 0.5315405130386353 train 2.0 0.3943513895571232 0.19411434091627597 0.19153331615030766 1.1825302863144316e-05
    2.0    
0.39930054545402527 1.0518684387207031 0.48119568824768066 train 3.0 0.3908701851963997 0.19249237857759 0.19120681673288345 8.376566256629303e-06
    3.0    
0.40329208970069885 0.9519762992858887 0.4449264407157898 train 4.0 0.38923503816127775 0.19171066135168074 0.19116645105183125 7.798875230946578e-06
    4.0    
0.4039720892906189 0.870887279510498 0.4176442325115204 train 5.0 0.3876956544816494 0.19098988369107248 0.19089170798659325 5.35726894668187e-06
    5.0    
0.40711718797683716 0.8373932242393494 0.4096294045448303 train 6.0 0.38719342932105066 0.19073956839740278 0.19096484385430812 4.612895736499922e-06
    6.0    
0.4053778052330017 0.8064190149307251 0.40863415598869324 train 7.0 0.38608738526701925 0.19021634079515934 0.19057556927204133 4.1495836740068626e-06
    7.0    
0.4006991684436798 0.7661755681037903 0.4007149934768677 train 8.0 0.38525900304317473 0.18978645838797092 0.19033060245215894 3.966461918025743e-06
    8.0    
0.3889312446117401 0.7406493425369263 0.3974904417991638 train 9.0 0.38540984600782396 0.18982597917318345 0.19052770733833313 3.55207703250926e-06
    9.0    
0.386343777179718 0.7131174802780151 0.38928505778312683 train 10.0 0.3847983007133007 0.189466158002615 0.19033242732286454 3.1793078960618004e-06
    10.0    
0.384522944688797 0.6973564028739929 0.3929535150527954 train 11.0 0.38488671749830244 0.18951710037887096 0.19048319190740584 3.0071130368014565e-06
    11.0    
0.3888871669769287 0.6856075525283813 0.3823246955871582 train 12.0 0.3847716964781284 0.1894815745204687 0.1904153862595558 2.2132289814180695e-06
    12.0    
0.3792780637741089 0.6696416139602661 0.3891158401966095 train 13.0 0.3842009493708611 0.18915460400283338 0.19025235466659068 2.4608725652797148e-06
    13.0    
0.3767299950122833 0.6566731333732605 0.3849011957645416 train 14.0 0.3843668757379055 0.1892146723717451 0.19037543453276157 1.9600149698817404e-06
    14.0    
0.3688913881778717 0.6525116562843323 0.38486409187316895 train 15.0 0.38446610659360886 0.189195853844285 0.19052111372351646 1.7538054635224398e-06
    15.0    
0.3587753176689148 0.6327479481697083 0.3741386830806732 train 16.0 0.3844996447861195 0.1892294415086508 0.19055587790906428 1.530942654426326e-06
    16.0    
0.35843753814697266 0.6084543466567993 0.3719102740287781 train 17.0 0.384025888890028 0.18892909437417985 0.19042681850492954 2.080586000374751e-06
    17.0    
0.35925957560539246 0.615087628364563 0.3712059557437897 train 18.0 0.38403251007199285 0.18897604942321777 0.19040456354618074 1.6463501424368587e-06
    18.0    
0.35740602016448975 0.5972602963447571 0.3666924834251404 train 19.0 0.38377737894654274 0.18884506784379482 0.19034414753317833 1.8892468460762757e-06
    19.0    
0.3541416823863983 0.5888369679450989 0.3694491386413574 train 20.0 0.3837630540132523 0.18881298929452897 0.19037944458425046 1.3766886013399926e-06
    20.0    
0.3491743803024292 0.5798788666725159 0.37018057703971863 train 21.0 0.3836710977554321 0.1887442845851183 0.19038480781018735 1.6025654758777819e-06
    21.0    
0.34885451197624207 0.5714999437332153 0.3667105734348297 train 22.0 0.3832414600253105 0.1885313020646572 0.1901218843460083 1.8638394294612226e-06
    22.0    
0.33705538511276245 0.5590950846672058 0.37155747413635254 train 23.0 0.3840413463115692 0.18890954479575156 0.19056683987379075 1.9024629409614136e-06
    23.0    
0.33206045627593994 0.5450476408004761 0.36794009804725647 train 24.0 0.3838513205945492 0.18879473589360715 0.1904949128627777 1.7295176348852692e-06
    24.0    
0.33796435594558716 0.555815577507019 0.36438295245170593 train 25.0 0.383646447211504 0.18866230860352518 0.1904052048921585 1.2479101769713452e-06
    25.0    
0.3315601050853729 0.5409563779830933 0.3659583330154419 train 26.0 0.383065055757761 0.18842272996902465 0.190101223513484 1.743236907714163e-06
    26.0    
0.3279899060726166 0.5305125713348389 0.36496928334236145 train 27.0 0.3829268664121628 0.18834332332015039 0.19006409540772437 1.60530646553525e-06
    27.0    
0.3256989121437073 0.5302742719650269 0.36736342310905457 train 28.0 0.38311439886689186 0.18844511307775974 0.19014330118894576 1.4263029015637585e-06
    28.0    
0.3256954550743103 0.5321335792541504 0.36893534660339355 train 29.0 0.3841382855176926 0.18889201372861864 0.19070439115166665 1.6481345710417372e-06
    29.0    
0.32688769698143005 0.5229189991950989 0.3642401099205017 train 30.0 0.38235732674598694 0.1879951909929514 0.18986154533922672 1.2616507092388929e-06
    30.0    
0.32585832476615906 0.5252704620361328 0.370192289352417 train 31.0 0.3829665844142437 0.18832435458898544 0.19019323453307152 1.3132146250427468e-06
    31.0    
0.3186194598674774 0.5134983062744141 0.3687821924686432 train 32.0 0.3840557025372982 0.18880891971290112 0.19070498831570148 1.5088870668478194e-06
    32.0    
0.31959909200668335 0.5126917958259583 0.3661797344684601 train 33.0 0.3827841104567051 0.18819160543382168 0.19010137334465982 1.463894591324788e-06
    33.0    
0.3151354491710663 0.5066356062889099 0.36776041984558105 train 34.0 0.38310507997870447 0.1883215046674013 0.1903109510242939 1.3618234788737027e-06
    34.0    
0.31616562604904175 0.5013319849967957 0.3637855350971222 train 35.0 0.38309394016861914 0.18835376419126987 0.1902256364375353 1.4131370562608936e-06
    35.0    
0.308329313993454 0.503715455532074 0.3698415160179138 train 36.0 0.3827774080634117 0.1881514745950699 0.19012963742017747 1.3239148302091053e-06
    36.0    
0.3095414638519287 0.4918438792228699 0.3650067448616028 train 37.0 0.38218061938881875 0.18785784743726253 0.18981776818633078 1.2835539564548526e-06
    37.0    
0.3072611689567566 0.48424282670021057 0.3609998822212219 train 38.0 0.38278351083397866 0.18814799651503564 0.19011485546827317 1.3626616919282242e-06
    38.0    
0.30163419246673584 0.4916805028915405 0.36648255586624146 train 39.0 0.38308107510209083 0.1882498347759247 0.19032515920698642 1.4692598142573843e-06
    39.0    
0.29801875352859497 0.49228763580322266 0.36653077602386475 train 40.0 0.38242709517478946 0.18793719179928303 0.18997239105403424 1.4720168337589712e-06
    40.0    
0.3005993068218231 0.48400527238845825 0.36715319752693176 train 41.0 0.3831016141176224 0.18826720170676708 0.1903089541941881 1.3579398228102946e-06
    41.0    
0.30079445242881775 0.48114049434661865 0.3638448715209961 train 42.0 0.38309630200266837 0.18827021703124047 0.19031427547335625 9.775239959708415e-07
    42.0    
0.29199445247650146 0.4737569987773895 0.3649943768978119 train 43.0 0.3820710740983486 0.18776655703783035 0.18984498135745526 1.4046019032321055e-06
    43.0    
0.2960086762905121 0.4789479970932007 0.36387085914611816 train 44.0 0.3829319909214973 0.18817066542804242 0.19022122099995614 9.604463002688135e-07
    44.0    
0.29097238183021545 0.47368988394737244 0.3641611933708191 train 45.0 0.3825432689487934 0.1879459024965763 0.19007573544979095 1.203979877573147e-06
    45.0    
0.29105615615844727 0.47075456380844116 0.36197715997695923 train 46.0 0.3824709267914295 0.18799616776406766 0.18997131407260895 9.09909715574031e-07
    46.0    
0.2849673628807068 0.4652431905269623 0.36106204986572266 train 47.0 0.38286820307374003 0.18817235313355923 0.19018041305243968 1.6562487417104421e-06
    47.0    
0.28696298599243164 0.46967560052871704 0.36400240659713745 train 48.0 0.382927311360836 0.18814006552100182 0.1902299488335848 1.4582439007426728e-06
    48.0    
0.2871996760368347 0.47137650847435 0.3629174530506134 train 49.0 0.38230036675930024 0.18787333130836487 0.18992350071668626 1.3604102377939853e-06
    49.0    
0.28970232605934143 0.4625578820705414 0.36308664083480835 train 50.0 0.3827618183195591 0.18810111686587333 0.19010913029313087 1.3016108368901769e-06
    50.0    
0.29184773564338684 0.4600617289543152 0.36125969886779785 train 51.0 0.3825617370009422 0.18798601895570755 0.19008649535477162 9.415419413016934e-07
    51.0    
0.28773167729377747 0.4629066288471222 0.3652554452419281 train 52.0 0.38271907314658166 0.18807328388094902 0.1901286219060421 8.064027952059405e-07
    52.0    
0.28662291169166565 0.4578165113925934 0.36190685629844666 train 53.0 0.3822370466589928 0.18779665619134903 0.1899722547084093 1.31492197397165e-06
    53.0    
0.28362128138542175 0.45783838629722595 0.3641914427280426 train 54.0 0.3826814825832844 0.18805739127099513 0.19012313216924667 1.2450730082491646e-06
    54.0    
0.28256386518478394 0.4467197060585022 0.356974333524704 train 55.0 0.38255809858441353 0.18800870515406132 0.19002577267587184 1.2588313893502345e-06
    55.0    
0.282697468996048 0.45001932978630066 0.3577501177787781 train 56.0 0.38131972163915634 0.18737429603934289 0.1894760511815548 1.2083917226846097e-06
    56.0    
0.2863088846206665 0.45003095269203186 0.3606190085411072 train 57.0 0.3825670197606087 0.18801762759685517 0.19007431089878082 9.405399055140151e-07
    57.0    
0.28384196758270264 0.4424729347229004 0.3576408922672272 train 58.0 0.3825799643993378 0.1880251719802618 0.19010393835604192 1.3557273632613942e-06
    58.0    
0.2772480249404907 0.4476656913757324 0.36019521951675415 train 59.0 0.38266040965914727 0.18804788820445537 0.19011990264058112 1.1110195146102342e-06
    59.0    
0.27965691685676575 0.45032235980033875 0.36125150322914124 train 60.0 0.38227070569992067 0.1878352490067482 0.18996357440948486 1.2193986549391411e-06
    60.0    
0.2719811201095581 0.4430381655693054 0.3609541952610016 train 61.0 0.38269719660282137 0.18804789803922176 0.19017201982438564 1.046047714226006e-06
    61.0    
0.2742980718612671 0.4439336955547333 0.35770976543426514 train 62.0 0.3823880986869335 0.1878861502557993 0.19001713030040265 1.0182689038629178e-06
    62.0    
0.2741904556751251 0.43820634484291077 0.3583366870880127 train 63.0 0.3823964932560921 0.18787858620285988 0.18999448694288731 1.0696393246689695e-06
    63.0    
0.26936161518096924 0.4343298673629761 0.35805967450141907 train 64.0 0.3817330442368984 0.18758027777075767 0.18966832883656026 8.373206696887792e-07
    64.0    
0.26731082797050476 0.4432147145271301 0.35863399505615234 train 65.0 0.3827397985756397 0.18799139961600303 0.19025362707674504 9.960804163711146e-07
    65.0    
0.26365789771080017 0.43424561619758606 0.35892346501350403 train 66.0 0.38175118699669836 0.1875569336116314 0.18968849554657935 7.252237992361188e-07
    66.0    
0.26953405141830444 0.43776193261146545 0.36131876707077026 train 67.0 0.3820715522766113 0.18771442785859108 0.18983940660953522 8.608944881416392e-07
    67.0    
0.26754650473594666 0.4350071847438812 0.3559686243534088 train 68.0 0.3827242635190487 0.18805990427732466 0.1901423282176256 1.0561093404248822e-06
    68.0    
0.2650820016860962 0.43492114543914795 0.3567866384983063 train 69.0 0.38219551399350166 0.18776112228631972 0.1899136409908533 9.587386102793971e-07
    69.0    
0.26690325140953064 0.42908674478530884 0.3587140738964081 train 70.0 0.38142345651984216 0.18740787729620934 0.18954536251723766 7.668881494282687e-07
    70.0    
0.2633779048919678 0.4301309287548065 0.3601491153240204 train 71.0 0.3818893349170685 0.18761125922203065 0.1897919863462448 1.0086145039167604e-06
    71.0    
0.26430925726890564 0.43137210607528687 0.35519760847091675 train 72.0 0.3823692636191845 0.18784566670656205 0.19004109911620617 1.243951373908203e-06
    72.0    
0.26774436235427856 0.43680301308631897 0.35920190811157227 train 73.0 0.38194701001048087 0.18759857051074505 0.18982582993805408 9.736992296893732e-07
    73.0    
0.2607674300670624 0.42611977458000183 0.36026132106781006 train 74.0 0.38201573729515076 0.18768244959414004 0.18982592910528184 9.85146243692725e-07
    74.0    
0.26455000042915344 0.42323732376098633 0.35884857177734375 train 75.0 0.3826184183359146 0.187963135689497 0.19011799558997156 1.0336706282032537e-06
    75.0    
0.26506707072257996 0.4367782771587372 0.36099785566329956 train 76.0 0.38231962025165556 0.18781805835664273 0.189982528090477 7.890196798143734e-07
    76.0    
0.26256442070007324 0.43477508425712585 0.3623024523258209 train 77.0 0.3814024841785431 0.18735150262713432 0.18953996799886227 9.765864206201513e-07
    77.0    
0.26243895292282104 0.42109414935112 0.3524821996688843 train 78.0 0.38151920571923253 0.18739884935319423 0.18962446764111518 7.385094136225234e-07
    78.0    
0.26287853717803955 0.4160621464252472 0.3515107035636902 train 79.0 0.3814827774465084 0.18740717492997647 0.18958699651062488 9.378845788887702e-07
    79.0    
0.2568299472332001 0.4197457432746887 0.35672304034233093 train 80.0 0.38231897935271264 0.18782931208610534 0.18999485149979592 9.324775191998924e-07
    80.0    
0.26386314630508423 0.4271242320537567 0.35240909457206726 train 81.0 0.3816991353034973 0.1875561773777008 0.18961447395384312 8.868086638358363e-07
    81.0    
0.25796428322792053 0.4220564663410187 0.35632577538490295 train 82.0 0.3815344712138176 0.18747163973748684 0.18957535706460477 1.0335234037484042e-06
    82.0    
0.25838586688041687 0.42986059188842773 0.3556864559650421 train 83.0 0.38196226611733436 0.1875715459138155 0.189867707118392 1.223926005877729e-06
    83.0    
0.2547587752342224 0.4187367260456085 0.35112008452415466 train 84.0 0.38188237100839617 0.1875985285639763 0.1897683621942997 9.124730127041403e-07
    84.0    
0.2520756125450134 0.41852089762687683 0.35089853405952454 train 85.0 0.3822117894887924 0.18771580696105958 0.18996871195733547 8.336892278748564e-07
    85.0    
0.2508549094200134 0.4154168367385864 0.3477044403553009 train 86.0 0.38191681921482085 0.18754569746553898 0.18984446212649345 9.812803227760014e-07
    86.0    
0.2480221837759018 0.412508487701416 0.3510422110557556 train 87.0 0.38201745122671127 0.18762340486049653 0.18989192873239516 1.0258241900373832e-06
    87.0    
0.24935278296470642 0.41955482959747314 0.3518977761268616 train 88.0 0.3822591499984264 0.1876965755224228 0.1900503319501877 9.584836107023875e-07
    88.0    
0.2450517863035202 0.4073174297809601 0.3459490239620209 train 89.0 0.38179108142852786 0.1875101289153099 0.18976506359875203 1.2862569747085217e-06
    89.0    
0.24385307729244232 0.41211649775505066 0.3490902781486511 train 90.0 0.38232754468917846 0.18772613935172558 0.19004975885152817 1.0094985327668837e-06
    90.0    
0.24045705795288086 0.4104585647583008 0.3482688367366791 train 91.0 0.3821233995258808 0.18761965535581113 0.1899304724484682 1.3036961945545045e-06
    91.0    
0.24114760756492615 0.4096846580505371 0.3479863107204437 train 92.0 0.3818634758889675 0.1875123617053032 0.18979655399918557 1.0832013686012942e-06
    92.0    
0.241733118891716 0.4175780117511749 0.3501199185848236 train 93.0 0.38224066197872164 0.18771911948919295 0.18995745562016964 1.172365386992169e-06
    93.0    
0.24167998135089874 0.41034793853759766 0.34869199991226196 train 94.0 0.3809125719964504 0.18707963310182094 0.18928922198712825 1.0079593266709708e-06
    94.0    
0.24370171129703522 0.4113992750644684 0.3471544086933136 train 95.0 0.3814630289375782 0.1873595632612705 0.18955456838011742 1.0839404467333225e-06
    95.0    
0.2419467568397522 0.4008984863758087 0.34817609190940857 train 96.0 0.38152587845921515 0.18736673697829245 0.18961178079247476 9.408333880855935e-07
    96.0    
0.2413344830274582 0.4014938771724701 0.3481913208961487 train 97.0 0.3821678407490253 0.18768656969070435 0.18995390191674233 1.3798908184980974e-06
    97.0    
0.24447506666183472 0.4153714179992676 0.35054001212120056 train 98.0 0.3811628110706806 0.18718999132514 0.18943909876048565 8.698049782651651e-07
    98.0    
0.23809292912483215 0.4014010429382324 0.3442404866218567 train 99.0 0.3820651896297932 0.18768974676728248 0.1898359314352274 1.2107041129638674e-06
    99.0    
